5.01732517e-13
4.83758755e-13
4.68410097e-13
4.55197021e-13
4.43735232e-13
4.33711484e-13
4.24865221e-13
4.16978289e-13
4.09871687e-13
4.03399307e-13
3.97443768e-13
3.91912060e-13
3.86728184e-13
3.81832172e-13
3.77175572e-13
3.72717904e-13
3.68427809e-13
3.64275773e-13
3.60241787e-13
3.56304188e-13
3.52449114e-13
3.47977707e-13
3.41190433e-13
3.34315870e-13
3.27298471e-13
3.20200063e-13
3.13005496e-13
3.05661899e-13
2.98133948e-13
2.90586583e-13
2.83213371e-13
2.75390185e-13
2.67539047e-13
2.59251041e-13
2.51061232e-13
2.43094719e-13
2.34818589e-13
2.26225848e-13
2.18062339e-13
2.08877095e-13
2.00243683e-13
1.92231190e-13
1.83207848e-13
1.74215601e-13
1.65629322e-13
1.57187375e-13
1.48702974e-13
1.40205757e-13
1.31728065e-13
1.23304830e-13
1.14973336e-13
1.06792213e-13
9.90069830e-14
9.19301770e-14
8.43437251e-14
7.71253132e-14
7.04161633e-14
6.42906853e-14
5.79967475e-14
5.23074927e-14
4.73119122e-14
4.21903043e-14
3.74967204e-14
3.33117888e-14
2.94908812e-14
2.60225814e-14
2.30500045e-14
2.02074867e-14
1.76818479e-14
1.53282116e-14
1.33435029e-14
1.15888681e-14
1.00506530e-14
8.73354010e-15
7.49082622e-15
6.47350408e-15
5.53557673e-15
4.74111575e-15
4.06775643e-15
3.46033765e-15
2.93992721e-15
2.48104323e-15
2.09405235e-15
1.76676889e-15
1.47655355e-15
1.23323710e-15
1.02629955e-15
8.50585148e-16
7.03213781e-16
5.77720149e-16
4.73478990e-16
3.86737537e-16
3.14969158e-16
2.55955106e-16
2.07752499e-16
1.68660705e-16
1.37198666e-16
1.12075058e-16
9.21654672e-17
7.64745798e-17
