3.21110424e-21
3.05788451e-21
2.93000378e-21
2.82203247e-21
2.72991544e-21
2.65050413e-21
2.58129345e-21
2.52026574e-21
2.46581448e-21
2.41666048e-21
2.37179557e-21
2.33043231e-21
2.29193691e-21
2.25581392e-21
2.22166682e-21
2.18916805e-21
2.15806446e-21
2.12812244e-21
2.09918175e-21
2.07107397e-21
2.04368949e-21
2.01177092e-21
1.96266043e-21
1.91320584e-21
1.86300545e-21
1.81253136e-21
1.76168210e-21
1.71008403e-21
1.65749984e-21
1.60514100e-21
1.55439775e-21
1.50080468e-21
1.44740848e-21
1.39133905e-21
1.33639724e-21
1.28344032e-21
1.22876896e-21
1.17238422e-21
1.11940543e-21
1.05999525e-21
1.00484262e-21
9.54325682e-22
8.97628021e-22
8.41724398e-22
7.89043451e-22
7.37853809e-22
6.86968984e-22
6.36604157e-22
5.86987602e-22
5.38358722e-22
4.90965023e-22
4.45172462e-22
4.02415358e-22
3.64429005e-22
3.24198322e-22
2.86790471e-22
2.52914271e-22
2.22860410e-22
1.92618197e-22
1.66206847e-22
1.43896206e-22
1.21616058e-22
1.02035103e-22
8.53862846e-23
7.08995210e-23
5.84230589e-23
4.83801913e-23
3.92626967e-23
3.16936509e-23
2.50973326e-23
1.99976104e-23
1.58445606e-23
1.25081917e-23
9.90678366e-24
7.64330125e-24
5.98554854e-24
4.58841558e-24
3.52912820e-24
2.72504718e-24
2.06781292e-24
1.56535398e-24
1.16841677e-24
8.72472467e-25
6.51077962e-25
4.75816159e-25
3.47135268e-25
2.51078690e-25
1.79744249e-25
1.27783566e-25
8.93101191e-26
6.18848644e-26
4.23616866e-26
2.86362943e-26
1.91173664e-26
1.26126619e-26
8.23772331e-27
5.34453444e-27
3.46421268e-27
2.26266825e-27
1.50512126e-27
