1.62533243e+08
1.71340365e+08
1.80743335e+08
1.90794210e+08
2.01548860e+08
2.13049750e+08
2.25357778e+08
2.38542505e+08
2.52592832e+08
2.67612104e+08
2.83644911e+08
3.00751342e+08
3.18925315e+08
3.38288983e+08
3.58920445e+08
3.80795060e+08
4.04068272e+08
4.28796777e+08
4.55015031e+08
4.82912631e+08
5.12442485e+08
5.43840613e+08
5.77144978e+08
6.12477024e+08
6.50035050e+08
6.89793266e+08
7.32086247e+08
7.76886975e+08
8.24475498e+08
8.74994379e+08
9.28541970e+08
9.85504634e+08
1.04576611e+09
1.10986213e+09
1.17781565e+09
1.24993829e+09
1.32656580e+09
1.40771991e+09
1.49404807e+09
1.58545046e+09
1.68258990e+09
1.78566113e+09
1.89496771e+09
2.01125489e+09
2.13419521e+09
2.26503109e+09
2.40367058e+09
2.55089069e+09
2.70723034e+09
2.87289029e+09
3.04911307e+09
3.23560035e+09
3.43388320e+09
3.64416868e+09
3.86727795e+09
4.10441054e+09
4.35546533e+09
4.62252640e+09
4.90538736e+09
5.20588812e+09
5.52485325e+09
5.86298421e+09
6.22268223e+09
6.60316541e+09
7.00791131e+09
7.43697141e+09
7.89241424e+09
8.37626303e+09
8.88876401e+09
9.43395802e+09
1.00111910e+10
1.06247468e+10
1.12758241e+10
1.19664200e+10
1.27012243e+10
1.34784386e+10
1.43057271e+10
1.51831101e+10
1.61150639e+10
1.71062667e+10
1.81569751e+10
1.92756904e+10
2.04640408e+10
2.17273426e+10
2.30731762e+10
2.45043086e+10
2.60281085e+10
2.76529270e+10
2.93857898e+10
3.12344299e+10
3.32075485e+10
3.53150803e+10
3.75682840e+10
3.99794995e+10
4.25592179e+10
4.53225277e+10
4.82844610e+10
5.14599301e+10
5.48708210e+10
5.85398898e+10
