1.23484719e-27
1.47581859e-27
1.75374197e-27
2.07569284e-27
2.44925045e-27
2.88114345e-27
3.38101232e-27
3.96012265e-27
4.63059042e-27
5.40624586e-27
6.30370291e-27
7.34264200e-27
8.54621261e-27
9.94157240e-27
1.15550965e-26
1.34248902e-26
1.55958663e-26
1.81070445e-26
2.10216488e-26
2.44046393e-26
2.83201675e-26
3.28715480e-26
3.81402192e-26
4.42580000e-26
5.13583268e-26
5.95856801e-26
6.91526679e-26
8.02231543e-26
9.30908399e-26
1.08007694e-25
1.25311435e-25
1.45416837e-25
1.68691978e-25
1.95762934e-25
2.27110394e-25
2.63521828e-25
3.05773167e-25
3.54740384e-25
4.11686552e-25
4.77547771e-25
5.54144399e-25
6.42923541e-25
7.45956284e-25
8.65628977e-25
1.00420078e-24
1.16535039e-24
1.35187279e-24
1.56860904e-24
1.82005199e-24
2.11161316e-24
2.45060135e-24
2.84278106e-24
3.29884021e-24
3.82717679e-24
4.44050213e-24
5.15266457e-24
5.97769429e-24
6.93730222e-24
8.04766463e-24
9.33823866e-24
1.08346813e-23
1.25702389e-23
1.45872010e-23
1.69217082e-23
1.96369219e-23
2.27816564e-23
2.64337778e-23
3.06724253e-23
3.55839542e-23
4.12956029e-23
4.79027809e-23
5.55854733e-23
6.44916206e-23
7.48259661e-23
8.68314568e-23
1.00730541e-22
1.16893910e-22
1.35604887e-22
1.57341801e-22
1.82560966e-22
2.11792011e-22
2.45768876e-22
2.85037993e-22
3.30634438e-22
3.83353197e-22
4.44304538e-22
5.14747992e-22
5.95687234e-22
6.88781945e-22
7.95445354e-22
9.16999569e-22
1.05530411e-21
1.21206158e-21
1.38907007e-21
1.58844496e-21
1.81226653e-21
2.06303562e-21
2.34335450e-21
2.65649046e-21
3.00605647e-21
