1.62370577e+08
1.70584067e+08
1.78859943e+08
1.87167291e+08
1.95480398e+08
2.03785575e+08
2.12084795e+08
2.20396513e+08
2.28750427e+08
2.37184871e+08
2.45742405e+08
2.54466182e+08
2.63402848e+08
2.72597508e+08
2.82095502e+08
2.91944958e+08
3.02190387e+08
3.12886604e+08
3.24077446e+08
3.35822751e+08
3.48170676e+08
3.61861809e+08
3.78756467e+08
3.96830432e+08
4.16231794e+08
4.36993873e+08
4.59236757e+08
4.83138041e+08
5.08874141e+08
5.36371147e+08
5.65496011e+08
5.97252326e+08
6.31244065e+08
6.68279424e+08
7.07760109e+08
7.49640761e+08
7.95051106e+08
8.44310986e+08
8.96298591e+08
9.54185546e+08
1.01514646e+09
1.07918305e+09
1.15041773e+09
1.22697609e+09
1.30830776e+09
1.39541936e+09
1.48939423e+09
1.59074158e+09
1.70001188e+09
1.81779890e+09
1.94474111e+09
2.08142696e+09
2.22746980e+09
2.38215125e+09
2.55239788e+09
2.73504329e+09
2.93002277e+09
3.13778120e+09
3.36493801e+09
3.60684102e+09
3.86351339e+09
4.14437590e+09
4.44576138e+09
4.76750457e+09
5.11304487e+09
5.48408205e+09
5.87880580e+09
6.30665718e+09
6.76549408e+09
7.26193325e+09
7.79089687e+09
8.35874389e+09
8.96773221e+09
9.61827026e+09
1.03240573e+10
1.10743902e+10
1.18856449e+10
1.27527240e+10
1.36797492e+10
1.46788875e+10
1.57490916e+10
1.68999103e+10
1.81309974e+10
1.94478652e+10
2.08650942e+10
2.23803834e+10
2.40035140e+10
2.57415512e+10
2.76007056e+10
2.95924863e+10
3.17210659e+10
3.39960698e+10
3.64260395e+10
3.90197018e+10
4.17858127e+10
4.47332468e+10
4.78706062e+10
5.12064610e+10
5.47491974e+10
5.85081450e+10
