3.19707592e-21
3.00223714e-21
2.80973090e-21
2.61895624e-21
2.42991854e-21
2.24305347e-21
2.05917050e-21
1.87902595e-21
1.70459409e-21
1.53652710e-21
1.37624779e-21
1.22496714e-21
1.08424850e-21
9.54370823e-22
8.35805206e-22
7.29196906e-22
6.33907235e-22
5.49567665e-22
4.75592517e-22
4.10842972e-22
3.54701473e-22
3.05952249e-22
2.63821488e-22
2.27454318e-22
1.96031844e-22
1.69005480e-22
1.45650960e-22
1.25556398e-22
1.08217330e-22
9.32673551e-23
8.03965698e-23
6.92778626e-23
5.97253788e-23
5.14732220e-23
4.43680812e-23
3.82428013e-23
3.29572341e-23
2.84104874e-23
2.44823417e-23
2.11047729e-23
1.81894737e-23
1.56774783e-23
1.35138123e-23
1.16417748e-23
1.00392115e-23
8.65150689e-24
7.45727380e-24
6.42732714e-24
5.53916110e-24
4.77484883e-24
4.11455823e-24
3.54703664e-24
3.05689023e-24
2.63472701e-24
2.27095488e-24
1.95700231e-24
1.68708017e-24
1.45389304e-24
1.25330515e-24
1.08021008e-24
9.30986293e-25
8.02499664e-25
6.91498495e-25
5.96155002e-25
5.13775080e-25
4.42853645e-25
3.81705529e-25
3.28945033e-25
2.83553294e-25
2.44336267e-25
2.10616354e-25
1.81507189e-25
1.56423033e-25
1.34813115e-25
1.16118611e-25
1.00096512e-25
8.62240768e-26
7.42746470e-26
6.39649538e-26
5.50596778e-26
4.73917405e-26
4.07588371e-26
3.50345082e-26
3.00893720e-26
2.58085195e-26
2.21096253e-26
1.89090750e-26
1.61358464e-26
1.37326989e-26
1.16499039e-26
9.84442089e-27
8.27917428e-27
6.92242570e-27
5.74645307e-27
4.73154035e-27
3.85509392e-27
3.10111610e-27
2.45570315e-27
1.90517599e-27
1.43556013e-27
