5.00289540e-13
4.77913062e-13
4.55542798e-13
4.33112051e-13
4.10612743e-13
3.88080777e-13
3.65592833e-13
3.43216260e-13
3.21170634e-13
2.99512935e-13
2.78401131e-13
2.57974201e-13
2.38433372e-13
2.19819417e-13
2.02213769e-13
1.85748475e-13
1.70382166e-13
1.56130062e-13
1.42989125e-13
1.30865574e-13
1.19762674e-13
1.09563777e-13
1.00228313e-13
9.16866583e-14
8.38590694e-14
7.67161734e-14
7.01663171e-14
6.41856923e-14
5.87094757e-14
5.36989314e-14
4.91214499e-14
4.49250002e-14
4.10987962e-14
3.75908849e-14
3.43853349e-14
3.14525842e-14
2.87669277e-14
2.63153718e-14
2.40677964e-14
2.20169219e-14
2.01383017e-14
1.84202779e-14
1.68497689e-14
1.54081022e-14
1.40974140e-14
1.28936138e-14
1.17942547e-14
1.07880927e-14
9.86723698e-15
9.02620013e-15
8.25507035e-15
7.55167917e-15
6.90702788e-15
6.31781572e-15
5.77903528e-15
5.28554607e-15
4.83525089e-15
4.42238063e-15
4.04545269e-15
3.70027432e-15
3.38448678e-15
3.09595443e-15
2.83142954e-15
2.59029212e-15
2.36917749e-15
2.16714329e-15
1.98227844e-15
1.81300241e-15
1.65845883e-15
1.51676836e-15
1.38747785e-15
1.26902655e-15
1.16068895e-15
1.06162958e-15
9.70697473e-16
8.87935695e-16
8.11914539e-16
7.42412238e-16
6.78761492e-16
6.20391198e-16
5.67025742e-16
5.18006116e-16
4.73075172e-16
4.31845387e-16
3.93922808e-16
3.59093729e-16
3.27046260e-16
2.97499353e-16
2.70237290e-16
2.45060859e-16
2.21786484e-16
2.00245418e-16
1.80284173e-16
1.61758156e-16
1.44591087e-16
1.28644595e-16
1.13840067e-16
1.00109549e-16
8.73513850e-17
7.54261404e-17
