1.24135200e-27
1.50608198e-27
1.82968921e-27
2.22362027e-27
2.70226736e-27
3.28043928e-27
3.97750816e-27
4.81508735e-27
5.81826233e-27
7.01743382e-27
8.44554989e-27
1.01446546e-26
1.21621388e-26
1.45513522e-26
1.73797466e-26
2.07171512e-26
2.46550357e-26
2.92954253e-26
3.47669723e-26
4.11686154e-26
4.87057233e-26
5.75455501e-26
6.79125972e-26
8.00466996e-26
9.43691756e-26
1.10897530e-25
1.30323644e-25
1.53030839e-25
1.79555727e-25
2.10521967e-25
2.46654571e-25
2.88796600e-25
3.37928658e-25
3.95191648e-25
4.61913343e-25
5.39639424e-25
6.30169733e-25
7.35600634e-25
8.58813290e-25
1.00084893e-24
1.16679455e-24
1.35991539e-24
1.58466800e-24
1.84844688e-24
2.14896960e-24
2.50180476e-24
2.91228100e-24
3.38809625e-24
3.94121926e-24
4.58437866e-24
5.33990122e-24
6.19558042e-24
7.20091884e-24
8.37992159e-24
9.71475241e-24
1.12794813e-23
1.31135213e-23
1.51782893e-23
1.75960610e-23
2.03800439e-23
2.35882021e-23
2.72841788e-23
3.15206593e-23
3.63820180e-23
4.19544425e-23
4.83896601e-23
5.55711933e-23
6.38432128e-23
7.32542224e-23
8.40000207e-23
9.60179037e-23
1.09704735e-22
1.25169296e-22
1.42615819e-22
1.62271521e-22
1.84479867e-22
2.09234077e-22
2.37112624e-22
2.68384455e-22
3.03544214e-22
3.42574554e-22
3.86539930e-22
4.35325766e-22
4.90096392e-22
5.51035775e-22
6.18940751e-22
6.94753312e-22
7.79244831e-22
8.73496814e-22
9.78460245e-22
1.09521753e-21
1.22552106e-21
1.37081554e-21
1.53304714e-21
1.71415383e-21
1.91678573e-21
2.14089088e-21
2.39250041e-21
2.68065113e-21
3.01251614e-21
