4.46692754e-21
5.76284884e-21
7.36633041e-21
9.35573315e-21
1.18192129e-20
1.48724283e-20
1.86476638e-20
2.33276916e-20
2.91256494e-20
3.63099026e-20
4.52176275e-20
5.62710982e-20
6.99965211e-20
8.70472993e-20
1.08205347e-19
1.34477252e-19
1.67130614e-19
2.07727904e-19
2.58196325e-19
3.20819937e-19
3.98659546e-19
4.95429361e-19
6.15759425e-19
7.65161798e-19
9.50775355e-19
1.18150872e-18
1.46836922e-18
1.82483778e-18
2.26742521e-18
2.81766199e-18
3.50171766e-18
4.35209216e-18
5.40761693e-18
6.71953277e-18
8.35067762e-18
1.03786893e-17
1.28972835e-17
1.60251254e-17
1.99140198e-17
2.47496714e-17
3.07610597e-17
3.82200639e-17
4.74921019e-17
5.90203682e-17
7.33560663e-17
9.11542889e-17
1.13265037e-16
1.40751169e-16
1.74926734e-16
2.17398216e-16
2.70127539e-16
3.35675891e-16
4.17163455e-16
5.18470176e-16
6.44229181e-16
8.00531794e-16
9.94850426e-16
1.23643426e-15
1.53647102e-15
1.90911902e-15
2.37244540e-15
2.94852341e-15
3.66460306e-15
4.55314160e-15
5.65775514e-15
7.03124077e-15
8.73913328e-15
1.08593503e-14
1.34932792e-14
1.67678221e-14
2.08396476e-14
2.58998006e-14
3.21814999e-14
3.99898791e-14
4.96973606e-14
6.17668626e-14
7.67491376e-14
9.53689586e-14
1.18515762e-13
1.47293468e-13
1.83037556e-13
2.27435333e-13
2.82634335e-13
3.51260299e-13
4.36561725e-13
5.42408951e-13
6.73980377e-13
8.37487640e-13
1.04052391e-12
1.29191633e-12
1.60259678e-12
1.98533729e-12
2.45431780e-12
3.02510851e-12
3.71477035e-12
4.54175542e-12
5.52663779e-12
6.69237116e-12
8.06671580e-12
9.68143078e-12
