1.06937793e-11
1.00196027e-11
9.49418277e-12
9.07633012e-12
8.73839860e-12
8.46073910e-12
8.22878962e-12
8.03152434e-12
7.86068095e-12
7.71004894e-12
7.57507846e-12
7.45232602e-12
7.33926895e-12
7.23394098e-12
7.13483984e-12
7.04086571e-12
6.95102190e-12
6.82003490e-12
6.61239972e-12
6.40211102e-12
6.18442239e-12
5.96805824e-12
5.74447294e-12
5.52667359e-12
5.29548167e-12
5.06612579e-12
4.83164021e-12
4.59565578e-12
4.36229391e-12
4.11604258e-12
3.87838240e-12
3.63116158e-12
3.39929303e-12
3.16195975e-12
2.92028512e-12
2.67565566e-12
2.45738699e-12
2.24051705e-12
2.02668259e-12
1.81763267e-12
1.61518999e-12
1.42119595e-12
1.24131363e-12
1.08852596e-12
9.28364056e-13
8.01933441e-13
6.69083811e-13
5.54996578e-13
4.62788355e-13
3.74854916e-13
3.07570584e-13
2.43353980e-13
1.97141379e-13
1.53147331e-13
1.19278317e-13
9.39980883e-14
7.16861467e-14
5.51128636e-14
4.28860420e-14
3.24032312e-14
2.45422150e-14
1.86394825e-14
1.44099720e-14
1.08349524e-14
8.14072885e-15
6.11186915e-15
4.58502054e-15
3.43663745e-15
2.57341755e-15
1.92495789e-15
1.40434488e-15
1.03859381e-15
7.71496953e-16
5.61977392e-16
4.11796886e-16
2.99043713e-16
2.18381035e-16
1.56066244e-16
1.11832390e-16
7.96409854e-17
5.63363123e-17
3.96410842e-17
2.75643612e-17
1.90359686e-17
1.30213398e-17
8.81331864e-18
5.89554905e-18
3.89354726e-18
2.53454716e-18
1.62382762e-18
1.02708836e-18
6.30762627e-19
3.80881739e-19
2.24602171e-19
1.29031153e-19
7.21832299e-20
3.93568633e-20
2.10407169e-20
1.11581853e-20
6.03068137e-21
