4.51719780e-21
6.00013259e-21
7.97929636e-21
1.06014172e-20
1.40464548e-20
1.85476105e-20
2.43866618e-20
3.19462702e-20
4.16561411e-20
5.40521979e-20
6.99099417e-20
9.00951418e-20
1.15784596e-19
1.48172475e-19
1.89183870e-19
2.40934092e-19
3.06130948e-19
3.88185132e-19
4.91147591e-19
6.20439252e-19
7.82474492e-19
9.85557667e-19
1.23940647e-18
1.55706189e-18
1.95596328e-18
2.45014641e-18
3.06886154e-18
3.84095163e-18
4.80398051e-18
6.00467210e-18
7.50114494e-18
9.36569286e-18
1.16882455e-17
1.45806750e-17
1.81821573e-17
2.26658441e-17
2.82497562e-17
3.52293286e-17
4.38181955e-17
5.45584784e-17
6.79199220e-17
8.45418202e-17
1.05219596e-16
1.30991011e-16
1.62871967e-16
2.02592792e-16
2.51990010e-16
3.13423329e-16
3.89829045e-16
4.85568141e-16
6.02610893e-16
7.49240627e-16
9.31575617e-16
1.15839670e-15
1.44287565e-15
1.78956123e-15
2.22455183e-15
2.76544322e-15
3.44036098e-15
4.27204859e-15
5.30955558e-15
6.59948387e-15
8.20331543e-15
1.02127010e-14
1.26665546e-14
1.57392011e-14
1.95560361e-14
2.43093953e-14
3.01569118e-14
3.74233979e-14
4.64127258e-14
5.75129873e-14
7.12580020e-14
8.79426252e-14
1.08485725e-13
1.33566403e-13
1.64079282e-13
2.01065647e-13
2.45735115e-13
2.99493028e-13
3.63975645e-13
4.41541010e-13
5.32987048e-13
6.42541530e-13
7.71658147e-13
9.25157093e-13
1.10538888e-12
1.31815616e-12
1.56913812e-12
1.86242634e-12
2.20671638e-12
2.61063229e-12
3.08417762e-12
3.63804131e-12
4.28755384e-12
5.04962562e-12
5.94498907e-12
6.99736208e-12
8.22700734e-12
9.72746095e-12
