1.05912897e-11
9.62893870e-12
8.67956988e-12
7.74371416e-12
6.82885260e-12
5.94578887e-12
5.10860812e-12
4.33036003e-12
3.62433531e-12
2.99919265e-12
2.45858404e-12
2.00096719e-12
1.62037213e-12
1.30816971e-12
1.05446103e-12
8.49109066e-13
6.83412937e-13
5.49918853e-13
4.42619775e-13
3.56219530e-13
2.86650009e-13
2.30646221e-13
1.85616437e-13
1.49396816e-13
1.20231207e-13
9.67468353e-14
7.78177213e-14
6.26556791e-14
5.04246125e-14
4.05764879e-14
3.26475050e-14
2.62740755e-14
2.11451502e-14
1.70161583e-14
1.36921757e-14
1.10181552e-14
8.86774985e-15
7.13633290e-15
5.74251461e-15
4.62051823e-15
3.71900222e-15
2.99300297e-15
2.40846830e-15
1.93793104e-15
1.55962629e-15
1.25525009e-15
1.01014441e-15
8.12801529e-16
6.54019454e-16
5.26394932e-16
4.23631948e-16
3.40888727e-16
2.74274129e-16
2.20740743e-16
1.77654875e-16
1.42966197e-16
1.15037518e-16
9.25722769e-17
7.45042725e-17
5.99574911e-17
4.82467354e-17
3.88140350e-17
3.12448521e-17
2.51448364e-17
2.02340085e-17
1.62810256e-17
1.31030914e-17
1.05456762e-17
8.48636102e-18
6.82850427e-18
5.49481188e-18
4.42260636e-18
3.55920387e-18
2.86400840e-18
2.30436690e-18
1.85469990e-18
1.49270483e-18
1.20121680e-18
9.66506710e-19
7.77727382e-19
6.25865664e-19
5.03576845e-19
4.05095185e-19
3.25742966e-19
2.62007136e-19
2.10605883e-19
1.69168217e-19
1.35743381e-19
1.08760648e-19
8.69677497e-20
6.93407769e-20
5.50621059e-20
4.34868725e-20
3.40942034e-20
2.64626571e-20
2.02793864e-20
1.52754473e-20
1.12450822e-20
8.02340897e-21
5.47081534e-21
