2.58521415e-07
2.46165399e-07
2.36253487e-07
2.28186682e-07
2.21540694e-07
2.15995013e-07
2.11303689e-07
2.07270307e-07
2.03743402e-07
2.00609939e-07
1.97779128e-07
1.95190990e-07
1.92790769e-07
1.90539991e-07
1.88412588e-07
1.86386558e-07
1.84440925e-07
1.82559154e-07
1.80729918e-07
1.78945867e-07
1.77198939e-07
1.75480640e-07
1.73782293e-07
1.72100902e-07
1.70436161e-07
1.68775692e-07
1.67124408e-07
1.65475187e-07
1.63820602e-07
1.62169166e-07
1.60512404e-07
1.58845803e-07
1.57168115e-07
1.55478067e-07
1.53779846e-07
1.52067243e-07
1.50337585e-07
1.48589556e-07
1.46821827e-07
1.45033052e-07
1.43221875e-07
1.41386924e-07
1.39526811e-07
1.37640135e-07
1.35725476e-07
1.33781395e-07
1.31806436e-07
1.29799121e-07
1.27757949e-07
1.25681395e-07
1.23567911e-07
1.21415922e-07
1.19223825e-07
1.16989988e-07
1.14712753e-07
1.12390429e-07
1.10021298e-07
1.07603611e-07
1.05135591e-07
1.02615434e-07
1.00041311e-07
9.74113701e-08
9.47237409e-08
9.19765421e-08
8.91678888e-08
8.62959042e-08
8.33613279e-08
8.03689375e-08
7.73096324e-08
7.41818882e-08
7.09843371e-08
6.77218081e-08
6.44032917e-08
6.10146616e-08
5.75666470e-08
5.40672647e-08
5.05117885e-08
4.69169828e-08
4.32881522e-08
3.96331147e-08
3.59694168e-08
3.23155508e-08
2.86916086e-08
2.51203447e-08
2.16324187e-08
1.82625527e-08
1.50522581e-08
1.20447695e-08
9.28930138e-09
6.83737214e-09
4.73852411e-09
3.03412658e-09
1.74713903e-09
8.70377200e-10
3.54947273e-10
1.10026318e-10
2.42515606e-11
4.37401460e-12
1.29279063e-12
7.26586319e-13
