2.56113147e+04
2.76834452e+04
2.99667725e+04
3.24879663e+04
3.52705112e+04
3.83393785e+04
4.17166584e+04
4.54308581e+04
4.95037522e+04
5.39633946e+04
5.88414886e+04
6.41729768e+04
6.99965014e+04
7.63503779e+04
8.32761156e+04
9.08345007e+04
9.90833028e+04
1.08085795e+05
1.17891239e+05
1.28589782e+05
1.40264791e+05
1.53006044e+05
1.66895337e+05
1.82038033e+05
1.98562959e+05
2.16596849e+05
2.36279612e+05
2.57705123e+05
2.81095098e+05
3.06620676e+05
3.34477461e+05
3.64828407e+05
3.97933843e+05
4.34061732e+05
4.73489215e+05
5.16482488e+05
5.63339816e+05
6.14473790e+05
6.70277521e+05
7.31179568e+05
7.97503051e+05
8.69877993e+05
9.48860200e+05
1.03505741e+06
1.12900650e+06
1.23144887e+06
1.34324131e+06
1.46524208e+06
1.59832283e+06
1.74332173e+06
1.90155443e+06
2.07423258e+06
2.26268155e+06
2.46797508e+06
2.69193419e+06
2.93634087e+06
3.20306840e+06
3.49387453e+06
3.81086619e+06
4.15679440e+06
4.53431493e+06
4.94633381e+06
5.39493624e+06
5.88455274e+06
6.41887291e+06
7.00200500e+06
7.63748327e+06
8.33049710e+06
9.08676360e+06
9.91209644e+06
1.08122640e+07
1.17931696e+07
1.28635908e+07
1.40317352e+07
1.53065899e+07
1.66952245e+07
1.82103552e+07
1.98638571e+07
2.16684414e+07
2.36357959e+07
2.57808625e+07
2.81221351e+07
3.06778334e+07
3.34680391e+07
3.65082526e+07
3.98292381e+07
4.34578563e+07
4.74244160e+07
5.17627191e+07
5.65086860e+07
6.17074816e+07
6.74110152e+07
7.36734931e+07
8.05582797e+07
8.81451641e+07
9.65065510e+07
1.05740580e+08
1.15950898e+08
1.27256768e+08
1.39804379e+08
