2.55535897e+04
2.74102355e+04
2.92775244e+04
3.11398881e+04
3.29833737e+04
3.47989878e+04
3.65849393e+04
3.83469471e+04
4.00955917e+04
4.18448210e+04
4.36089383e+04
4.54033002e+04
4.72422251e+04
4.91408617e+04
5.11143055e+04
5.31763588e+04
5.53443815e+04
5.80336689e+04
6.16677079e+04
6.56583983e+04
7.00948295e+04
7.49304851e+04
8.03097367e+04
8.61274952e+04
9.26922197e+04
9.98750662e+04
1.07854195e+05
1.16664601e+05
1.26325784e+05
1.37250362e+05
1.49141766e+05
1.62538623e+05
1.76989738e+05
1.93185501e+05
2.11344418e+05
2.31722227e+05
2.53450032e+05
2.77673975e+05
3.04668473e+05
3.34738800e+05
3.68223983e+05
4.05499560e+05
4.46613620e+05
4.90677547e+05
5.41629281e+05
5.95366617e+05
6.57821463e+05
7.26322501e+05
8.00180107e+05
8.84300484e+05
9.74336399e+05
1.07759509e+06
1.18719453e+06
1.31337494e+06
1.45136928e+06
1.60115882e+06
1.77150360e+06
1.95759885e+06
2.16058607e+06
2.39053559e+06
2.64398318e+06
2.92332863e+06
3.22771657e+06
3.57148502e+06
3.95192088e+06
4.37293969e+06
4.83888689e+06
5.35459017e+06
5.92541985e+06
6.55735852e+06
7.26721690e+06
8.04680724e+06
8.90691840e+06
9.86866814e+06
1.09301226e+07
1.21091740e+07
1.34108456e+07
1.48652461e+07
1.64719323e+07
1.82541034e+07
2.02307761e+07
2.24212882e+07
2.48527711e+07
2.75482369e+07
3.05349690e+07
3.38458256e+07
3.75150045e+07
4.15781987e+07
4.60782404e+07
5.10586871e+07
5.65631204e+07
6.26587409e+07
6.93864923e+07
7.68110236e+07
8.49952603e+07
9.40049098e+07
1.03907236e+08
1.14768702e+08
1.26658293e+08
1.39639479e+08
