2.56884735e-07
2.39746726e-07
2.22552754e-07
2.05288026e-07
1.88060028e-07
1.71036788e-07
1.54449114e-07
1.38509547e-07
1.23465244e-07
1.09502153e-07
9.67409680e-08
8.52308539e-08
7.49547476e-08
6.58554099e-08
5.78336926e-08
5.07738009e-08
4.45690319e-08
3.91151791e-08
3.43426912e-08
3.01464807e-08
2.64614510e-08
2.32258482e-08
2.03889128e-08
1.78986768e-08
1.57113875e-08
1.37904246e-08
1.21001786e-08
1.06264550e-08
9.32805452e-09
8.18766215e-09
7.18617440e-09
6.30848181e-09
5.53779625e-09
4.86099703e-09
4.26661649e-09
3.74522312e-09
3.28773100e-09
2.88598177e-09
2.53319164e-09
2.22303848e-09
1.95193603e-09
1.71343434e-09
1.50399695e-09
1.32009389e-09
1.15885558e-09
1.01728873e-09
8.92950702e-10
7.83764851e-10
6.87973000e-10
6.03949223e-10
5.30148684e-10
4.65332409e-10
4.08407836e-10
3.58546115e-10
3.14746182e-10
2.76278055e-10
2.42493204e-10
2.12862687e-10
1.86861096e-10
1.64027105e-10
1.43974075e-10
1.26336440e-10
1.10936591e-10
9.73813821e-11
8.54784843e-11
7.50262037e-11
6.58627527e-11
5.78163162e-11
5.07498152e-11
4.45447945e-11
3.91014091e-11
3.43256978e-11
3.01310357e-11
2.64473123e-11
2.32109935e-11
2.03789423e-11
1.78893455e-11
1.57025835e-11
1.37819934e-11
1.20977395e-11
1.06193115e-11
9.32059709e-12
8.17959114e-12
7.17562170e-12
6.29806697e-12
5.52477887e-12
4.84441564e-12
4.24527215e-12
3.71708679e-12
3.25118449e-12
2.83907781e-12
2.47374760e-12
2.14913983e-12
1.86011051e-12
1.60164129e-12
1.37090263e-12
1.16391399e-12
9.78258771e-13
8.11804182e-13
6.62246931e-13
