2.92500079e-22
3.33239449e-22
3.78888257e-22
4.30168243e-22
4.87841884e-22
5.52615538e-22
6.25336576e-22
7.07170433e-22
7.99173340e-22
9.02538353e-22
1.01869024e-21
1.14928701e-21
1.29623096e-21
1.46168944e-21
1.64759793e-21
1.85671545e-21
2.09247318e-21
2.35737700e-21
2.65575335e-21
2.99215183e-21
3.36998754e-21
3.79637236e-21
4.27577782e-21
4.81592483e-21
5.42475015e-21
6.10922244e-21
6.88188006e-21
7.75003944e-21
8.72926463e-21
9.83175540e-21
1.10726636e-20
1.24728983e-20
1.40456134e-20
1.58211175e-20
1.78177793e-20
2.00680503e-20
2.26040413e-20
2.54558380e-20
2.86751749e-20
3.22910195e-20
3.63711051e-20
4.09635947e-20
4.61348407e-20
5.19681763e-20
5.85220865e-20
6.59206745e-20
7.42373367e-20
8.36135202e-20
9.41769688e-20
1.06060990e-19
1.19478175e-19
1.34542092e-19
1.51545507e-19
1.70676422e-19
1.92224316e-19
2.16522508e-19
2.43833052e-19
2.74666173e-19
3.09314886e-19
3.48390819e-19
3.92395858e-19
4.41915803e-19
4.97805331e-19
5.60567101e-19
6.31421175e-19
7.11116026e-19
8.00917255e-19
9.02139639e-19
1.01594678e-18
1.14441795e-18
1.28874293e-18
1.45156621e-18
1.63487046e-18
1.84123938e-18
2.07407252e-18
2.33562119e-18
2.63087555e-18
2.96282332e-18
3.33698651e-18
3.75858609e-18
4.23276529e-18
4.76799884e-18
5.36889982e-18
6.04659130e-18
6.80863983e-18
7.66534508e-18
8.62988091e-18
9.70986751e-18
1.09226972e-17
1.22817865e-17
1.37995733e-17
1.54943206e-17
1.73832293e-17
1.94840725e-17
2.18187273e-17
2.44076850e-17
2.72760861e-17
3.04503208e-17
3.39623930e-17
3.78464570e-17
