5.00290716e-13
4.77913502e-13
4.55543632e-13
4.33123754e-13
4.10620025e-13
3.88097137e-13
3.65610946e-13
3.43230338e-13
3.21191010e-13
2.99536514e-13
2.78425557e-13
2.57979213e-13
2.38466762e-13
2.19849188e-13
2.02239618e-13
1.85779400e-13
1.70408270e-13
1.56159337e-13
1.43013489e-13
1.30884176e-13
1.19784541e-13
1.09581624e-13
1.00247572e-13
9.17023910e-14
8.38758886e-14
7.67299575e-14
7.01774801e-14
6.41977437e-14
5.87192845e-14
5.37094499e-14
4.91300464e-14
4.49264091e-14
4.11063119e-14
3.75969810e-14
3.43918976e-14
3.14579347e-14
2.87726520e-14
2.63200583e-14
2.40715858e-14
2.20210164e-14
2.01416284e-14
1.84238496e-14
1.68526852e-14
1.54081074e-14
1.40999671e-14
1.28956828e-14
1.17964846e-14
1.07899079e-14
9.86918089e-15
9.02778996e-15
8.25609431e-15
7.55307016e-15
6.90815756e-15
6.31903037e-15
5.78002590e-15
5.28660437e-15
4.83611769e-15
4.42308225e-15
4.04621035e-15
3.70089080e-15
3.38514809e-15
3.09649477e-15
2.83143284e-15
2.59076455e-15
2.36956057e-15
2.16755579e-15
1.98261465e-15
1.81336215e-15
1.65875325e-15
1.51700632e-15
1.38773492e-15
1.26923529e-15
1.16091289e-15
1.06181227e-15
9.70697966e-16
8.88095146e-16
8.12043645e-16
7.42550796e-16
6.78874159e-16
6.20510992e-16
5.67123601e-16
5.18085429e-16
4.73159728e-16
4.31914422e-16
3.93978996e-16
3.59153278e-16
3.27095213e-16
2.97539768e-16
2.70270931e-16
2.45089154e-16
2.21810501e-16
2.00265845e-16
1.80301328e-16
1.61758161e-16
1.44601173e-16
1.28651542e-16
1.13844871e-16
1.00111590e-16
8.73520463e-17
7.54262389e-17
