1.29120390e-27
1.59426296e-27
1.94398167e-27
2.34980228e-27
2.81966671e-27
3.36415758e-27
3.99417375e-27
4.72136155e-27
5.56169791e-27
6.53264119e-27
7.65443452e-27
8.95085531e-27
1.04493166e-26
1.21807828e-26
1.41838534e-26
1.65034597e-26
1.91874689e-26
2.22971018e-26
2.59026649e-26
3.00769807e-26
3.49193494e-26
4.05319443e-26
4.70400346e-26
5.45928708e-26
6.33470707e-26
7.35112124e-26
8.52965064e-26
9.89719801e-26
1.14839314e-25
1.33237977e-25
1.54584761e-25
1.79364161e-25
2.08117442e-25
2.41473749e-25
2.80174104e-25
3.25096010e-25
3.77170383e-25
4.37631640e-25
5.07733465e-25
5.89103128e-25
6.83527737e-25
7.93053128e-25
9.20231568e-25
1.06762081e-24
1.23874305e-24
1.43720276e-24
1.66748637e-24
1.93480003e-24
2.24479127e-24
2.60407839e-24
3.02212579e-24
3.50655192e-24
4.06852026e-24
4.72035504e-24
5.47717504e-24
6.35452261e-24
7.37335721e-24
8.55493255e-24
9.92605603e-24
1.15171151e-23
1.33619722e-23
1.55018717e-23
1.79872906e-23
2.08705017e-23
2.42154338e-23
2.80961555e-23
3.26009486e-23
3.78228223e-23
4.38856730e-23
5.09154375e-23
5.90748101e-23
6.85435865e-23
7.95263422e-23
9.22776560e-23
1.07059463e-22
1.24218676e-22
1.44118837e-22
1.67206827e-22
1.94002399e-22
2.25061451e-22
2.61020455e-22
3.02818577e-22
3.51114085e-22
4.06904335e-22
4.71183789e-22
5.45034599e-22
6.29582481e-22
7.25848757e-22
8.34861225e-22
9.57498494e-22
1.09460225e-21
1.24683915e-21
1.41479562e-21
1.59892313e-21
1.79990742e-21
2.01803069e-21
2.25399627e-21
2.50835913e-21
2.78241182e-21
3.07764848e-21
