3.98030631e-17
3.78202369e-17
3.61245012e-17
3.46600801e-17
3.33842576e-17
3.22633680e-17
3.12704763e-17
3.03831687e-17
2.95833246e-17
2.88559158e-17
2.81886800e-17
2.75718636e-17
2.69973450e-17
2.64583766e-17
2.59493339e-17
2.54663541e-17
2.50056684e-17
2.45633916e-17
2.41378173e-17
2.37266683e-17
2.33277405e-17
2.29392647e-17
2.25599393e-17
2.21891813e-17
2.18252826e-17
2.14674431e-17
2.11153785e-17
2.07676597e-17
2.04232616e-17
2.00832556e-17
1.97449937e-17
1.94101705e-17
1.90765414e-17
1.87443894e-17
1.84139708e-17
1.80840435e-17
1.77544178e-17
1.74249019e-17
1.70957858e-17
1.67665134e-17
1.64366744e-17
1.61060958e-17
1.57746112e-17
1.54420616e-17
1.51082971e-17
1.47731775e-17
1.44365734e-17
1.40983670e-17
1.37584528e-17
1.34167387e-17
1.30731460e-17
1.27276107e-17
1.23800833e-17
1.20305300e-17
1.16789327e-17
1.13252896e-17
1.09696161e-17
1.06119447e-17
1.02523267e-17
9.89083225e-18
9.52755224e-18
9.16259959e-18
8.79629409e-18
8.42901267e-18
8.06059832e-18
7.69127017e-18
7.32128464e-18
6.95156380e-18
6.58206950e-18
6.21297102e-18
5.84566075e-18
5.47969844e-18
5.11661903e-18
4.75650622e-18
4.40031870e-18
4.04907913e-18
3.70368445e-18
3.36517448e-18
3.03477937e-18
2.71369659e-18
2.40334812e-18
2.10523796e-18
1.82095751e-18
1.55217952e-18
1.30070068e-18
1.06826310e-18
8.56646536e-19
6.67549018e-19
5.02404934e-19
3.62326896e-19
2.47801274e-19
1.58561705e-19
9.32444669e-20
4.92555702e-20
2.27501766e-20
8.98751577e-21
3.10662400e-21
1.10744897e-21
5.30687432e-22
3.42047830e-22
