1.27484075e+04
1.30908528e+04
1.34464382e+04
1.38164334e+04
1.42013641e+04
1.46024087e+04
1.50186447e+04
1.54513932e+04
1.59007282e+04
1.63670264e+04
1.68503802e+04
1.73510984e+04
1.78684115e+04
1.84030005e+04
1.89557307e+04
1.95253529e+04
2.01131871e+04
2.07196202e+04
2.13438565e+04
2.19881243e+04
2.26509096e+04
2.33343761e+04
2.40384352e+04
2.47633659e+04
2.55114291e+04
2.62801105e+04
2.70734563e+04
2.78899739e+04
2.87313937e+04
2.95986312e+04
3.04910386e+04
3.14118247e+04
3.23586955e+04
3.33353126e+04
3.43410303e+04
3.53768413e+04
3.64458318e+04
3.75436065e+04
3.86770984e+04
3.98433472e+04
4.10455682e+04
4.22843167e+04
4.35594367e+04
4.48750959e+04
4.62275675e+04
4.76229408e+04
4.90594310e+04
5.05393936e+04
5.20651804e+04
5.36348833e+04
5.52544804e+04
5.69203353e+04
5.86380359e+04
6.04073470e+04
6.22291284e+04
6.41090559e+04
6.60406530e+04
6.80343353e+04
7.00861751e+04
7.22006738e+04
7.43799747e+04
7.66226107e+04
7.89365643e+04
8.13159957e+04
8.37702703e+04
8.62976149e+04
8.89006876e+04
9.15871977e+04
9.43459816e+04
9.71946767e+04
1.00125781e+05
1.03147474e+05
1.06261247e+05
1.09466762e+05
1.12774582e+05
1.16176010e+05
1.19685891e+05
1.23301273e+05
1.27027111e+05
1.30873797e+05
1.34829793e+05
1.38916429e+05
1.43130269e+05
1.47477053e+05
1.51968047e+05
1.56602315e+05
1.61390231e+05
1.66341526e+05
1.71462897e+05
1.76762159e+05
1.82247982e+05
1.87929452e+05
1.93820089e+05
1.99930282e+05
2.06271724e+05
2.12855905e+05
2.19693533e+05
2.26806651e+05
2.34206145e+05
2.41923560e+05
