4.97239349e-13
4.72104803e-13
4.47310746e-13
4.22782530e-13
3.98517107e-13
3.74541254e-13
3.51003813e-13
3.27940765e-13
3.05470599e-13
2.83699457e-13
2.62745363e-13
2.42708394e-13
2.23713530e-13
2.05807113e-13
1.89012598e-13
1.73390636e-13
1.58901100e-13
1.45514043e-13
1.33206227e-13
1.21884086e-13
1.11517930e-13
1.02013755e-13
9.33151406e-14
8.53602216e-14
7.80662931e-14
7.14200330e-14
6.53242191e-14
5.97532228e-14
5.46555077e-14
4.99905453e-14
4.57285245e-14
4.18242482e-14
3.82595326e-14
3.49947592e-14
3.20094099e-14
2.92791532e-14
2.67732431e-14
2.44964138e-14
2.24052511e-14
2.04949977e-14
1.87465487e-14
1.71468917e-14
1.56847101e-14
1.43451090e-14
1.31223732e-14
1.20022722e-14
1.09785173e-14
1.00420489e-14
9.18484069e-15
8.40177469e-15
7.68434399e-15
7.02912219e-15
6.42924002e-15
5.88065654e-15
5.37916715e-15
4.91938086e-15
4.50060305e-15
4.11645195e-15
3.76539215e-15
3.44414419e-15
3.15017670e-15
2.88158995e-15
2.63554838e-15
2.41091340e-15
2.20517287e-15
2.01704599e-15
1.84498667e-15
1.68704910e-15
1.54357508e-15
1.41178111e-15
1.29138420e-15
1.18117698e-15
1.08033688e-15
9.88149434e-16
9.03673527e-16
8.26534360e-16
7.55847215e-16
6.91188529e-16
6.32007552e-16
5.77682765e-16
5.28148085e-16
4.82623417e-16
4.40900504e-16
4.02636022e-16
3.67479434e-16
3.35206538e-16
3.05529511e-16
2.78199636e-16
2.53012237e-16
2.29770880e-16
2.08311965e-16
1.88506419e-16
1.70165076e-16
1.53182003e-16
1.37446244e-16
1.22862492e-16
1.09351109e-16
9.68220383e-17
8.52027056e-17
7.43495770e-17
