3.99535687e-17
3.78044101e-17
3.56699557e-17
3.35446276e-17
3.14256925e-17
2.93201272e-17
2.72342747e-17
2.51758794e-17
2.31679737e-17
2.12158636e-17
1.93352082e-17
1.75377328e-17
1.58483247e-17
1.42630254e-17
1.27913634e-17
1.14438248e-17
1.02133745e-17
9.09997004e-18
8.09871518e-18
7.19930183e-18
6.39876891e-18
5.68349296e-18
5.04777678e-18
4.48256515e-18
3.97993978e-18
3.53441983e-18
3.13785258e-18
2.78654198e-18
2.47409368e-18
2.19672982e-18
1.95061110e-18
1.73126459e-18
1.53785839e-18
1.36534758e-18
1.21241129e-18
1.07651037e-18
9.55768498e-19
8.48714291e-19
7.53442131e-19
6.69100230e-19
5.94063992e-19
5.27491504e-19
4.68385175e-19
4.15612406e-19
3.69265798e-19
3.27823314e-19
2.91104185e-19
2.58463683e-19
2.29482539e-19
2.03774990e-19
1.80887013e-19
1.60648561e-19
1.42624696e-19
1.26641668e-19
1.12446440e-19
9.98326032e-20
8.86540271e-20
7.87053453e-20
6.98937282e-20
6.20560626e-20
5.50993701e-20
4.89255376e-20
4.34210442e-20
3.85723223e-20
3.42449190e-20
3.04089625e-20
2.69998618e-20
2.39712827e-20
2.12856512e-20
1.88955116e-20
1.67795893e-20
1.48968274e-20
1.32262683e-20
1.17427482e-20
1.04183164e-20
9.25379192e-21
8.21251441e-21
7.28896118e-21
6.46757641e-21
5.73692127e-21
5.08828586e-21
4.51010490e-21
3.99610300e-21
3.53821597e-21
3.12963403e-21
2.76579635e-21
2.44098595e-21
2.15065077e-21
1.89100980e-21
1.65868089e-21
1.45065079e-21
1.26424691e-21
1.09711719e-21
9.47005042e-22
8.12912571e-22
6.92593110e-22
5.84950884e-22
4.88899297e-22
4.03236369e-22
3.26547101e-22
