2.52600054e-25
2.34911558e-25
2.19959991e-25
2.07160524e-25
1.96082177e-25
1.86398666e-25
1.77856355e-25
1.70254266e-25
1.63431927e-25
1.57260546e-25
1.51632695e-25
1.46466338e-25
1.41689292e-25
1.37244555e-25
1.33085997e-25
1.29175266e-25
1.25478360e-25
1.21971670e-25
1.18629719e-25
1.15433507e-25
1.12369934e-25
1.09420111e-25
1.06573835e-25
1.03822237e-25
1.01156124e-25
9.85662268e-26
9.60434169e-26
9.35881198e-26
9.11871635e-26
8.88438266e-26
8.65466719e-26
8.42935317e-26
8.20865455e-26
7.99175271e-26
7.77843100e-26
7.56847933e-26
7.36169645e-26
7.15789175e-26
6.95688692e-26
6.75851718e-26
6.56263233e-26
6.36909746e-26
6.17793538e-26
5.98909276e-26
5.80229496e-26
5.61746069e-26
5.43452463e-26
5.25343677e-26
5.07451779e-26
4.89736729e-26
4.72196161e-26
4.54829901e-26
4.37646514e-26
4.20659487e-26
4.03847898e-26
3.87215470e-26
3.70766747e-26
3.54507007e-26
3.38453388e-26
3.22598961e-26
3.06949219e-26
2.91512262e-26
2.76296813e-26
2.61312246e-26
2.46568652e-26
2.32076934e-26
2.17848930e-26
2.03897567e-26
1.90237030e-26
1.76884213e-26
1.63853243e-26
1.51162433e-26
1.38829634e-26
1.26876687e-26
1.15321520e-26
1.04189693e-26
9.35035760e-27
8.32864212e-27
7.35633117e-27
6.43617782e-27
5.57095274e-27
4.76297510e-27
4.01502148e-27
3.32955319e-27
2.70882267e-27
2.15479528e-27
1.66872013e-27
1.25140605e-27
9.02424089e-28
6.20125986e-28
4.01185177e-28
2.40365107e-28
1.30407436e-28
6.20514118e-29
2.47219247e-29
7.69998284e-30
1.69589338e-30
2.36808575e-31
2.65583811e-32
7.29744785e-33
