7.91668048e-05
7.79410487e-05
7.68526116e-05
7.58831294e-05
7.50165954e-05
7.42384445e-05
7.35354014e-05
7.28952193e-05
7.23073803e-05
7.17624083e-05
7.12530706e-05
7.07725156e-05
7.03161797e-05
6.98792476e-05
6.94580722e-05
6.90501998e-05
6.86532942e-05
6.82643030e-05
6.78824913e-05
6.75055684e-05
6.71328737e-05
6.67626496e-05
6.63939414e-05
6.60254574e-05
6.56574404e-05
6.52882296e-05
6.49171336e-05
6.45434387e-05
6.41666833e-05
6.37867334e-05
6.34021596e-05
6.30120741e-05
6.26173747e-05
6.22162371e-05
6.18083451e-05
6.13937301e-05
6.09709742e-05
6.05402704e-05
6.01007919e-05
5.96512319e-05
5.91929945e-05
5.87231081e-05
5.82424804e-05
5.77505514e-05
5.72452745e-05
5.67274485e-05
5.61964408e-05
5.56501487e-05
5.50885821e-05
5.45124558e-05
5.39188502e-05
5.33069144e-05
5.26786746e-05
5.20307427e-05
5.13618855e-05
5.06734376e-05
4.99634040e-05
4.92295252e-05
4.84733078e-05
4.76925786e-05
4.68847321e-05
4.60530074e-05
4.51921186e-05
4.43035216e-05
4.33853610e-05
4.24367980e-05
4.14569976e-05
4.04455106e-05
3.93996228e-05
3.83224208e-05
3.72098445e-05
3.60619907e-05
3.48792836e-05
3.36622785e-05
3.24099961e-05
3.11229597e-05
2.98026843e-05
2.84503478e-05
2.70667730e-05
2.56555751e-05
2.42190205e-05
2.27619613e-05
2.12895357e-05
1.98077565e-05
1.83241652e-05
1.68483162e-05
1.53911251e-05
1.39654812e-05
1.25861828e-05
1.12699255e-05
1.00346108e-05
8.89894816e-06
7.88032091e-06
6.99293491e-06
6.24432519e-06
5.63236974e-06
5.14419727e-06
4.75855265e-06
4.45179214e-06
4.20380538e-06
