3.15481034e-21
2.95046053e-21
2.77592093e-21
2.62516859e-21
2.49368049e-21
2.37797394e-21
2.27529878e-21
2.18344439e-21
2.10062395e-21
2.02538839e-21
1.95651506e-21
1.89306710e-21
1.83421047e-21
1.77928414e-21
1.72775106e-21
1.67916271e-21
1.63311846e-21
1.58934230e-21
1.54753127e-21
1.50746025e-21
1.46897577e-21
1.43184973e-21
1.39596147e-21
1.36120599e-21
1.32747321e-21
1.29465103e-21
1.26262828e-21
1.23141443e-21
1.20084564e-21
1.17096686e-21
1.14163517e-21
1.11282535e-21
1.08456718e-21
1.05675800e-21
1.02937192e-21
1.00238369e-21
9.75769000e-22
9.49504769e-22
9.23569336e-22
8.97942648e-22
8.72606404e-22
8.47544166e-22
8.22759844e-22
7.98247450e-22
7.73972156e-22
7.49924120e-22
7.26095504e-22
7.02480406e-22
6.79121293e-22
6.55966494e-22
6.33013405e-22
6.10262246e-22
5.87724686e-22
5.65418880e-22
5.43317777e-22
5.21426623e-22
4.99751738e-22
4.78300403e-22
4.57095574e-22
4.36128433e-22
4.15406532e-22
3.94940883e-22
3.74743325e-22
3.54826583e-22
3.35204348e-22
3.15891411e-22
2.96903835e-22
2.78259166e-22
2.59976672e-22
2.42079295e-22
2.24586325e-22
2.07522730e-22
1.90912930e-22
1.74786815e-22
1.59169099e-22
1.44094928e-22
1.29595290e-22
1.15702530e-22
1.02451674e-22
8.98813247e-23
7.80306267e-23
6.69328663e-23
5.66279888e-23
4.71520851e-23
3.85389225e-23
3.08189646e-23
2.40134951e-23
1.81385801e-23
1.31939951e-23
9.16349774e-24
6.00827576e-24
3.66338975e-24
2.03563625e-24
1.00277689e-24
4.21948861e-25
1.44837923e-25
3.91860002e-26
9.16837382e-27
2.85743415e-27
1.50160816e-27
