3.21110488e-21
3.05788602e-21
2.93000451e-21
2.82203407e-21
2.72991857e-21
2.65050517e-21
2.58129623e-21
2.52026752e-21
2.46582575e-21
2.41666402e-21
2.37181358e-21
2.33043535e-21
2.29195783e-21
2.25583781e-21
2.22166878e-21
2.18916861e-21
2.15808417e-21
2.12812448e-21
2.09919136e-21
2.07107732e-21
2.04370603e-21
2.01692662e-21
1.99065356e-21
1.96478243e-21
1.93931991e-21
1.91414314e-21
1.88920063e-21
1.86444212e-21
1.83983634e-21
1.81537459e-21
1.79096692e-21
1.76656196e-21
1.74222063e-21
1.71783610e-21
1.69339732e-21
1.66891441e-21
1.64431324e-21
1.61961586e-21
1.59478605e-21
1.56976340e-21
1.54463891e-21
1.51926394e-21
1.49370386e-21
1.46794424e-21
1.44189588e-21
1.41561889e-21
1.38909923e-21
1.36225266e-21
1.33510221e-21
1.30770349e-21
1.27994056e-21
1.25180028e-21
1.22340033e-21
1.19461287e-21
1.16541303e-21
1.13588807e-21
1.10598139e-21
1.07563083e-21
1.04493181e-21
1.01382912e-21
9.82256685e-22
9.50377335e-22
9.18026304e-22
8.85299845e-22
8.52171038e-22
8.18653597e-22
7.84763547e-22
7.50532148e-22
7.15917896e-22
6.81073147e-22
6.45918391e-22
6.10513863e-22
5.74930550e-22
5.39243719e-22
5.03486076e-22
4.67737567e-22
4.32106798e-22
3.96693757e-22
3.61591786e-22
3.26966351e-22
2.92948419e-22
2.59729922e-22
2.27504766e-22
1.96481405e-22
1.66893459e-22
1.39002890e-22
1.13079561e-22
8.94039141e-23
6.82529400e-23
4.98832194e-23
3.44996427e-23
2.22239624e-23
1.30403953e-23
6.75225028e-24
2.94593354e-24
1.01161748e-24
2.48181900e-25
3.96524292e-26
5.42857332e-27
1.72278410e-27
