1.70967827e-11
1.82468567e-11
1.94579249e-11
2.07361583e-11
2.20847248e-11
2.35105238e-11
2.50180724e-11
2.66096597e-11
2.82929370e-11
3.00735306e-11
3.19574792e-11
3.39516779e-11
3.60635163e-11
3.82977106e-11
4.06652868e-11
4.31755227e-11
4.58343164e-11
4.86536910e-11
5.16453288e-11
5.48149360e-11
5.81796266e-11
6.17479995e-11
6.55335585e-11
6.95523005e-11
7.38128935e-11
7.83376118e-11
8.31365387e-11
8.82305543e-11
9.36373439e-11
9.93723282e-11
1.05462229e-10
1.11920670e-10
1.18778296e-10
1.26054382e-10
1.33775947e-10
1.41974596e-10
1.50668623e-10
1.59902242e-10
1.69694648e-10
1.80090601e-10
1.91124082e-10
2.02829618e-10
2.15262222e-10
2.28442346e-10
2.42440560e-10
2.57290368e-10
2.73050632e-10
2.89782249e-10
3.07527671e-10
3.26368034e-10
3.46362801e-10
3.67584935e-10
3.90105238e-10
4.13998938e-10
4.39372470e-10
4.66274740e-10
4.94847795e-10
5.25156902e-10
5.57329486e-10
5.91480531e-10
6.27703778e-10
6.66167132e-10
7.06964844e-10
7.50280280e-10
7.96240791e-10
8.45013595e-10
8.96801922e-10
9.51717648e-10
1.01004177e-09
1.07189761e-09
1.13756358e-09
1.20725874e-09
1.28119661e-09
1.35972567e-09
1.44298207e-09
1.53140192e-09
1.62520377e-09
1.72475248e-09
1.83043795e-09
1.94251867e-09
2.06149723e-09
2.18776505e-09
2.32172931e-09
2.46382268e-09
2.61444401e-09
2.77414775e-09
2.94321447e-09
3.12217975e-09
3.31139268e-09
3.51114574e-09
3.72182099e-09
3.94366621e-09
4.17693492e-09
4.42178236e-09
4.67871096e-09
4.94767352e-09
5.22913265e-09
5.52335730e-09
5.83107588e-09
6.15287304e-09
