1.57009386e-24
2.46444545e-24
4.66892162e-24
1.16224196e-23
3.28995823e-23
8.64085115e-23
1.97166046e-22
3.95011392e-22
7.13275867e-22
1.19018834e-21
1.86829416e-21
2.79975770e-21
4.04397049e-21
5.67572640e-21
7.77715446e-21
1.04577753e-20
1.38419007e-20
1.80875870e-20
2.33571612e-20
2.99019097e-20
3.79480248e-20
4.78270807e-20
5.99213069e-20
7.46815674e-20
9.26520246e-20
1.14490912e-19
1.40983142e-19
1.72927494e-19
2.11557017e-19
2.58257363e-19
3.14455560e-19
3.81984648e-19
4.63470824e-19
5.60912385e-19
6.78134297e-19
8.18585907e-19
9.86763266e-19
1.18838182e-18
1.42913824e-18
1.71757548e-18
2.06160969e-18
2.47307884e-18
2.96393614e-18
3.54952762e-18
4.24891647e-18
5.08066926e-18
6.07594306e-18
7.25538190e-18
8.66764080e-18
1.03401829e-17
1.23380466e-17
1.47108192e-17
1.75341454e-17
2.08965541e-17
2.48829026e-17
2.96421938e-17
3.52665604e-17
4.19867513e-17
4.99257024e-17
5.93986909e-17
7.06038480e-17
8.39540176e-17
9.97507334e-17
1.18564375e-16
1.40809269e-16
1.67328859e-16
1.98623391e-16
2.35907215e-16
2.80023782e-16
3.32374709e-16
3.94635770e-16
4.68182801e-16
5.55504695e-16
6.59185466e-16
7.82216131e-16
9.27832642e-16
1.10051240e-15
1.30535660e-15
1.54836510e-15
1.83672289e-15
2.17805047e-15
2.58324814e-15
3.06446042e-15
3.63484580e-15
4.31196018e-15
5.11613589e-15
6.07164356e-15
7.20645845e-15
8.55654937e-15
1.01631740e-14
1.20781428e-14
1.43633733e-14
1.70963223e-14
2.03733729e-14
2.43166071e-14
2.90829703e-14
3.48760450e-14
4.19640712e-14
5.07035236e-14
6.15811749e-14
