1.59713181e+02
1.65723009e+02
1.72072197e+02
1.78772387e+02
1.85852337e+02
1.93326326e+02
2.01183049e+02
2.09449339e+02
2.18126498e+02
2.27203660e+02
2.36698969e+02
2.46625218e+02
2.56965776e+02
2.67760732e+02
2.79007922e+02
2.90729901e+02
3.02951439e+02
3.15675231e+02
3.28949553e+02
3.42764004e+02
3.57171216e+02
3.72178559e+02
3.87815199e+02
4.04119315e+02
4.21091390e+02
4.38797500e+02
4.57225684e+02
4.76443044e+02
4.96463468e+02
5.17322151e+02
5.39088209e+02
5.61712564e+02
5.85330592e+02
6.09913968e+02
6.35548137e+02
6.62256057e+02
6.90079034e+02
7.19110060e+02
7.49291643e+02
7.80794871e+02
8.13589837e+02
8.47783309e+02
8.83411873e+02
9.20523592e+02
9.59245082e+02
9.99509733e+02
1.04153250e+03
1.08528213e+03
1.13089228e+03
1.17842066e+03
1.22792385e+03
1.27957327e+03
1.33329078e+03
1.38934508e+03
1.44770670e+03
1.50854405e+03
1.57194729e+03
1.63797968e+03
1.70687137e+03
1.77853369e+03
1.85330184e+03
1.93115641e+03
2.01230787e+03
2.09689146e+03
2.18497261e+03
2.27686167e+03
2.37246147e+03
2.47219244e+03
2.57605280e+03
2.68430075e+03
2.79713605e+03
2.91462344e+03
3.03719095e+03
3.16472416e+03
3.29775849e+03
3.43631429e+03
3.58070735e+03
3.73123552e+03
3.88796214e+03
4.05147952e+03
4.22166194e+03
4.39919204e+03
4.58416491e+03
4.77697640e+03
4.97826684e+03
5.18773827e+03
5.40661493e+03
5.63496502e+03
5.87344265e+03
6.12281950e+03
6.38362710e+03
6.65663697e+03
6.94284538e+03
7.24318253e+03
7.55863102e+03
7.89035864e+03
8.23961901e+03
8.60766957e+03
8.99594320e+03
9.40662491e+03
