1.38269104e-20
1.80843825e-20
2.44707326e-20
3.47483023e-20
5.21203676e-20
8.13050309e-20
1.28081981e-19
1.98895173e-19
3.00696371e-19
4.41450153e-19
6.29872507e-19
8.76811650e-19
1.19441437e-18
1.59810825e-18
2.10443041e-18
2.73577124e-18
3.51709473e-18
4.48019719e-18
5.65684937e-18
7.09754101e-18
8.84585728e-18
1.09670315e-17
1.35354273e-17
1.66381501e-17
2.03798757e-17
2.48866840e-17
3.03081175e-17
3.67938644e-17
4.45786137e-17
5.39233549e-17
6.50930924e-17
7.84291452e-17
9.44232299e-17
1.13437363e-16
1.36183446e-16
1.63290786e-16
1.95581912e-16
2.34101880e-16
2.79879518e-16
3.34470501e-16
3.99294374e-16
4.76491284e-16
5.68199454e-16
6.77166738e-16
8.06801675e-16
9.60387841e-16
1.14349359e-15
1.35970758e-15
1.61770455e-15
1.92222104e-15
2.28477524e-15
2.71398791e-15
3.22311122e-15
3.82760272e-15
4.54214110e-15
5.39275432e-15
6.39513518e-15
7.58949951e-15
8.99664958e-15
1.06712488e-14
1.26469041e-14
1.49947581e-14
1.77659245e-14
2.10582214e-14
2.49415574e-14
2.95601083e-14
3.49974622e-14
4.14604593e-14
4.90904033e-14
5.81240284e-14
6.88436671e-14
8.14783240e-14
9.64463093e-14
1.14179354e-13
1.35175746e-13
1.59972150e-13
1.89312435e-13
2.24040887e-13
2.65147586e-13
3.13815059e-13
3.71289888e-13
4.39358961e-13
5.20001757e-13
6.15348469e-13
7.28239839e-13
8.61945792e-13
1.02034715e-12
1.20788059e-12
1.43022329e-12
1.69380894e-12
2.00664004e-12
2.37813018e-12
2.81986065e-12
3.34592391e-12
3.97369730e-12
4.72482527e-12
5.62637413e-12
6.71259931e-12
8.02690384e-12
9.62537400e-12
