2.57005393e-07
2.42972517e-07
2.31338932e-07
2.21568480e-07
2.13269960e-07
2.06150111e-07
1.99977762e-07
1.94572753e-07
1.89785318e-07
1.85497531e-07
1.81615179e-07
1.78063831e-07
1.74783674e-07
1.71728178e-07
1.68857880e-07
1.66144332e-07
1.63561038e-07
1.61088797e-07
1.58708662e-07
1.56409834e-07
1.54180061e-07
1.52006118e-07
1.49880401e-07
1.47799992e-07
1.45753486e-07
1.43732618e-07
1.41742525e-07
1.39772790e-07
1.37818437e-07
1.35876617e-07
1.33944406e-07
1.32018845e-07
1.30096967e-07
1.28175831e-07
1.26252544e-07
1.24334330e-07
1.22410114e-07
1.20477039e-07
1.18532465e-07
1.16581089e-07
1.14622960e-07
1.12647226e-07
1.10651715e-07
1.08653960e-07
1.06633219e-07
1.04587679e-07
1.02535429e-07
1.00457368e-07
9.83504331e-08
9.62357558e-08
9.40900608e-08
9.19152884e-08
8.97274598e-08
8.75062063e-08
8.52557884e-08
8.29882350e-08
8.06862422e-08
7.83528063e-08
7.60020187e-08
7.36171737e-08
7.11993167e-08
6.87602558e-08
6.62938837e-08
6.37969829e-08
6.12714525e-08
5.87213073e-08
5.61524388e-08
5.35597769e-08
5.09461378e-08
4.83145994e-08
4.56685263e-08
4.30116124e-08
4.03479461e-08
3.76821040e-08
3.50200232e-08
3.23727843e-08
2.97415706e-08
2.71364634e-08
2.45698547e-08
2.20504112e-08
1.95907097e-08
1.72053120e-08
1.49092025e-08
1.27185500e-08
1.06514551e-08
8.72673850e-09
6.96380067e-09
5.38181060e-09
3.99853425e-09
2.82842685e-09
1.88039322e-09
1.15479714e-09
6.40016305e-10
3.10530495e-10
1.27164224e-10
4.27346029e-11
1.23733030e-11
4.06109784e-12
2.03028675e-12
1.36515267e-12
