1.06425143e-11
9.72995759e-12
8.82925740e-12
7.93992396e-12
7.06564337e-12
6.22124288e-12
5.41106602e-12
4.65055021e-12
3.94804741e-12
3.31901782e-12
2.76217551e-12
2.27951766e-12
1.87368198e-12
1.53262069e-12
1.25096307e-12
1.01948597e-12
8.30239029e-13
6.76001836e-13
5.50035542e-13
4.47959624e-13
3.64584980e-13
2.96796566e-13
2.41583482e-13
1.96638459e-13
1.60086067e-13
1.30267808e-13
1.06077697e-13
8.63352760e-14
7.02826994e-14
5.72097446e-14
4.65653453e-14
3.79080387e-14
3.08483212e-14
2.51155749e-14
2.04410792e-14
1.66402886e-14
1.35453370e-14
1.10248147e-14
8.97515307e-15
7.30393587e-15
5.94675878e-15
4.84021829e-15
3.94021858e-15
3.20735983e-15
2.61045765e-15
2.12519185e-15
1.72954295e-15
1.40817085e-15
1.14614026e-15
9.32979326e-16
7.59443048e-16
6.18101335e-16
5.03211033e-16
4.09527103e-16
3.33413857e-16
2.71366435e-16
2.20893356e-16
1.79814113e-16
1.46350620e-16
1.19149654e-16
9.69671026e-17
7.89433913e-17
6.42541633e-17
5.23037004e-17
4.25775709e-17
3.46252632e-17
2.82111767e-17
2.29590407e-17
1.86916676e-17
1.52143182e-17
1.23845712e-17
1.00815865e-17
8.19956434e-18
6.67985083e-18
5.43644381e-18
4.42593308e-18
3.60246887e-18
2.93221032e-18
2.38682569e-18
1.94142001e-18
1.58116057e-18
1.28655955e-18
1.04693724e-18
8.51594758e-19
6.92390888e-19
5.62753369e-19
4.56883123e-19
3.70585675e-19
3.00058328e-19
2.42355246e-19
1.95153954e-19
1.56496021e-19
1.24780055e-19
9.87268814e-20
7.73920056e-20
5.98847588e-20
4.55759430e-20
3.39335556e-20
2.45306112e-20
1.69926953e-20
