1.53000509e-20
2.47095864e-20
5.36789580e-20
1.77631963e-19
6.66217193e-19
2.15262866e-18
5.70723618e-18
1.27709776e-17
2.50192915e-17
4.42313703e-17
7.22373036e-17
1.10877296e-16
1.62033668e-16
2.27637005e-16
3.09756016e-16
4.10487120e-16
5.32187254e-16
6.77380000e-16
8.48903901e-16
1.04949808e-15
1.28238367e-15
1.55148132e-15
1.86113299e-15
2.21411546e-15
2.61699061e-15
3.07501218e-15
3.59151653e-15
4.17504982e-15
4.83242997e-15
5.57120978e-15
6.39978392e-15
7.32750599e-15
8.36481557e-15
9.52337569e-15
1.08162208e-14
1.22541858e-14
1.38504093e-14
1.56262664e-14
1.76014102e-14
1.97961335e-14
2.22160830e-14
2.49029173e-14
2.78859220e-14
3.11745888e-14
3.48105703e-14
3.88424875e-14
4.32832580e-14
4.81838083e-14
5.36121556e-14
5.95781895e-14
6.61606781e-14
7.34440962e-14
8.14312622e-14
9.02459808e-14
9.99877341e-14
1.10657683e-13
1.22428732e-13
1.35421349e-13
1.49661839e-13
1.65343032e-13
1.82630271e-13
2.01641405e-13
2.22496147e-13
2.45463121e-13
2.70745485e-13
2.98565316e-13
3.29112175e-13
3.62682359e-13
3.99613103e-13
4.40235962e-13
4.84919085e-13
5.34072748e-13
5.88155727e-13
6.47682514e-13
7.13148082e-13
7.85178886e-13
8.64568887e-13
9.52007443e-13
1.04837262e-12
1.15461729e-12
1.27188191e-12
1.40135821e-12
1.54444617e-12
1.70276376e-12
1.87812079e-12
2.07264783e-12
2.28880634e-12
2.52950425e-12
2.79817132e-12
3.09896893e-12
3.43693877e-12
3.81825300e-12
4.25067477e-12
4.74385592e-12
5.31013652e-12
5.96534306e-12
6.72973963e-12
7.63009465e-12
8.70230471e-12
9.99595158e-12
