2.53270208e-07
2.33227177e-07
2.13888954e-07
1.95227487e-07
1.77339319e-07
1.60269815e-07
1.44161528e-07
1.29092148e-07
1.15151883e-07
1.02405554e-07
9.08571958e-08
8.04756774e-08
7.12133257e-08
6.29742929e-08
5.56719129e-08
4.92092365e-08
4.34929886e-08
3.84423171e-08
3.39751438e-08
3.00289186e-08
2.65396852e-08
2.34565880e-08
2.07321477e-08
1.83192536e-08
1.61954759e-08
1.43134583e-08
1.26510164e-08
1.11812679e-08
9.88241588e-09
8.73449269e-09
7.71799721e-09
6.82277330e-09
6.02989003e-09
5.32956190e-09
4.71041779e-09
4.16318422e-09
3.67956147e-09
3.25150548e-09
2.87428112e-09
2.54032279e-09
2.24528870e-09
1.98443323e-09
1.75386512e-09
1.55013671e-09
1.36989026e-09
1.21092230e-09
1.07022376e-09
9.45907664e-10
8.36006576e-10
7.38874352e-10
6.53056416e-10
5.77144003e-10
5.10138265e-10
4.50856196e-10
3.98481854e-10
3.52189822e-10
3.11274265e-10
2.75122016e-10
2.43147918e-10
2.14908858e-10
1.89937077e-10
1.67875219e-10
1.48374545e-10
1.31135064e-10
1.15902552e-10
1.02431967e-10
9.05362041e-11
8.00177591e-11
7.07235143e-11
6.25077015e-11
5.52442365e-11
4.88275218e-11
4.31535063e-11
3.81422513e-11
3.37107264e-11
2.97944118e-11
2.63329466e-11
2.32730019e-11
2.05700094e-11
1.81794907e-11
1.60675196e-11
1.41995475e-11
1.25482655e-11
1.10883034e-11
9.79508592e-12
8.65417064e-12
7.64221325e-12
6.74587252e-12
5.95110966e-12
5.24547714e-12
4.61831059e-12
4.05984284e-12
3.56163952e-12
3.11650628e-12
2.71819632e-12
2.36118115e-12
2.04087989e-12
1.75337692e-12
1.49514352e-12
1.26255711e-12
