6.74673430e-14
6.13570430e-14
5.64506719e-14
5.24273560e-14
4.90704536e-14
4.62289343e-14
4.37917557e-14
4.16768581e-14
3.98213568e-14
3.81767494e-14
3.67036978e-14
3.53721960e-14
3.41587971e-14
3.30436199e-14
3.20125997e-14
3.10517395e-14
3.01506507e-14
2.93033772e-14
2.85006331e-14
2.77373299e-14
2.70080856e-14
2.63105140e-14
2.56390411e-14
2.49928669e-14
2.43673890e-14
2.37610349e-14
2.31721944e-14
2.25992496e-14
2.20406008e-14
2.14946917e-14
2.09600306e-14
2.04352094e-14
1.99225261e-14
1.94176087e-14
1.89197579e-14
1.84317691e-14
1.79485806e-14
1.74736807e-14
1.70031733e-14
1.65396759e-14
1.60797121e-14
1.56265312e-14
1.51757456e-14
1.47315382e-14
1.42898956e-14
1.38525452e-14
1.34192790e-14
1.29880315e-14
1.25624833e-14
1.21389138e-14
1.17186587e-14
1.13024002e-14
1.08880933e-14
1.04783400e-14
1.00712063e-14
9.66705097e-15
9.26714113e-15
8.86954202e-15
8.47679929e-15
8.08691248e-15
7.70144405e-15
7.31977910e-15
6.94267404e-15
6.56995686e-15
6.20242918e-15
5.83964106e-15
5.48304041e-15
5.13200365e-15
4.78733011e-15
4.44971954e-15
4.11930099e-15
3.79670596e-15
3.48255284e-15
3.17746235e-15
2.88207486e-15
2.59706822e-15
2.32317432e-15
2.06119184e-15
1.81187038e-15
1.57608357e-15
1.35460512e-15
1.14835011e-15
9.58114716e-16
7.84723720e-16
6.28740660e-16
4.90880178e-16
3.71515425e-16
2.70700952e-16
1.88274445e-16
1.23552324e-16
7.53247657e-17
4.17585661e-17
2.04226377e-17
8.43380862e-18
2.75332518e-18
6.40107775e-19
8.89706759e-20
5.41243463e-21
9.06570378e-23
2.82559764e-24
