2.55613653e-07
2.37515593e-07
2.19681866e-07
2.02150854e-07
1.84967624e-07
1.68242426e-07
1.52194320e-07
1.36913700e-07
1.22565529e-07
1.09291362e-07
9.71436253e-08
8.61402043e-08
7.62826448e-08
6.74814011e-08
5.96683406e-08
5.27463161e-08
4.66196118e-08
4.12077273e-08
3.64181191e-08
3.21897676e-08
2.84490660e-08
2.51443163e-08
2.22240397e-08
1.96416114e-08
1.73613567e-08
1.53434013e-08
1.35619004e-08
1.19861589e-08
1.05938910e-08
9.36349702e-09
8.27280854e-09
7.31424669e-09
6.46399464e-09
5.71343483e-09
5.04964998e-09
4.46305197e-09
3.94467706e-09
3.48536720e-09
3.08139824e-09
2.72328423e-09
2.40709488e-09
2.12744198e-09
1.88026793e-09
1.66188340e-09
1.46847559e-09
1.29822566e-09
1.14735669e-09
1.01411994e-09
8.96290658e-10
7.92149825e-10
7.00155907e-10
6.18705910e-10
5.46940162e-10
4.83370172e-10
4.27230126e-10
3.77595568e-10
3.33726300e-10
2.94974497e-10
2.60672065e-10
2.30420847e-10
2.03641005e-10
1.79991264e-10
1.59083355e-10
1.40599314e-10
1.24271226e-10
1.09822789e-10
9.70736243e-11
8.57935249e-11
7.58303542e-11
6.70219548e-11
5.92335109e-11
5.23547964e-11
4.62686398e-11
4.08977539e-11
3.61455412e-11
3.19471287e-11
2.82356812e-11
2.49540684e-11
2.20562697e-11
1.94920324e-11
1.72281977e-11
1.52246441e-11
1.34536382e-11
1.18874755e-11
1.04985564e-11
9.27525514e-12
8.18839071e-12
7.22534696e-12
6.37075461e-12
5.61102708e-12
4.93501333e-12
4.33229299e-12
3.79354013e-12
3.31107270e-12
2.87832271e-12
2.48944139e-12
2.13961106e-12
1.82468222e-12
1.54131090e-12
1.28533212e-12
