4.03143166e-05
3.84284295e-05
3.65152485e-05
3.45712064e-05
3.25993816e-05
3.06249330e-05
2.86518072e-05
2.67088327e-05
2.48114934e-05
2.29947233e-05
2.12602666e-05
1.96211496e-05
1.80992635e-05
1.66790422e-05
1.53664941e-05
1.41537707e-05
1.30356984e-05
1.20062678e-05
1.10557775e-05
1.01837598e-05
9.37839984e-06
8.63762991e-06
7.95505197e-06
7.32633118e-06
6.74773679e-06
6.21372901e-06
5.72343151e-06
5.27087446e-06
4.85455232e-06
4.47092806e-06
4.11747546e-06
3.79223102e-06
3.49217481e-06
3.21651675e-06
2.96220518e-06
2.72821317e-06
2.51261703e-06
2.31396200e-06
2.13120960e-06
1.96262134e-06
1.80770621e-06
1.66478799e-06
1.53326221e-06
1.41210113e-06
1.30045797e-06
1.19776786e-06
1.10302611e-06
1.01594687e-06
9.35620450e-07
8.61695005e-07
7.93609506e-07
7.30862694e-07
6.73148365e-07
6.19897619e-07
5.70950980e-07
5.25812656e-07
4.84269090e-07
4.46010477e-07
4.10743101e-07
3.78307635e-07
3.48382885e-07
3.20875596e-07
2.95511532e-07
2.72161357e-07
2.50658223e-07
2.30783112e-07
2.12606900e-07
1.95792166e-07
1.80333247e-07
1.66079222e-07
1.52954383e-07
1.40870140e-07
1.29705633e-07
1.19486926e-07
1.10037354e-07
1.01347380e-07
9.33355467e-08
8.59578696e-08
7.91662834e-08
7.28932288e-08
6.71436105e-08
6.18276110e-08
5.69348561e-08
5.24216151e-08
4.82583856e-08
4.44202460e-08
4.08702621e-08
3.75919470e-08
3.45554520e-08
3.17375035e-08
2.91198839e-08
2.66820759e-08
2.44040978e-08
2.22689053e-08
2.02667403e-08
1.83798266e-08
1.65990417e-08
1.49151951e-08
1.33205582e-08
1.18023786e-08
