1.07344841e-11
1.00827076e-11
9.56917615e-12
9.15691188e-12
8.82069548e-12
8.54236893e-12
8.30839108e-12
8.10837438e-12
7.93440889e-12
7.78051524e-12
7.64235691e-12
7.51655495e-12
7.40050146e-12
7.29239797e-12
7.19062319e-12
7.09411126e-12
7.00190349e-12
6.91316159e-12
6.82744423e-12
6.74423963e-12
6.66302176e-12
6.58344342e-12
6.50530303e-12
6.42846861e-12
6.35236771e-12
6.27712242e-12
6.20239272e-12
6.12819255e-12
6.05401818e-12
5.98045466e-12
5.90677955e-12
5.83294630e-12
5.75915074e-12
5.68528787e-12
5.61108908e-12
5.53650654e-12
5.46149222e-12
5.38599798e-12
5.30998318e-12
5.23358478e-12
5.15653919e-12
5.07879998e-12
5.00032077e-12
4.92105527e-12
4.84095724e-12
4.75998046e-12
4.67807875e-12
4.59520592e-12
4.51131576e-12
4.42636203e-12
4.34029844e-12
4.25307863e-12
4.16465620e-12
4.07498470e-12
3.98401762e-12
3.89170848e-12
3.79801083e-12
3.70287834e-12
3.60626491e-12
3.50812475e-12
3.40841260e-12
3.30709900e-12
3.20438585e-12
3.10001190e-12
2.99394018e-12
2.88613608e-12
2.77656816e-12
2.66520923e-12
2.55234959e-12
2.43798431e-12
2.32184469e-12
2.20397157e-12
2.08514583e-12
1.96467282e-12
1.84319481e-12
1.72065110e-12
1.59755645e-12
1.47386458e-12
1.35023793e-12
1.22708930e-12
1.10482203e-12
9.84073403e-13
8.65687655e-13
7.50418952e-13
6.39240942e-13
5.33264166e-13
4.33719337e-13
3.41931839e-13
2.59288205e-13
1.87152996e-13
1.26740449e-13
7.88935037e-14
4.38290542e-14
2.07947540e-14
7.88038415e-15
2.14527935e-15
3.51720184e-16
2.55600318e-17
5.47939946e-19
2.52577335e-20
