1.69686847e-13
1.63988058e-13
1.59067831e-13
1.54789571e-13
1.51043653e-13
1.47739414e-13
1.44800066e-13
1.42160304e-13
1.39767114e-13
1.37576338e-13
1.35550916e-13
1.33662398e-13
1.31887470e-13
1.30207319e-13
1.28604770e-13
1.27069748e-13
1.25589185e-13
1.24154691e-13
1.22760485e-13
1.21398799e-13
1.20064140e-13
1.18751323e-13
1.17459471e-13
1.16180372e-13
1.14915459e-13
1.13658481e-13
1.12407764e-13
1.11161489e-13
1.09917722e-13
1.08674440e-13
1.07429561e-13
1.06180961e-13
1.04926504e-13
1.03668895e-13
1.02402563e-13
1.01125235e-13
9.98418162e-14
9.85436779e-14
9.72357748e-14
9.59119124e-14
9.45757434e-14
9.32209561e-14
9.18529816e-14
9.04633353e-14
8.90588493e-14
8.76321563e-14
8.61849421e-14
8.47175552e-14
8.32242080e-14
8.17115421e-14
8.01721684e-14
7.86066545e-14
7.70177544e-14
7.53983889e-14
7.37543057e-14
7.20803408e-14
7.03759618e-14
6.86443164e-14
6.68777715e-14
6.50856568e-14
6.32570873e-14
6.14007988e-14
5.95079601e-14
5.75874318e-14
5.56307074e-14
5.36447285e-14
5.16262193e-14
4.95748233e-14
4.74959887e-14
4.53879829e-14
4.32519884e-14
4.10904951e-14
3.89062328e-14
3.67022152e-14
3.44818088e-14
3.22488355e-14
3.00082516e-14
2.77677920e-14
2.55313121e-14
2.33086823e-14
2.11082913e-14
1.89401283e-14
1.68165157e-14
1.47500171e-14
1.27558300e-14
1.08500766e-14
9.05054424e-15
7.37607440e-15
5.84638471e-15
4.48081469e-15
3.29705669e-15
2.30905279e-15
1.52419798e-15
9.39736048e-16
5.39749925e-16
2.93912421e-16
1.60805818e-16
9.67954630e-17
6.71945014e-17
5.20968093e-17
