1.69274060e-13
1.62309013e-13
1.55353249e-13
1.48379263e-13
1.41381132e-13
1.34364196e-13
1.27340425e-13
1.20375034e-13
1.13447347e-13
1.06607940e-13
9.98912495e-14
9.33451158e-14
8.70098686e-14
8.08826475e-14
7.50769861e-14
6.95355212e-14
6.43145743e-14
5.94117272e-14
5.48267947e-14
5.05698367e-14
4.66117495e-14
4.29538592e-14
3.95735631e-14
3.64484676e-14
3.35763548e-14
3.09239063e-14
2.84809023e-14
2.62329661e-14
2.41491632e-14
2.22512788e-14
2.04931788e-14
1.88722003e-14
1.73829114e-14
1.60084429e-14
1.47439525e-14
1.35797380e-14
1.25039863e-14
1.15187091e-14
1.06083518e-14
9.76964068e-15
8.99844287e-15
8.28670906e-15
7.63243857e-15
7.02958321e-15
6.47347875e-15
5.96279443e-15
5.49141384e-15
5.05746353e-15
4.65811938e-15
4.28836033e-15
3.95103718e-15
3.63886394e-15
3.35112960e-15
3.08669240e-15
2.84261417e-15
2.61809079e-15
2.41130370e-15
2.22042502e-15
2.04529960e-15
1.88364658e-15
1.73476704e-15
1.59783491e-15
1.47144807e-15
1.35527643e-15
1.24819148e-15
1.14943153e-15
1.05871598e-15
9.74988365e-16
8.97933876e-16
8.26996206e-16
7.61390097e-16
7.01361696e-16
6.45847422e-16
5.94678477e-16
5.47602253e-16
5.04122287e-16
4.64124483e-16
4.27209695e-16
3.93133325e-16
3.61743512e-16
3.32612652e-16
3.05927288e-16
2.81141245e-16
2.58241164e-16
2.37027481e-16
2.17387884e-16
1.99155443e-16
1.82254393e-16
1.66531003e-16
1.51896428e-16
1.38295751e-16
1.25611904e-16
1.13775389e-16
1.02747611e-16
9.24347708e-17
8.28264425e-17
7.38452895e-17
6.54664972e-17
5.76334641e-17
5.02605182e-17
