3.46724704e-07
3.28943358e-07
3.14958643e-07
3.03775277e-07
2.94705504e-07
2.87244433e-07
2.81011267e-07
2.75705198e-07
2.71101735e-07
2.67033317e-07
2.63373917e-07
2.60033578e-07
2.56937310e-07
2.54043935e-07
2.51305053e-07
2.48697851e-07
2.46187038e-07
2.43758532e-07
2.41399549e-07
2.39096244e-07
2.36834256e-07
2.34599176e-07
2.32404933e-07
2.30215751e-07
2.28055836e-07
2.25896686e-07
2.23737719e-07
2.21591874e-07
2.19439575e-07
2.17279000e-07
2.15108296e-07
2.12925589e-07
2.10728985e-07
2.08521824e-07
2.06295847e-07
2.04048926e-07
2.01779205e-07
1.99484825e-07
1.97163931e-07
1.94814667e-07
1.92435178e-07
1.90023603e-07
1.87578081e-07
1.85101621e-07
1.82588654e-07
1.80036741e-07
1.77443906e-07
1.74808157e-07
1.72127482e-07
1.69399848e-07
1.66623198e-07
1.63795446e-07
1.60914480e-07
1.57978157e-07
1.54984304e-07
1.51930714e-07
1.48815148e-07
1.45636878e-07
1.42396342e-07
1.39086093e-07
1.35703608e-07
1.32246329e-07
1.28711667e-07
1.25097008e-07
1.21399725e-07
1.17617183e-07
1.13746760e-07
1.09785864e-07
1.05743180e-07
1.01607929e-07
9.73780132e-08
9.30515310e-08
8.86268709e-08
8.41028480e-08
7.95084234e-08
7.48196392e-08
7.00372007e-08
6.52036940e-08
6.02864082e-08
5.53391312e-08
5.03507598e-08
4.53505493e-08
4.03698245e-08
3.54419653e-08
3.06041821e-08
2.59029688e-08
2.13994636e-08
1.71573527e-08
1.32490130e-08
9.75155099e-09
6.74350787e-09
4.29259819e-09
2.44172038e-09
1.18793263e-09
4.63124856e-10
1.31515837e-10
2.40919901e-11
2.87776566e-12
5.28256587e-13
2.56172434e-13
