3.44025504e-07
3.18475029e-07
2.92807389e-07
2.67068725e-07
2.41497024e-07
2.16458765e-07
1.92342104e-07
1.69632692e-07
1.48624582e-07
1.29594456e-07
1.12646692e-07
9.77166855e-08
8.46716536e-08
7.33290683e-08
6.34793466e-08
5.49776612e-08
4.76045491e-08
4.12179478e-08
3.56868300e-08
3.08973378e-08
2.67466818e-08
2.31622755e-08
2.00553832e-08
1.73646824e-08
1.50347034e-08
1.30169957e-08
1.12689777e-08
9.75805812e-09
8.44916599e-09
7.31571061e-09
6.33410805e-09
5.48394474e-09
4.74770517e-09
4.11101297e-09
3.55963830e-09
3.08210562e-09
2.66850109e-09
2.31030481e-09
2.00019328e-09
1.73198029e-09
1.49967420e-09
1.29846156e-09
1.12420377e-09
9.73312579e-10
8.42689484e-10
7.29682010e-10
6.31798145e-10
5.47026858e-10
4.73621035e-10
4.10054552e-10
3.55024370e-10
3.07408352e-10
2.66170874e-10
2.30461103e-10
1.99536101e-10
1.72752428e-10
1.49568747e-10
1.29509101e-10
1.12137727e-10
9.70930840e-11
8.40626607e-11
7.27778989e-11
6.30126497e-11
5.45623819e-11
4.72435359e-11
4.09043656e-11
3.54144244e-11
3.06496950e-11
2.65474714e-11
2.29871143e-11
1.99032581e-11
1.72325240e-11
1.49198831e-11
1.29135864e-11
1.11844176e-11
9.68423665e-12
8.38501760e-12
7.25995999e-12
6.28565601e-12
5.44068363e-12
4.71171494e-12
4.07959963e-12
3.53211842e-12
3.05784639e-12
2.64688466e-12
2.29066887e-12
1.98233503e-12
1.71477444e-12
1.48235535e-12
1.28016572e-12
1.10413944e-12
9.50541739e-13
8.15972468e-13
6.97982960e-13
5.94010478e-13
5.02192723e-13
4.20933074e-13
3.48893899e-13
2.85056102e-13
2.28376358e-13
