4.04726686e-28
6.19174860e-28
1.20103504e-27
3.14261148e-27
9.15096640e-27
2.44634361e-26
5.68750730e-26
1.15980487e-25
2.12177921e-25
3.55782548e-25
5.56519617e-25
8.23093252e-25
1.16361812e-24
1.58499399e-24
2.09348003e-24
2.69553219e-24
3.39552418e-24
4.19982557e-24
5.11334774e-24
6.14095109e-24
7.28776388e-24
8.55811377e-24
9.95846508e-24
1.14945816e-23
1.31692076e-23
1.49905400e-23
1.69657844e-23
1.90980089e-23
2.13950952e-23
2.38665991e-23
2.65187136e-23
2.93545106e-23
3.23853792e-23
3.56203454e-23
3.90682032e-23
4.27384388e-23
4.66397643e-23
5.07779909e-23
5.51686864e-23
5.98241747e-23
6.47575267e-23
6.99825337e-23
7.54974141e-23
8.13282567e-23
8.74937946e-23
9.40063480e-23
1.00865431e-22
1.08109266e-22
1.15756664e-22
1.23800514e-22
1.32283814e-22
1.41230798e-22
1.50641585e-22
1.60552746e-22
1.70997128e-22
1.81988084e-22
1.93548759e-22
2.05724277e-22
2.18544187e-22
2.32026048e-22
2.46212905e-22
2.61148264e-22
2.76870518e-22
2.93420965e-22
3.10844200e-22
3.29186708e-22
3.48503366e-22
3.68852907e-22
3.90295727e-22
4.12896192e-22
4.36728847e-22
4.61871852e-22
4.88408855e-22
5.16434445e-22
5.46049211e-22
5.77367333e-22
6.10505716e-22
6.45618621e-22
6.82849367e-22
7.22368201e-22
7.64388969e-22
8.09113034e-22
8.56810064e-22
9.07759806e-22
9.62290893e-22
1.02084044e-21
1.08382710e-21
1.15183175e-21
1.22550419e-21
1.30561284e-21
1.39313021e-21
1.48920607e-21
1.59528575e-21
1.71308217e-21
1.84474899e-21
1.99296835e-21
2.16106341e-21
2.35326557e-21
2.57507445e-21
2.83375571e-21
