4.56827603e-25
4.22854740e-25
3.94445323e-25
3.70346722e-25
3.49653605e-25
3.31692790e-25
3.15948404e-25
3.02015737e-25
2.89573801e-25
2.78371071e-25
2.68200517e-25
2.58894003e-25
2.50317209e-25
2.42360136e-25
2.34940311e-25
2.27972416e-25
2.21408146e-25
2.15186101e-25
2.09266084e-25
2.03614083e-25
1.98197711e-25
1.92995850e-25
1.87979952e-25
1.83130219e-25
1.78440648e-25
1.73884514e-25
1.69452098e-25
1.65133841e-25
1.60922649e-25
1.56802491e-25
1.52768098e-25
1.48815258e-25
1.44939744e-25
1.41131790e-25
1.37386690e-25
1.33700080e-25
1.30072762e-25
1.26497147e-25
1.22969405e-25
1.19486068e-25
1.16044045e-25
1.12642849e-25
1.09286947e-25
1.05965385e-25
1.02676400e-25
9.94243254e-26
9.62083892e-26
9.30212008e-26
8.98643719e-26
8.67445161e-26
8.36517030e-26
8.05862421e-26
7.75581000e-26
7.45571895e-26
7.15844248e-26
6.86461780e-26
6.57391890e-26
6.28626132e-26
6.00180827e-26
5.72111228e-26
5.44380885e-26
5.17008139e-26
4.90011985e-26
4.63412035e-26
4.37232909e-26
4.11491521e-26
3.86205212e-26
3.61399058e-26
3.37099753e-26
3.13337241e-26
2.90141573e-26
2.67543264e-26
2.45578499e-26
2.24284185e-26
2.03699047e-26
1.83866073e-26
1.64830662e-26
1.46630853e-26
1.29320746e-26
1.12949101e-26
9.75597270e-27
8.32071281e-27
6.99370121e-27
5.77976723e-27
4.68319850e-27
3.70667480e-27
2.85337155e-27
2.12397982e-27
1.51752042e-27
1.03083769e-27
6.57097664e-28
3.86285557e-28
2.04378569e-28
9.39976935e-29
3.57120128e-29
1.03770091e-29
2.04725563e-30
2.33492432e-31
1.73440746e-32
3.53453825e-33
