3.68819644e-17
3.46074919e-17
3.26570226e-17
3.09666759e-17
2.94881486e-17
2.81840522e-17
2.70246323e-17
2.59857145e-17
2.50475331e-17
2.41942566e-17
2.34125028e-17
2.26911822e-17
2.20213123e-17
2.13954280e-17
2.08079463e-17
2.02528396e-17
1.97268538e-17
1.92255610e-17
1.87461274e-17
1.82861406e-17
1.78432551e-17
1.74159931e-17
1.70022238e-17
1.66004953e-17
1.62104733e-17
1.58300776e-17
1.54586173e-17
1.50954002e-17
1.47399284e-17
1.43909346e-17
1.40480475e-17
1.37109782e-17
1.33794307e-17
1.30526267e-17
1.27302123e-17
1.24118579e-17
1.20976757e-17
1.17870484e-17
1.14796779e-17
1.11752932e-17
1.08736523e-17
1.05747385e-17
1.02789714e-17
9.98540959e-18
9.69391579e-18
9.40489303e-18
9.11829236e-18
8.83347122e-18
8.55058697e-18
8.27024786e-18
7.99157541e-18
7.71460704e-18
7.44025575e-18
7.16761943e-18
6.89678864e-18
6.62835332e-18
6.36202518e-18
6.09773398e-18
5.83563603e-18
5.57624841e-18
5.31924199e-18
5.06479236e-18
4.81308192e-18
4.56429954e-18
4.31868186e-18
4.07639406e-18
3.83760574e-18
3.60256014e-18
3.37151708e-18
3.14476881e-18
2.92261040e-18
2.70534323e-18
2.49332539e-18
2.28692485e-18
2.08653037e-18
1.89257612e-18
1.70552460e-18
1.52577109e-18
1.35387534e-18
1.19035251e-18
1.03567684e-18
8.90440318e-19
7.55159360e-19
6.30391875e-19
5.16659398e-19
4.14338133e-19
3.23882184e-19
2.45515731e-19
1.79320079e-19
1.25182943e-19
8.26317757e-20
5.08802957e-20
2.87163551e-20
1.45395298e-20
6.45742696e-21
2.49412841e-21
8.84460659e-22
3.49066189e-22
1.85831671e-22
1.25428394e-22
