6.06941590e-09
5.85162620e-09
5.63174316e-09
5.40901725e-09
5.18400037e-09
4.95631782e-09
4.72738806e-09
4.49823882e-09
4.26992747e-09
4.04404266e-09
3.82234646e-09
3.60634011e-09
3.39732312e-09
3.19637490e-09
3.00431188e-09
2.82166115e-09
2.64864729e-09
2.48577105e-09
2.33229264e-09
2.18792963e-09
2.05228528e-09
1.92506399e-09
1.80580989e-09
1.69386311e-09
1.58878333e-09
1.49015601e-09
1.39781808e-09
1.31117158e-09
1.22985322e-09
1.15353808e-09
1.08199208e-09
1.01494980e-09
9.52019997e-10
8.92954669e-10
8.37522148e-10
7.85622992e-10
7.36931496e-10
6.91232014e-10
6.48340033e-10
6.07989588e-10
5.70436793e-10
5.35067595e-10
5.01873589e-10
4.70722791e-10
4.41552928e-10
4.14187208e-10
3.88500729e-10
3.64391662e-10
3.41720058e-10
3.20604938e-10
3.00728895e-10
2.82074989e-10
2.64567827e-10
2.48170265e-10
2.32788345e-10
2.18350889e-10
2.04801307e-10
1.92064909e-10
1.80193118e-10
1.69022802e-10
1.58538261e-10
1.48697665e-10
1.39479755e-10
1.30834733e-10
1.22721215e-10
1.15106815e-10
1.07951369e-10
1.01275328e-10
9.49963642e-11
8.91027552e-11
8.35713397e-11
7.83893343e-11
7.35299262e-11
6.89685264e-11
6.46865647e-11
6.06638721e-11
5.69033095e-11
5.33681582e-11
5.00480511e-11
4.69293623e-11
4.39925400e-11
4.12529299e-11
3.86671761e-11
3.62332501e-11
3.39407730e-11
3.17798723e-11
2.97410520e-11
2.78124590e-11
2.59907407e-11
2.42670152e-11
2.26284310e-11
2.10701064e-11
1.95853080e-11
1.81696024e-11
1.68169553e-11
1.55231121e-11
1.42842221e-11
1.30973903e-11
1.19573716e-11
1.08546952e-11
