6.05274177e-09
5.84745349e-09
5.66716168e-09
5.50786118e-09
5.36631745e-09
5.23982858e-09
5.12608122e-09
5.02307012e-09
4.92911985e-09
4.84270534e-09
4.76266933e-09
4.68795237e-09
4.61768392e-09
4.55121103e-09
4.48789950e-09
4.42730758e-09
4.36896648e-09
4.31258934e-09
4.25791972e-09
4.20464336e-09
4.15253934e-09
4.10141336e-09
4.05118565e-09
4.00165714e-09
3.95276368e-09
3.90432950e-09
3.85619608e-09
3.80841411e-09
3.76077678e-09
3.71332858e-09
3.66583199e-09
3.61842902e-09
3.57095553e-09
3.52331905e-09
3.47548601e-09
3.42742141e-09
3.37912258e-09
3.33054375e-09
3.28160125e-09
3.23225854e-09
3.18247926e-09
3.13222747e-09
3.08146791e-09
3.03016620e-09
2.97831486e-09
2.92590263e-09
2.87286084e-09
2.81915864e-09
2.76476703e-09
2.70965894e-09
2.65380943e-09
2.59719580e-09
2.53979771e-09
2.48159729e-09
2.42257923e-09
2.36273086e-09
2.30208865e-09
2.24059962e-09
2.17824410e-09
2.11501927e-09
2.05092558e-09
1.98596691e-09
1.92015086e-09
1.85348905e-09
1.78603553e-09
1.71782421e-09
1.64884665e-09
1.57913479e-09
1.50872823e-09
1.43772165e-09
1.36625598e-09
1.29427914e-09
1.22200566e-09
1.14947423e-09
1.07689414e-09
1.00434805e-09
9.32044996e-10
8.60199247e-10
7.89033709e-10
7.18798360e-10
6.49772742e-10
5.82285954e-10
5.16696160e-10
4.53394215e-10
3.92807330e-10
3.35397589e-10
2.81649938e-10
2.32063317e-10
1.87133409e-10
1.47315886e-10
1.12982928e-10
8.43868579e-11
6.15463087e-11
4.42185297e-11
3.18214436e-11
2.34730243e-11
1.81105735e-11
1.47066015e-11
1.24696704e-11
1.09107769e-11
