3.72913638e-28
4.59048645e-28
5.59696870e-28
6.77442411e-28
8.15556406e-28
9.77206633e-28
1.16611968e-27
1.38733432e-27
1.64555699e-27
1.94766677e-27
2.30105341e-27
2.71443139e-27
3.19813136e-27
3.76439445e-27
4.42770312e-27
5.20513824e-27
6.11591403e-27
7.18327214e-27
8.43522526e-27
9.90400791e-27
1.16275688e-26
1.36483883e-26
1.60186232e-26
1.88011719e-26
2.20680573e-26
2.59032356e-26
3.03983662e-26
3.56741334e-26
4.18677526e-26
4.91400749e-26
5.76728918e-26
6.76812503e-26
7.94314985e-26
9.32264751e-26
1.09415257e-25
1.28405594e-25
1.50687901e-25
1.76851083e-25
2.07573277e-25
2.43623887e-25
2.85896808e-25
3.35520821e-25
3.93779135e-25
4.62133359e-25
5.42384896e-25
6.36520189e-25
7.47046418e-25
8.76814013e-25
1.02908868e-24
1.20761465e-24
1.41720212e-24
1.66329249e-24
1.95197128e-24
2.29113589e-24
2.68877110e-24
3.15557188e-24
3.70359618e-24
4.34679823e-24
5.10089795e-24
5.98631135e-24
7.02595016e-24
8.24665699e-24
9.67805798e-24
1.13573433e-23
1.33287790e-23
1.56435422e-23
1.83611006e-23
2.15469410e-23
2.52872269e-23
2.96783359e-23
3.48336009e-23
4.08795293e-23
4.79723918e-23
5.63004192e-23
6.60794660e-23
7.75612481e-23
9.10177164e-23
1.06813765e-22
1.25357270e-22
1.47128209e-22
1.72663852e-22
2.02609733e-22
2.37744081e-22
2.78937773e-22
3.27169665e-22
3.83498059e-22
4.49178524e-22
5.25551320e-22
6.13996490e-22
7.15913685e-22
8.32694405e-22
9.65719116e-22
1.11637111e-21
1.28600442e-21
1.47600908e-21
1.68777847e-21
1.92290797e-21
2.18306684e-21
2.47050066e-21
2.78773212e-21
