2.37393976e-33
2.98589209e-33
3.72644702e-33
4.62539579e-33
5.71344955e-33
7.03359109e-33
8.63400844e-33
1.05670598e-32
1.29110742e-32
1.57486521e-32
1.91770562e-32
2.33281966e-32
2.83520421e-32
3.44259470e-32
4.17783246e-32
5.06828622e-32
6.14720553e-32
7.45491999e-32
9.04007269e-32
1.09552985e-31
1.32766550e-31
1.60910716e-31
1.95042716e-31
2.36391384e-31
2.86415671e-31
3.47073732e-31
4.20632411e-31
5.09819473e-31
6.17734266e-31
7.48454390e-31
9.06991378e-31
1.09929387e-30
1.33235981e-30
1.61419591e-30
1.95591862e-30
2.37032354e-30
2.87276778e-30
3.48113575e-30
4.21784208e-30
5.11127703e-30
6.19485453e-30
7.50837353e-30
9.09625540e-30
1.10216774e-29
1.33569135e-29
1.61896973e-29
1.96180867e-29
2.37694896e-29
2.88033563e-29
3.49081194e-29
4.23110515e-29
5.12590008e-29
6.21100971e-29
7.52707786e-29
9.12337878e-29
1.10556439e-28
1.33945604e-28
1.62307262e-28
1.96706322e-28
2.38435708e-28
2.88868377e-28
3.50018430e-28
4.24173013e-28
5.14107538e-28
6.23004277e-28
7.54796950e-28
9.14627556e-28
1.10849115e-27
1.34362553e-27
1.62790912e-27
1.97243706e-27
2.39022270e-27
2.89695268e-27
3.51080116e-27
4.25356533e-27
5.15430835e-27
6.24670247e-27
7.57131940e-27
9.17353360e-27
1.11146487e-26
1.34686028e-26
1.63234274e-26
1.97815706e-26
2.39611691e-26
2.90219763e-26
3.51441196e-26
4.25395532e-26
5.14404854e-26
6.21267002e-26
7.49300382e-26
9.02085615e-26
1.08362050e-25
1.29840143e-25
1.55135400e-25
1.84805671e-25
2.19491272e-25
2.59923808e-25
3.06919157e-25
3.61472107e-25
4.24709926e-25
