1.15556699e+04
1.18692871e+04
1.21793333e+04
1.24852634e+04
1.27866354e+04
1.30832504e+04
1.33752450e+04
1.36631211e+04
1.39475154e+04
1.42295781e+04
1.45101355e+04
1.47903953e+04
1.50715350e+04
1.53544091e+04
1.56402499e+04
1.59298364e+04
1.62244143e+04
1.65246238e+04
1.68311446e+04
1.71452071e+04
1.74677381e+04
1.77996860e+04
1.81413841e+04
1.84940841e+04
1.88582249e+04
1.92351810e+04
1.96263920e+04
2.00316852e+04
2.04531204e+04
2.08906834e+04
2.13470453e+04
2.18213725e+04
2.23158501e+04
2.28321439e+04
2.33714098e+04
2.39348928e+04
2.45235158e+04
2.51387801e+04
2.57828050e+04
2.64572486e+04
2.71638760e+04
2.79045626e+04
2.86812978e+04
2.94961875e+04
3.03510252e+04
3.12477501e+04
3.21894366e+04
3.31787073e+04
3.42183233e+04
3.53111885e+04
3.64603542e+04
3.76690246e+04
3.89405620e+04
4.02784946e+04
4.16865240e+04
4.31685348e+04
4.47273896e+04
4.63684786e+04
4.80967336e+04
4.99169839e+04
5.18343212e+04
5.38541204e+04
5.59820628e+04
5.82241611e+04
6.05854279e+04
6.30719734e+04
6.56920805e+04
6.84533122e+04
7.13636932e+04
7.44296970e+04
7.76562762e+04
8.10580672e+04
8.46384598e+04
8.84102842e+04
9.23788890e+04
9.65576782e+04
1.00954629e+05
1.05578711e+05
1.10440020e+05
1.15548838e+05
1.20915572e+05
1.26549159e+05
1.32458463e+05
1.38651934e+05
1.45136969e+05
1.51919342e+05
1.59003369e+05
1.66391127e+05
1.74081481e+05
1.82070547e+05
1.90351801e+05
1.98909798e+05
2.07731301e+05
2.16792698e+05
2.26072328e+05
2.35545546e+05
2.45190004e+05
2.54984854e+05
2.64911896e+05
2.74952479e+05
