5.16636569e-21
4.81069218e-21
4.50998927e-21
4.25254058e-21
4.02971145e-21
3.83497033e-21
3.66323147e-21
3.51044613e-21
3.37336207e-21
3.24940710e-21
3.13644065e-21
3.03270963e-21
2.93680534e-21
2.84756708e-21
2.76412520e-21
2.68556449e-21
2.61137629e-21
2.54089630e-21
2.47369350e-21
2.40940224e-21
2.34767143e-21
2.28827517e-21
2.23090017e-21
2.17533069e-21
2.12150755e-21
2.06913239e-21
2.01810059e-21
1.96830845e-21
1.91967998e-21
1.87203507e-21
1.82531717e-21
1.77948155e-21
1.73448294e-21
1.69021130e-21
1.64661480e-21
1.60364535e-21
1.56131478e-21
1.51953687e-21
1.47826888e-21
1.43747207e-21
1.39711190e-21
1.35718417e-21
1.31774290e-21
1.27866077e-21
1.23991813e-21
1.20156715e-21
1.16359989e-21
1.12593006e-21
1.08857752e-21
1.05162146e-21
1.01494509e-21
9.78552667e-22
9.42563291e-22
9.06857792e-22
8.71447542e-22
8.36409035e-22
8.01704001e-22
7.67322829e-22
7.33285460e-22
6.99658532e-22
6.66398884e-22
6.33528914e-22
6.01071843e-22
5.69051675e-22
5.37498491e-22
5.06433136e-22
4.75876986e-22
4.45860804e-22
4.16417374e-22
3.87583506e-22
3.59396231e-22
3.31893248e-22
3.05119272e-22
2.79120052e-22
2.53943721e-22
2.29643832e-22
2.06277136e-22
1.83891611e-22
1.62555290e-22
1.42330045e-22
1.23272065e-22
1.05451289e-22
8.89273956e-23
7.37640169e-23
6.00189438e-23
4.77308307e-23
3.69457744e-23
2.76800049e-23
1.99301646e-23
1.36669953e-23
8.81594218e-24
5.26306014e-24
2.84334842e-24
1.34747755e-24
5.36375929e-25
1.69166061e-25
3.97122543e-26
7.25528460e-27
1.71766954e-27
8.08178060e-28
