6.72433632e-13
6.39956217e-13
6.07450982e-13
5.74809085e-13
5.42140587e-13
5.09405396e-13
4.76830998e-13
4.44597699e-13
4.12904975e-13
3.81997046e-13
3.52147883e-13
3.23585402e-13
2.96497395e-13
2.71026938e-13
2.47265700e-13
2.25251355e-13
2.04947530e-13
1.86427646e-13
1.69465836e-13
1.53994513e-13
1.39905287e-13
1.27106860e-13
1.15481279e-13
1.04911065e-13
9.53016469e-14
8.65630366e-14
7.86484005e-14
7.14493903e-14
6.49058766e-14
5.89586731e-14
5.35609541e-14
4.86605805e-14
4.42056507e-14
4.01559476e-14
3.64750455e-14
3.31384899e-14
3.01056176e-14
2.73488782e-14
2.48431239e-14
2.25683347e-14
2.05033191e-14
1.86260904e-14
1.69197980e-14
1.53690401e-14
1.39631935e-14
1.26853819e-14
1.15237740e-14
1.04678461e-14
9.50914349e-15
8.63905809e-15
7.84817783e-15
7.12933711e-15
6.47598024e-15
5.88353249e-15
5.34506795e-15
4.85557057e-15
4.41064449e-15
4.00667743e-15
3.64012325e-15
3.30692264e-15
3.00403899e-15
2.72871891e-15
2.47902752e-15
2.25213566e-15
2.04589954e-15
1.85845480e-15
1.68764579e-15
1.53379184e-15
1.39338038e-15
1.26573585e-15
1.14970941e-15
1.04447349e-15
9.48862458e-16
8.61945672e-16
7.82928638e-16
7.10953244e-16
6.45975529e-16
5.86714523e-16
5.32814130e-16
4.83784228e-16
4.39227159e-16
3.98707852e-16
3.61797561e-16
3.28157500e-16
2.97480635e-16
2.69487762e-16
2.43900186e-16
2.20570173e-16
1.99176589e-16
1.79542364e-16
1.61551714e-16
1.44997237e-16
1.29751581e-16
1.15707956e-16
1.02753969e-16
9.07996702e-17
7.97661248e-17
6.95873826e-17
6.01928429e-17
5.14642967e-17
