6.00797877e-09
5.73471408e-09
5.46641361e-09
5.20210962e-09
4.94278979e-09
4.68851095e-09
4.43960037e-09
4.19712083e-09
3.96167988e-09
3.73451442e-09
3.51604226e-09
3.30695079e-09
3.10786052e-09
2.91890842e-09
2.74015213e-09
2.57148304e-09
2.41264902e-09
2.26337581e-09
2.12319392e-09
1.99158995e-09
1.86808687e-09
1.75217530e-09
1.64358801e-09
1.54166833e-09
1.44604302e-09
1.35632875e-09
1.27220568e-09
1.19332215e-09
1.11931921e-09
1.04989239e-09
9.84756077e-10
9.23699709e-10
8.66415258e-10
8.12673661e-10
7.62258521e-10
7.14984113e-10
6.70654612e-10
6.29063984e-10
5.90042534e-10
5.53432801e-10
5.19116461e-10
4.86924997e-10
4.56725748e-10
4.28394767e-10
4.01824970e-10
3.76909776e-10
3.53533613e-10
3.31602772e-10
3.11029220e-10
2.91744530e-10
2.73654698e-10
2.56683007e-10
2.40759891e-10
2.25798022e-10
2.11822267e-10
1.98685353e-10
1.86361531e-10
1.74800415e-10
1.63962207e-10
1.53795188e-10
1.44256145e-10
1.35306727e-10
1.26900597e-10
1.19044193e-10
1.11662074e-10
1.04736442e-10
9.82388153e-11
9.21467443e-11
8.64323085e-11
8.10711904e-11
7.60418006e-11
7.13191525e-11
6.69020279e-11
6.27525028e-11
5.88589511e-11
5.52055475e-11
5.17794637e-11
4.85654254e-11
4.55491192e-11
4.27179072e-11
4.00598128e-11
3.75653543e-11
3.52218239e-11
3.30192878e-11
3.09483751e-11
2.90001317e-11
2.71655911e-11
2.54380483e-11
2.38079856e-11
2.22687789e-11
2.08138375e-11
1.94373393e-11
1.81333673e-11
1.68972141e-11
1.57236914e-11
1.46089476e-11
1.35487277e-11
1.25407561e-11
1.15803140e-11
1.06596419e-11
