1.80886380e-22
2.13605595e-22
2.50357553e-22
2.91937677e-22
3.38855542e-22
3.91913951e-22
4.51841205e-22
5.19552844e-22
5.96039730e-22
6.82470518e-22
7.80241607e-22
8.90874334e-22
1.01612325e-21
1.15800798e-21
1.31884717e-21
1.50124145e-21
1.70812006e-21
1.94298016e-21
2.20968285e-21
2.51261493e-21
2.85672377e-21
3.24744049e-21
3.69149740e-21
4.19625958e-21
4.77006957e-21
5.42203280e-21
6.16279436e-21
7.00480205e-21
7.96197239e-21
9.05015060e-21
1.02862858e-20
1.16916151e-20
1.32892904e-20
1.51055469e-20
1.71693463e-20
1.95142346e-20
2.21800074e-20
2.52108581e-20
2.86556654e-20
3.25714664e-20
3.70211105e-20
4.20792204e-20
4.78292222e-20
5.43639232e-20
6.17891787e-20
7.02312332e-20
7.98291960e-20
9.07332333e-20
1.03135033e-19
1.17222005e-19
1.33236302e-19
1.51443488e-19
1.72138927e-19
1.95653268e-19
2.22384902e-19
2.52772706e-19
2.87282167e-19
3.26559713e-19
3.71164535e-19
4.21877768e-19
4.79536773e-19
5.45074760e-19
6.19524955e-19
7.04154109e-19
8.00359822e-19
9.09590689e-19
1.03401413e-18
1.17527085e-18
1.33586192e-18
1.51842408e-18
1.72592503e-18
1.96162715e-18
2.22958029e-18
2.53422635e-18
2.88060520e-18
3.27418212e-18
3.72144671e-18
4.22986378e-18
4.80780286e-18
5.46473803e-18
6.21088595e-18
7.05890443e-18
8.02234924e-18
9.11618011e-18
1.03561016e-17
1.17594856e-17
1.33450118e-17
1.51310050e-17
1.71351263e-17
1.93723172e-17
2.18611098e-17
2.46081367e-17
2.76324103e-17
3.09357029e-17
3.45288651e-17
3.84192310e-17
4.26167425e-17
4.71301017e-17
5.19804228e-17
5.71902457e-17
