6.01895672e-09
5.77938497e-09
5.56486634e-09
5.37175333e-09
5.19705222e-09
5.03826028e-09
4.89322401e-09
4.76005623e-09
4.63710881e-09
4.52300278e-09
4.41649946e-09
4.31652602e-09
4.22218884e-09
4.13272121e-09
4.04755928e-09
3.96602156e-09
3.88779028e-09
3.81234175e-09
3.73936186e-09
3.66857984e-09
3.59971752e-09
3.53261700e-09
3.46700588e-09
3.40270697e-09
3.33971501e-09
3.27773629e-09
3.21669410e-09
3.15650716e-09
3.09712257e-09
3.03835438e-09
2.98016221e-09
2.92251768e-09
2.86538941e-09
2.80866028e-09
2.75228348e-09
2.69621449e-09
2.64048566e-09
2.58499895e-09
2.52971065e-09
2.47458034e-09
2.41957141e-09
2.36468735e-09
2.31001229e-09
2.25537812e-09
2.20076298e-09
2.14624632e-09
2.09182327e-09
2.03737459e-09
1.98293191e-09
1.92861499e-09
1.87425546e-09
1.81986041e-09
1.76561044e-09
1.71132803e-09
1.65702991e-09
1.60283396e-09
1.54868163e-09
1.49455690e-09
1.44048955e-09
1.38658477e-09
1.33277231e-09
1.27908586e-09
1.22556071e-09
1.17223367e-09
1.11915207e-09
1.06634800e-09
1.01385438e-09
9.61720298e-10
9.09998822e-10
8.58750704e-10
8.08037878e-10
7.57924225e-10
7.08487390e-10
6.59808347e-10
6.11974126e-10
5.65084094e-10
5.19246518e-10
4.74555247e-10
4.31147581e-10
3.89153790e-10
3.48697801e-10
3.09939683e-10
2.73026955e-10
2.38127434e-10
2.05411130e-10
1.75020660e-10
1.47140512e-10
1.21911234e-10
9.94592104e-11
7.98886711e-11
6.32294493e-11
4.94563547e-11
3.84435134e-11
2.99600307e-11
2.36696572e-11
1.91546528e-11
1.59662219e-11
1.36961805e-11
1.20306197e-11
1.07625402e-11
