4.80483756e-17
5.33703850e-17
5.91942711e-17
6.55731459e-17
7.25744085e-17
8.02530526e-17
8.86698049e-17
9.79206553e-17
1.08055691e-16
1.19190906e-16
1.31421588e-16
1.44856839e-16
1.59619360e-16
1.75845968e-16
1.93688561e-16
2.13315215e-16
2.34897256e-16
2.58624823e-16
2.84739766e-16
3.13486679e-16
3.45134823e-16
3.79952755e-16
4.18250753e-16
4.60421926e-16
5.06861820e-16
5.57998703e-16
6.14238908e-16
6.76143284e-16
7.44311810e-16
8.19382995e-16
9.02014925e-16
9.92898907e-16
1.09298475e-15
1.20320540e-15
1.32456517e-15
1.45807389e-15
1.60500343e-15
1.76680992e-15
1.94501012e-15
2.14119007e-15
2.35692597e-15
2.59449312e-15
2.85610674e-15
3.14414215e-15
3.46110693e-15
3.80988539e-15
4.19398605e-15
4.61699333e-15
5.08272303e-15
5.59478827e-15
6.15866687e-15
6.77964007e-15
7.46353301e-15
8.21588444e-15
9.04381553e-15
9.95555220e-15
1.09595916e-14
1.20651707e-14
1.32806200e-14
1.46191159e-14
1.60931901e-14
1.77166187e-14
1.95027341e-14
2.14679176e-14
2.36319655e-14
2.60151330e-14
2.86397692e-14
3.15250641e-14
3.47024189e-14
3.82014910e-14
4.20548866e-14
4.62948881e-14
5.09594085e-14
5.60961553e-14
6.17532724e-14
6.79833136e-14
7.48336289e-14
8.23755505e-14
9.06807358e-14
9.98267733e-14
1.09891957e-13
1.20963268e-13
1.33154036e-13
1.46575810e-13
1.61346863e-13
1.77581301e-13
1.95424093e-13
2.15028330e-13
2.36543898e-13
2.60123230e-13
2.85921215e-13
3.14098088e-13
3.44822443e-13
3.78262635e-13
4.14600018e-13
4.54010760e-13
4.96702893e-13
5.42883200e-13
5.92842985e-13
6.46859669e-13
