1.22100449e-33
1.56694352e-33
1.98564363e-33
2.49477103e-33
3.11359245e-33
3.86332875e-33
4.77096208e-33
5.86907446e-33
7.19725502e-33
8.80452003e-33
1.07480423e-32
1.30976070e-32
1.59384033e-32
1.93744636e-32
2.35327096e-32
2.85676220e-32
3.46667133e-32
4.20482432e-32
5.09791130e-32
6.17997872e-32
7.49135438e-32
9.08111144e-32
1.10053415e-31
1.33359440e-31
1.61616419e-31
1.95877616e-31
2.37414847e-31
2.87640906e-31
3.48529484e-31
4.22360475e-31
5.11901065e-31
6.20340574e-31
7.51639831e-31
9.10817329e-31
1.10380733e-30
1.33780139e-30
1.62085171e-30
1.96398412e-30
2.38007777e-30
2.88466284e-30
3.49578661e-30
4.23548823e-30
5.13224239e-30
6.21962025e-30
7.53788696e-30
9.13382362e-30
1.10675792e-29
1.34121153e-29
1.62548142e-29
1.96983738e-29
2.38660673e-29
2.89194702e-29
3.50477233e-29
4.24749218e-29
5.14717811e-29
6.23665064e-29
7.55746079e-29
9.15903045e-29
1.10998905e-28
1.34487367e-28
1.62967437e-28
1.97500451e-28
2.39334249e-28
2.90040705e-28
3.51420726e-28
4.25845362e-28
5.16103262e-28
6.25511832e-28
7.57877433e-28
9.18343319e-28
1.11288875e-27
1.34878827e-27
1.63433484e-27
1.98024519e-27
2.39969412e-27
2.90833391e-27
3.52493020e-27
4.27063719e-27
5.17460891e-27
6.27061248e-27
7.59958435e-27
9.20820499e-27
1.11549546e-26
1.35118514e-26
1.63621591e-26
1.98027824e-26
2.39378603e-26
2.88996150e-26
3.48295670e-26
4.18793410e-26
5.02099333e-26
5.99916452e-26
7.14061574e-26
8.46470973e-26
9.99162255e-26
1.17438570e-25
1.37465158e-25
1.60268801e-25
1.86184964e-25
2.15593185e-25
