2.31225641e-33
2.85347342e-33
3.50801842e-33
4.30114642e-33
5.26310294e-33
6.42816747e-33
7.83861945e-33
9.54963607e-33
1.16193673e-32
1.41239015e-32
1.71579887e-32
2.08330077e-32
2.52845093e-32
3.06778907e-32
3.72120759e-32
4.51142273e-32
5.46842925e-32
6.62851774e-32
8.03518655e-32
9.74106408e-32
1.18047413e-31
1.43028754e-31
1.73325080e-31
2.10076438e-31
2.54652072e-31
3.08515044e-31
3.73811943e-31
4.53010031e-31
5.49087490e-31
6.65416059e-31
8.06153764e-31
9.76856647e-31
1.18393708e-30
1.43511339e-30
1.73870299e-30
2.10660687e-30
2.55285340e-30
3.09424523e-30
3.75006512e-30
4.54319021e-30
5.50511238e-30
6.67192376e-30
8.08720855e-30
9.79837948e-30
1.18715647e-29
1.43863391e-29
1.74373590e-29
2.11343637e-29
2.56034893e-29
3.10234419e-29
3.75978551e-29
4.55733585e-29
5.52194342e-29
6.69029777e-29
8.10743241e-29
9.82664748e-29
1.19104646e-28
1.44286591e-28
1.74827486e-28
2.11875813e-28
2.56822219e-28
3.11200118e-28
3.77036689e-28
4.56885754e-28
5.53750440e-28
6.71216519e-28
8.13125497e-28
9.85239097e-28
1.19401924e-27
1.44730136e-27
1.75379994e-27
2.12475971e-27
2.57468445e-27
3.12050475e-27
3.78255241e-27
4.58249284e-27
5.55237767e-27
6.72877747e-27
8.15590273e-27
9.88346447e-27
1.19737697e-26
1.45089782e-26
1.75840464e-26
2.13127204e-26
2.58169221e-26
3.12702079e-26
3.78728471e-26
4.58596582e-26
5.55037961e-26
6.71168470e-26
8.10838614e-26
9.78605018e-26
1.17957202e-25
1.41957576e-25
1.70616095e-25
2.04717391e-25
2.45244836e-25
2.93349904e-25
3.50400328e-25
4.17997191e-25
