4.77086326e-13
4.58963092e-13
4.43652593e-13
4.30601369e-13
4.19382462e-13
4.09653067e-13
4.01131468e-13
3.93584725e-13
3.86825417e-13
3.80699325e-13
3.75085636e-13
3.69888594e-13
3.65033120e-13
3.60453279e-13
3.56108434e-13
3.51950631e-13
3.47958999e-13
3.44096300e-13
3.40344643e-13
3.36683383e-13
3.33100831e-13
3.29578779e-13
3.26112788e-13
3.22685635e-13
3.19290260e-13
3.15919096e-13
3.12564216e-13
3.09217462e-13
3.05881679e-13
3.02545545e-13
2.99196373e-13
2.95848298e-13
2.92477290e-13
2.89095802e-13
2.85682957e-13
2.82256948e-13
2.78791914e-13
2.75300232e-13
2.71774604e-13
2.68203214e-13
2.64596205e-13
2.60947447e-13
2.57245719e-13
2.53488528e-13
2.49692026e-13
2.45835383e-13
2.41915565e-13
2.37929850e-13
2.33890095e-13
2.29782738e-13
2.25601415e-13
2.21343203e-13
2.17012145e-13
2.12610667e-13
2.08124036e-13
2.03549173e-13
1.98886893e-13
1.94148482e-13
1.89313639e-13
1.84379230e-13
1.79356546e-13
1.74240711e-13
1.69017678e-13
1.63700414e-13
1.58285923e-13
1.52757807e-13
1.47148178e-13
1.41422814e-13
1.35612213e-13
1.29690723e-13
1.23693485e-13
1.17598601e-13
1.11417568e-13
1.05172179e-13
9.88578397e-14
9.24879977e-14
8.60772499e-14
7.96417034e-14
7.31995243e-14
6.67819058e-14
6.04045297e-14
5.41069436e-14
4.79203317e-14
4.18872645e-14
3.60547910e-14
3.04754970e-14
2.52069388e-14
2.03109559e-14
1.58525276e-14
1.18960506e-14
8.50054673e-15
5.71160779e-15
3.55094476e-15
2.00355539e-15
1.00680291e-15
4.49621873e-16
1.89246831e-16
8.85740702e-17
5.29128967e-17
3.82226982e-17
