2.94026311e-21
2.74679213e-21
2.55559276e-21
2.36602968e-21
2.17878545e-21
1.99383988e-21
1.81273968e-21
1.63671272e-21
1.46701218e-21
1.30524692e-21
1.15303271e-21
1.01163477e-21
8.81982671e-22
7.64631946e-22
6.59727789e-22
5.67008467e-22
4.85844309e-22
4.15583031e-22
3.54918543e-22
3.02792683e-22
2.58147350e-22
2.20033906e-22
1.87544110e-22
1.59824061e-22
1.36183392e-22
1.16025945e-22
9.88804361e-23
8.42621315e-23
7.17975791e-23
6.11713278e-23
5.21224069e-23
4.44200764e-23
3.78522413e-23
3.22520489e-23
2.74773898e-23
2.34160728e-23
1.99543483e-23
1.70029425e-23
1.44868387e-23
1.23343996e-23
1.05196530e-23
8.96410246e-24
7.63776390e-24
6.50705741e-24
5.54526086e-24
4.72560206e-24
4.02672581e-24
3.43085376e-24
2.92131640e-24
2.49119355e-24
2.12281148e-24
1.80874540e-24
1.54101646e-24
1.31324252e-24
1.11913509e-24
9.53613506e-25
8.12484495e-25
6.91873365e-25
5.89946644e-25
5.02721607e-25
4.28355209e-25
3.64953846e-25
3.11001340e-25
2.65028087e-25
2.25827369e-25
1.92407191e-25
1.63862574e-25
1.39709620e-25
1.19053685e-25
1.01440358e-25
8.64226764e-26
7.36411698e-26
6.27522009e-26
5.34673892e-26
4.55508242e-26
3.87937401e-26
3.30607405e-26
2.81623878e-26
2.39836330e-26
2.04188058e-26
1.73673622e-26
1.47901554e-26
1.25785219e-26
1.06892518e-26
9.07475656e-27
7.69455788e-27
6.51418878e-27
5.50203866e-27
4.63770098e-27
3.89882695e-27
3.26371997e-27
2.71890308e-27
2.25149128e-27
1.85112990e-27
1.50845264e-27
1.21581427e-27
9.66666144e-28
7.55566269e-28
5.77548996e-28
4.27578142e-28
