5.92900637e-17
5.58464116e-17
5.24239085e-17
4.90110876e-17
4.56208314e-17
4.22504914e-17
3.89258700e-17
3.56678417e-17
3.24991913e-17
2.94468908e-17
2.65401248e-17
2.38024722e-17
2.12523186e-17
1.89022463e-17
1.67583436e-17
1.48200980e-17
1.30787596e-17
1.15348403e-17
1.01612533e-17
8.94565286e-18
7.87234400e-18
6.92749220e-18
6.09598774e-18
5.36367902e-18
4.71888480e-18
4.15096460e-18
3.65284655e-18
3.21397605e-18
2.82761940e-18
2.48753903e-18
2.18861667e-18
1.92579329e-18
1.69438874e-18
1.49065802e-18
1.31131206e-18
1.15386009e-18
1.01524341e-18
8.93219114e-19
7.85804388e-19
6.91366137e-19
6.08335903e-19
5.35230404e-19
4.70872924e-19
4.14225062e-19
3.64489619e-19
3.20708559e-19
2.82163689e-19
2.48229802e-19
2.18390526e-19
1.92161283e-19
1.69069961e-19
1.48743491e-19
1.30851771e-19
1.15139708e-19
1.01308990e-19
8.91317167e-20
7.84116448e-20
6.89849671e-20
6.07007721e-20
5.34077257e-20
4.69873592e-20
4.13353328e-20
3.63708507e-20
3.20015360e-20
2.81549589e-20
2.47690376e-20
2.17798917e-20
1.91746868e-20
1.68707849e-20
1.48423300e-20
1.30565669e-20
1.14878677e-20
1.01075120e-20
8.89223964e-21
7.82229832e-21
6.87823211e-21
6.05335205e-21
5.32446294e-21
4.68241306e-21
4.11683466e-21
3.61912788e-21
3.18087694e-21
2.79434285e-21
2.45327061e-21
2.15217019e-21
1.88622035e-21
1.65092705e-21
1.44342985e-21
1.25935082e-21
1.09598181e-21
9.51324793e-22
8.22704098e-22
7.08331400e-22
6.06683755e-22
5.16308693e-22
4.36010578e-22
3.64750536e-22
3.01650635e-22
2.45895342e-22
1.96421647e-22
