1.29983258e-33
1.74031212e-33
2.27733409e-33
2.93492676e-33
3.73527970e-33
4.70835929e-33
5.88776780e-33
7.31525732e-33
9.04110947e-33
1.11253120e-32
1.36433464e-32
1.66847452e-32
2.03588924e-32
2.47993464e-32
3.01688060e-32
3.66620363e-32
4.45165347e-32
5.40235351e-32
6.55333475e-32
7.94714489e-32
9.63502051e-32
1.16787042e-31
1.41551947e-31
1.71564782e-31
2.07847011e-31
2.51988835e-31
3.05351760e-31
3.70020017e-31
4.48401200e-31
5.43403908e-31
6.58470336e-31
7.97933322e-31
9.66954172e-31
1.17179331e-30
1.41991170e-30
1.72051876e-30
2.08489233e-30
2.52658727e-30
3.06196963e-30
3.71027718e-30
4.49591605e-30
5.44802451e-30
6.60202310e-30
8.00019547e-30
9.69426052e-30
1.17476382e-29
1.42363726e-29
1.72521712e-29
2.09046721e-29
2.53306125e-29
3.06952940e-29
3.71984811e-29
4.50783563e-29
5.46240094e-29
6.61921800e-29
8.02115185e-29
9.71913880e-29
1.17781194e-28
1.42722492e-28
1.72955248e-28
2.09600281e-28
2.53997925e-28
3.07770582e-28
3.72937117e-28
4.51923004e-28
5.47552772e-28
6.63647462e-28
8.04195326e-28
9.74531312e-28
1.18096304e-27
1.43107853e-27
1.73402739e-27
2.10123354e-27
2.54635785e-27
3.08495289e-27
3.73941467e-27
4.53116341e-27
5.49061930e-27
6.65337343e-27
8.06217735e-27
9.76777552e-27
1.18328513e-26
1.43305145e-26
1.73387794e-26
2.09756700e-26
2.53291512e-26
3.05266189e-26
3.66918882e-26
4.39477018e-26
5.24084697e-26
6.21833118e-26
7.33545534e-26
8.60223597e-26
1.00232430e-25
1.16050261e-25
1.33532119e-25
1.52742084e-25
1.73745626e-25
1.96670583e-25
2.21667761e-25
