1.13598990e-22
1.38419162e-22
1.74053416e-22
2.28527166e-22
3.15806238e-22
4.56472396e-22
6.76301420e-22
1.00358674e-21
1.46707694e-21
2.09406624e-21
2.91113417e-21
3.94213064e-21
5.21175419e-21
6.74336197e-21
8.56115624e-21
1.06891342e-20
1.31545561e-20
1.59831173e-20
1.92008916e-20
2.28417382e-20
2.69398301e-20
3.15322485e-20
3.66476469e-20
4.23357419e-20
4.86301468e-20
5.55841470e-20
6.32595033e-20
7.16944313e-20
8.09579974e-20
9.11038392e-20
1.02231374e-19
1.14353576e-19
1.27596140e-19
1.42045481e-19
1.57790114e-19
1.74921756e-19
1.93517200e-19
2.13722182e-19
2.35658238e-19
2.59456597e-19
2.85258916e-19
3.13218049e-19
3.43498844e-19
3.76278971e-19
4.11749783e-19
4.50100012e-19
4.91520067e-19
5.36282103e-19
5.84641879e-19
6.36874258e-19
6.93274479e-19
7.54159536e-19
8.19869692e-19
8.90770142e-19
9.67252871e-19
1.04973872e-18
1.13867976e-18
1.23452997e-18
1.33781531e-18
1.44914882e-18
1.56914482e-18
1.69846701e-18
1.83783356e-18
1.98796136e-18
2.14964273e-18
2.32384370e-18
2.51155711e-18
2.71386670e-18
2.93195662e-18
3.16683029e-18
3.41984357e-18
3.69280005e-18
3.98673256e-18
4.30390280e-18
4.64562790e-18
5.01439565e-18
5.41228480e-18
5.84165701e-18
6.30518545e-18
6.80587007e-18
7.34703167e-18
7.93223012e-18
8.56550044e-18
9.25136120e-18
9.99489705e-18
1.08018333e-17
1.16787221e-17
1.26330711e-17
1.36735677e-17
1.48102855e-17
1.60554561e-17
1.74228914e-17
1.89296016e-17
2.05957618e-17
2.24457071e-17
2.45086731e-17
2.68197405e-17
2.94216879e-17
3.23669884e-17
3.57210907e-17
