3.59939571e-28
4.40443666e-28
5.48276775e-28
6.97630357e-28
9.09497125e-28
1.21063585e-27
1.63097123e-27
2.20184364e-27
2.95545844e-27
3.92637954e-27
5.15171499e-27
6.67283640e-27
8.53598452e-27
1.07957158e-26
1.35101495e-26
1.67522314e-26
2.06007591e-26
2.51483143e-26
3.04968203e-26
3.67745908e-26
4.41116652e-26
5.26679132e-26
6.26488213e-26
7.42213935e-26
8.76585849e-26
1.03239806e-25
1.21273666e-25
1.42093597e-25
1.66131259e-25
1.93867155e-25
2.25839720e-25
2.62615105e-25
3.04932735e-25
3.53611992e-25
4.09597571e-25
4.73978891e-25
5.47809848e-25
6.32457128e-25
7.29702279e-25
8.41371593e-25
9.68926156e-25
1.11537688e-24
1.28339213e-24
1.47514404e-24
1.69521445e-24
1.94703563e-24
2.23475998e-24
2.56486152e-24
2.94124303e-24
3.37227058e-24
3.86557968e-24
4.42802507e-24
5.07268615e-24
5.80770004e-24
6.64795949e-24
7.60990758e-24
8.70459880e-24
9.95778636e-24
1.13891555e-23
1.30202519e-23
1.48860515e-23
1.70161457e-23
1.94428155e-23
2.22163079e-23
2.53852945e-23
2.89953928e-23
3.31139807e-23
3.78163260e-23
4.31836943e-23
4.93085384e-23
5.62961688e-23
6.42667518e-23
7.33577198e-23
8.37266956e-23
9.55550526e-23
1.09052249e-22
1.24461084e-22
1.42026757e-22
1.62070606e-22
1.84940745e-22
2.11052092e-22
2.40837273e-22
2.74828280e-22
3.13615498e-22
3.57923744e-22
4.08507129e-22
4.66303019e-22
5.32331278e-22
6.07828504e-22
6.94184147e-22
7.93035537e-22
9.06290533e-22
1.03618907e-21
1.18540482e-21
1.35710373e-21
1.55508867e-21
1.78395822e-21
2.04925526e-21
2.35771193e-21
2.71760071e-21
