1.15120432e+04
1.17717748e+04
1.20181039e+04
1.22510257e+04
1.24708111e+04
1.26781437e+04
1.28741305e+04
1.30602067e+04
1.32378810e+04
1.34087541e+04
1.35742696e+04
1.37357325e+04
1.38942739e+04
1.40511056e+04
1.42068700e+04
1.43626974e+04
1.45189038e+04
1.46765863e+04
1.48362220e+04
1.49985094e+04
1.51638497e+04
1.53330299e+04
1.55062583e+04
1.56844430e+04
1.58680636e+04
1.60576832e+04
1.62539509e+04
1.64576038e+04
1.66687519e+04
1.68884326e+04
1.71179060e+04
1.73566364e+04
1.76068297e+04
1.78681243e+04
1.81427620e+04
1.84299472e+04
1.87325885e+04
1.90504533e+04
1.93850689e+04
1.97385779e+04
2.01110609e+04
2.05042677e+04
2.09207040e+04
2.13621206e+04
2.18280660e+04
2.23226632e+04
2.28481591e+04
2.34069405e+04
2.39993994e+04
2.46297187e+04
2.53014102e+04
2.60177416e+04
2.67809955e+04
2.75938148e+04
2.84623496e+04
2.93911000e+04
3.03841066e+04
3.14432738e+04
3.25779015e+04
3.37942399e+04
3.50952873e+04
3.64884127e+04
3.79844291e+04
3.95872115e+04
4.13056803e+04
4.31542699e+04
4.51319083e+04
4.72613684e+04
4.95432147e+04
5.20006132e+04
5.46332333e+04
5.74662266e+04
6.05122616e+04
6.37796571e+04
6.72919498e+04
7.10657582e+04
7.51191509e+04
7.94717906e+04
8.41449963e+04
8.91533822e+04
9.45270272e+04
1.00280750e+05
1.06440385e+05
1.13025841e+05
1.20056599e+05
1.27549998e+05
1.35520585e+05
1.43978730e+05
1.52927894e+05
1.62363413e+05
1.72269366e+05
1.82616715e+05
1.93360501e+05
2.04439815e+05
2.15781997e+05
2.27302943e+05
2.38923135e+05
2.50569820e+05
2.62181980e+05
2.73705051e+05
