6.03996549e-09
5.79518389e-09
5.55130560e-09
5.30802946e-09
5.06512418e-09
4.82340928e-09
4.58353172e-09
4.34693930e-09
4.11404049e-09
3.88664600e-09
3.66586919e-09
3.45254642e-09
3.24831653e-09
3.05316004e-09
2.86768704e-09
2.69207713e-09
2.52629580e-09
2.37032135e-09
2.22370711e-09
2.08595397e-09
1.95661359e-09
1.83514453e-09
1.72151743e-09
1.61478945e-09
1.51462963e-09
1.42063985e-09
1.33253824e-09
1.24993352e-09
1.17242426e-09
1.09969556e-09
1.03143107e-09
9.67530534e-10
9.07539136e-10
8.51244640e-10
7.98423713e-10
7.48910349e-10
7.02490676e-10
6.58930709e-10
6.18053475e-10
5.79694693e-10
5.43764979e-10
5.10050263e-10
4.78415647e-10
4.48733131e-10
4.20904519e-10
3.94814845e-10
3.70331043e-10
3.47355718e-10
3.25797811e-10
3.05604816e-10
2.86659150e-10
2.68881324e-10
2.52198859e-10
2.36555690e-10
2.21891660e-10
2.08131330e-10
1.95220004e-10
1.83105708e-10
1.71756810e-10
1.61109036e-10
1.51116771e-10
1.41740057e-10
1.32924219e-10
1.24706389e-10
1.16973856e-10
1.09718212e-10
1.02909825e-10
9.65303307e-11
9.05453430e-11
8.49290122e-11
7.96590389e-11
7.47061884e-11
7.00851269e-11
6.57383711e-11
6.16587815e-11
5.78298037e-11
5.42405653e-11
5.08728641e-11
4.77112302e-11
4.47425287e-11
4.19538988e-11
3.93384542e-11
3.68791529e-11
3.45659977e-11
3.23891394e-11
3.03391754e-11
2.84070662e-11
2.65820423e-11
2.48594456e-11
2.32321310e-11
2.16901301e-11
2.02262093e-11
1.88353730e-11
1.75124571e-11
1.62526187e-11
1.50512113e-11
1.39052490e-11
1.28101265e-11
1.17626972e-11
1.07542678e-11
