2.51715768e-33
3.29779634e-33
4.24720398e-33
5.40255132e-33
6.80950136e-33
8.51633365e-33
1.05817590e-32
1.30830952e-32
1.61063737e-32
1.97610397e-32
2.41782759e-32
2.95159061e-32
3.59666685e-32
4.37659766e-32
5.32009183e-32
6.46205812e-32
7.84388405e-32
9.51553791e-32
1.15399711e-31
1.39921920e-31
1.69634250e-31
2.05615462e-31
2.49182774e-31
3.01993057e-31
3.66011059e-31
4.43546482e-31
5.37534163e-31
6.51331120e-31
7.89275591e-31
9.56523429e-31
1.15920476e-30
1.40460808e-30
1.70207610e-30
2.06265039e-30
2.49915703e-30
3.02889158e-30
3.67007816e-30
4.44745322e-30
5.38998466e-30
6.53222995e-30
7.91480410e-30
9.59053035e-30
1.16218538e-29
1.40803244e-29
1.70670993e-29
2.06807138e-29
2.50613571e-29
3.03716656e-29
3.68072563e-29
4.45960179e-29
5.40376611e-29
6.54848588e-29
7.93648107e-29
9.61740557e-29
1.16534465e-28
1.41212674e-28
1.71127431e-28
2.07391189e-28
2.51282596e-28
3.04493822e-28
3.69004620e-28
4.47211667e-28
5.41921321e-28
6.56618553e-28
7.95653183e-28
9.64220322e-28
1.16861168e-27
1.41598043e-27
1.71581628e-27
2.07925516e-27
2.51981566e-27
3.05345461e-27
3.69974686e-27
4.48329316e-27
5.43329034e-27
6.58453859e-27
7.97887183e-27
9.66789638e-27
1.17151592e-26
1.41969016e-26
1.72030031e-26
2.08410847e-26
2.52456881e-26
3.05722797e-26
3.69956106e-26
4.47339690e-26
5.40056628e-26
6.50754049e-26
7.82123980e-26
9.36910752e-26
1.11784201e-25
1.32760555e-25
1.56886388e-25
1.84420443e-25
2.15628276e-25
2.50772343e-25
2.90155560e-25
3.34094780e-25
3.83015856e-25
4.37409690e-25
