1.77685053e-22
2.07027371e-22
2.40129713e-22
2.77522507e-22
3.19892755e-22
3.67834392e-22
4.22034535e-22
4.83458887e-22
5.52888362e-22
6.31547593e-22
7.20660541e-22
8.21632573e-22
9.36083159e-22
1.06587352e-21
1.21313822e-21
1.38031767e-21
1.57006595e-21
1.78540062e-21
2.03004834e-21
2.30805344e-21
2.62402144e-21
2.98290813e-21
3.39048590e-21
3.85387667e-21
4.38077774e-21
4.97968823e-21
5.66009965e-21
6.43318038e-21
7.31215680e-21
8.31164621e-21
9.44764622e-21
1.07377842e-20
1.22047676e-20
1.38728207e-20
1.57684028e-20
1.79231255e-20
2.03707424e-20
2.31539622e-20
2.63190462e-20
2.99169539e-20
3.40021541e-20
3.86468690e-20
4.39279515e-20
4.99285247e-20
5.67534293e-20
6.45044555e-20
7.33183355e-20
8.33407635e-20
9.47341754e-20
1.07668155e-19
1.22373872e-19
1.39095864e-19
1.58112400e-19
1.79713950e-19
2.04258662e-19
2.32166105e-19
2.63897610e-19
2.99974842e-19
3.40928384e-19
3.87496376e-19
4.40451651e-19
5.00670865e-19
5.69078928e-19
6.46790167e-19
7.35146447e-19
8.35616244e-19
9.49870914e-19
1.07956642e-18
1.22703530e-18
1.39471546e-18
1.58537723e-18
1.80198854e-18
2.04803899e-18
2.32782123e-18
2.64598536e-18
3.00773570e-18
3.41854112e-18
3.88545507e-18
4.41632473e-18
5.01995069e-18
5.70584293e-18
6.48478622e-18
7.37021222e-18
8.37632544e-18
9.51833628e-18
1.08133464e-17
1.22794615e-17
1.39375395e-17
1.58081756e-17
1.79122067e-17
2.02704496e-17
2.29038237e-17
2.58336425e-17
2.90808990e-17
3.26677145e-17
3.66157939e-17
4.09508273e-17
4.56981435e-17
5.08941921e-17
5.65765532e-17
