3.64438228e-28
4.41240716e-28
5.30840352e-28
6.35850340e-28
7.59006352e-28
9.03142868e-28
1.07183775e-27
1.26925865e-27
1.50031969e-27
1.77097608e-27
2.08785867e-27
2.45884962e-27
2.89329061e-27
3.40224171e-27
3.99878098e-27
4.69833745e-27
5.51906237e-27
6.48111239e-27
7.60853783e-27
8.93163928e-27
1.04846956e-26
1.23080905e-26
1.44454842e-26
1.69526517e-26
1.98966762e-26
2.33539058e-26
2.74134099e-26
3.21676018e-26
3.77495351e-26
4.43044019e-26
5.20029951e-26
6.10324378e-26
7.16212652e-26
8.40547015e-26
9.86547617e-26
1.15799592e-25
1.35882441e-25
1.59461389e-25
1.87152394e-25
2.19674473e-25
2.57823520e-25
3.02546530e-25
3.55057943e-25
4.16722985e-25
4.89133417e-25
5.74003000e-25
6.73614027e-25
7.90585574e-25
9.27947240e-25
1.08910035e-24
1.27799280e-24
1.49980319e-24
1.76030443e-24
2.06615895e-24
2.42479503e-24
2.84553201e-24
3.33955317e-24
3.91969444e-24
4.60053808e-24
5.39850508e-24
6.33556826e-24
7.43601920e-24
8.72770883e-24
1.02429095e-23
1.20198815e-23
1.41065314e-23
1.65572082e-23
1.94341338e-23
2.28051438e-23
2.67633073e-23
3.14110917e-23
3.68691764e-23
4.32674790e-23
5.07738454e-23
5.95890337e-23
6.99418965e-23
8.20969879e-23
9.63348857e-23
1.13051542e-22
1.32680869e-22
1.55733000e-22
1.82760340e-22
2.14450380e-22
2.51635669e-22
2.95243005e-22
3.46327800e-22
4.05961531e-22
4.75574668e-22
5.56647890e-22
6.50761759e-22
7.59598437e-22
8.84950783e-22
1.02875196e-21
1.19307913e-21
1.38010038e-21
1.59225077e-21
1.83224647e-21
2.10298038e-21
2.40809888e-21
2.75155700e-21
