1.05143349e-11
1.13576634e-11
1.23142131e-11
1.34074892e-11
1.46663152e-11
1.61233941e-11
1.78130288e-11
1.97670302e-11
2.20140633e-11
2.45780282e-11
2.74789972e-11
3.07314205e-11
3.43508355e-11
3.83462426e-11
4.27264929e-11
4.75055768e-11
5.26837874e-11
5.82787478e-11
6.42981377e-11
7.07505196e-11
7.76467724e-11
8.49934211e-11
9.28094018e-11
1.01108920e-10
1.09890206e-10
1.19180268e-10
1.28999535e-10
1.39347656e-10
1.50247820e-10
1.61729805e-10
1.73806684e-10
1.86477520e-10
1.99778335e-10
2.13733253e-10
2.28364513e-10
2.43696474e-10
2.59749478e-10
2.76531590e-10
2.94089711e-10
3.12456012e-10
3.31664386e-10
3.51750248e-10
3.72688964e-10
3.94561425e-10
4.17418009e-10
4.41283801e-10
4.66136972e-10
4.92094912e-10
5.19201776e-10
5.47409671e-10
5.76845889e-10
6.07568513e-10
6.39551826e-10
6.72893234e-10
7.07673899e-10
7.43907748e-10
7.81639825e-10
8.20983864e-10
8.61999242e-10
9.04704785e-10
9.49197603e-10
9.95571751e-10
1.04390111e-09
1.09426441e-09
1.14674592e-09
1.20143069e-09
1.25842321e-09
1.31783287e-09
1.37976685e-09
1.44433623e-09
1.51167256e-09
1.58190771e-09
1.65517800e-09
1.73163767e-09
1.81144325e-09
1.89477186e-09
1.98178975e-09
2.07273979e-09
2.16781103e-09
2.26723364e-09
2.37131290e-09
2.48028262e-09
2.59449660e-09
2.71427498e-09
2.83998626e-09
2.97216410e-09
3.11119725e-09
3.25771149e-09
3.41232398e-09
3.57571352e-09
3.74874063e-09
3.93232111e-09
4.12756917e-09
4.33563477e-09
4.55788271e-09
4.79585309e-09
5.05120619e-09
5.32581386e-09
5.62181654e-09
5.94164033e-09
