7.66457035e-09
7.44439490e-09
7.25506051e-09
7.09119640e-09
6.94848294e-09
6.82330303e-09
6.71256622e-09
6.61363043e-09
6.52431759e-09
6.44279371e-09
6.36760136e-09
6.29757045e-09
6.23177489e-09
6.16938658e-09
6.10990320e-09
6.05270858e-09
5.99754793e-09
5.94393268e-09
5.89163488e-09
5.84038339e-09
5.79002813e-09
5.74032402e-09
5.69121734e-09
5.64247106e-09
5.59398976e-09
5.54566923e-09
5.49739840e-09
5.44906117e-09
5.40069951e-09
5.35214948e-09
5.30322471e-09
5.25413006e-09
5.20451076e-09
5.15454672e-09
5.10392538e-09
5.05291225e-09
5.00111725e-09
4.94871916e-09
4.89560264e-09
4.84158211e-09
4.78680323e-09
4.73116538e-09
4.67448828e-09
4.61672318e-09
4.55810903e-09
4.49831423e-09
4.43727929e-09
4.37494864e-09
4.31149520e-09
4.24669313e-09
4.18042685e-09
4.11263363e-09
4.04336127e-09
3.97263236e-09
3.90019227e-09
3.82597092e-09
3.74996046e-09
3.67232474e-09
3.59270933e-09
3.51103735e-09
3.42747062e-09
3.34190293e-09
3.25407088e-09
3.16416284e-09
3.07209852e-09
2.97756535e-09
2.88107938e-09
2.78201655e-09
2.68086657e-09
2.57714288e-09
2.47141967e-09
2.36326841e-09
2.25284457e-09
2.14049032e-09
2.02607345e-09
1.90978335e-09
1.79183023e-09
1.67245162e-09
1.55192271e-09
1.43076456e-09
1.30920760e-09
1.18793758e-09
1.06748670e-09
9.48614490e-10
8.32181009e-10
7.19173991e-10
6.10706513e-10
5.08014932e-10
4.12452282e-10
3.25432952e-10
2.48359871e-10
1.82485243e-10
1.28716597e-10
8.73506955e-11
5.77983010e-11
3.84514712e-11
2.68364350e-11
2.02221924e-11
1.63778668e-11
1.39565250e-11
