4.72365286e-13
4.46599243e-13
4.21176231e-13
3.96060666e-13
3.71235505e-13
3.46797479e-13
3.22828555e-13
2.99491574e-13
2.76846154e-13
2.55086697e-13
2.34333506e-13
2.14671274e-13
1.96258983e-13
1.79076318e-13
1.63160887e-13
1.48498782e-13
1.35049604e-13
1.22767644e-13
1.11570454e-13
1.01372627e-13
9.20949281e-14
8.36534320e-14
7.60074198e-14
6.90503387e-14
6.27269012e-14
5.69797863e-14
5.17622782e-14
4.70243143e-14
4.27187012e-14
3.88060742e-14
3.52492332e-14
3.20251535e-14
2.90933018e-14
2.64287007e-14
2.40072624e-14
2.18090006e-14
1.98130657e-14
1.79991378e-14
1.63505719e-14
1.48523069e-14
1.34930881e-14
1.22577953e-14
1.11352332e-14
1.01151643e-14
9.18897570e-15
8.34802441e-15
7.58367984e-15
6.88900348e-15
6.25771156e-15
5.68501795e-15
5.16463261e-15
4.69172292e-15
4.26194444e-15
3.87163784e-15
3.51727519e-15
3.19521342e-15
2.90254103e-15
2.63659606e-15
2.39531196e-15
2.17606845e-15
1.97680291e-15
1.79570032e-15
1.63071678e-15
1.48192190e-15
1.34624500e-15
1.22295081e-15
1.11090656e-15
1.00922895e-15
9.16841016e-16
8.32872027e-16
7.56562747e-16
6.87080414e-16
6.24350922e-16
5.67177489e-16
5.15209578e-16
4.67970969e-16
4.25084454e-16
3.86112028e-16
3.50677698e-16
3.18456079e-16
2.89144512e-16
2.62523269e-16
2.38280487e-16
2.16198363e-16
1.96074466e-16
1.77724187e-16
1.60978364e-16
1.45659927e-16
1.31666062e-16
1.18873402e-16
1.07139002e-16
9.63560181e-17
8.64446812e-17
7.73272922e-17
6.89334854e-17
6.11990643e-17
5.40751867e-17
4.75076283e-17
4.14546484e-17
3.58408464e-17
