2.92719862e-33
6.42460002e-33
2.80266834e-32
1.58412546e-31
6.96757566e-31
2.28101684e-30
5.91678699e-30
1.28905588e-29
2.46360841e-29
4.26075445e-29
6.82004440e-29
1.02685323e-28
1.47256477e-28
2.02946811e-28
2.70700155e-28
3.51483220e-28
4.45979880e-28
5.55139819e-28
6.79714547e-28
8.20446545e-28
9.78114127e-28
1.15338447e-27
1.34721993e-27
1.56048800e-27
1.79363652e-27
2.04787283e-27
2.32426988e-27
2.62332349e-27
2.94620425e-27
3.29432320e-27
3.66862170e-27
4.06960116e-27
4.49894010e-27
4.95798882e-27
5.44806860e-27
5.97060317e-27
6.52690981e-27
7.11789541e-27
7.74586360e-27
8.41266231e-27
9.12025282e-27
9.87070646e-27
1.06638602e-26
1.15035629e-26
1.23926176e-26
1.33329112e-26
1.43244846e-26
1.53729803e-26
1.64812507e-26
1.76483946e-26
1.88807874e-26
2.01821003e-26
2.15525051e-26
2.29974895e-26
2.45220198e-26
2.61282328e-26
2.78197067e-26
2.96032557e-26
3.14834394e-26
3.34630757e-26
3.55487446e-26
3.77471253e-26
4.00641760e-26
4.25063142e-26
4.50804798e-26
4.77939299e-26
5.06552082e-26
5.36734813e-26
5.68582205e-26
6.02195497e-26
6.37691803e-26
6.75194470e-26
7.14835991e-26
7.56766301e-26
8.01145598e-26
8.48155937e-26
8.97985193e-26
9.50879484e-26
1.00707097e-25
1.06683527e-25
1.13051755e-25
1.19844836e-25
1.27106715e-25
1.34883527e-25
1.43229655e-25
1.52217113e-25
1.61916386e-25
1.72424555e-25
1.83851521e-25
1.96328348e-25
2.10021556e-25
2.25130341e-25
2.41907009e-25
2.60655240e-25
2.81761216e-25
3.05713268e-25
3.33128109e-25
3.64806639e-25
4.01812951e-25
4.45589630e-25
