7.77390419e-05
7.61763518e-05
7.45813551e-05
7.29482190e-05
7.12797359e-05
6.95714802e-05
6.78319037e-05
6.60664112e-05
6.42804637e-05
6.24836565e-05
6.06872779e-05
5.89010550e-05
5.71337492e-05
5.53931539e-05
5.36858389e-05
5.20169281e-05
5.03898920e-05
4.88117384e-05
4.72785296e-05
4.57907673e-05
4.43480653e-05
4.29512503e-05
4.15994698e-05
4.02893184e-05
3.90195652e-05
3.77890304e-05
3.65995265e-05
3.54470742e-05
3.43303017e-05
3.32481052e-05
3.22004961e-05
3.11869079e-05
3.02045841e-05
2.92526180e-05
2.83301366e-05
2.74383520e-05
2.65744655e-05
2.57372744e-05
2.49259403e-05
2.41382113e-05
2.33804960e-05
2.26440826e-05
2.19304748e-05
2.12389782e-05
2.05703706e-05
1.99227174e-05
1.92950446e-05
1.86867644e-05
1.80963788e-05
1.75281421e-05
1.69761261e-05
1.64411848e-05
1.59227787e-05
1.54214352e-05
1.49358680e-05
1.44653074e-05
1.40093198e-05
1.35668843e-05
1.31407453e-05
1.27269139e-05
1.23258545e-05
1.19371844e-05
1.15612735e-05
1.11972690e-05
1.08445314e-05
1.05027126e-05
1.01711187e-05
9.85149022e-06
9.54120803e-06
9.24050368e-06
8.94909840e-06
8.66721577e-06
8.39427922e-06
8.12974120e-06
7.87332435e-06
7.62462615e-06
7.38449930e-06
7.15146774e-06
6.92548530e-06
6.70628922e-06
6.49323287e-06
6.28779467e-06
6.08768405e-06
5.89317740e-06
5.70398889e-06
5.51982095e-06
5.34035745e-06
5.16507198e-06
4.99399309e-06
4.82673543e-06
4.66255444e-06
4.50124671e-06
4.34243294e-06
4.18593309e-06
4.03135258e-06
3.87844985e-06
3.72698273e-06
3.57677150e-06
3.42729401e-06
3.27754082e-06
