1.22106843e-33
1.68115715e-33
2.50471634e-33
4.16603240e-33
7.60492830e-33
1.42508702e-32
2.58756454e-32
4.44339360e-32
7.19808127e-32
1.10710012e-31
1.62975668e-31
2.31382316e-31
3.18835718e-31
4.28730559e-31
5.64743766e-31
7.31413593e-31
9.33720656e-31
1.17751304e-30
1.46929528e-30
1.81718650e-30
2.22959504e-30
2.71679580e-30
3.29191166e-30
3.96609117e-30
4.75688928e-30
5.68259099e-30
6.76354128e-30
8.02190240e-30
9.48614976e-30
1.11881996e-29
1.31640121e-29
1.54517579e-29
1.81009442e-29
2.11667758e-29
2.47130940e-29
2.88137430e-29
3.35411428e-29
3.89885970e-29
4.52772961e-29
5.25327164e-29
6.08577180e-29
7.04576795e-29
8.15176789e-29
9.41916358e-29
1.08794675e-28
1.25568479e-28
1.44804809e-28
1.66953785e-28
1.92296322e-28
2.21416885e-28
2.54855569e-28
2.93103442e-28
3.37079931e-28
3.87373673e-28
4.45040874e-28
5.11252839e-28
5.86817178e-28
6.73564295e-28
7.72917380e-28
8.86438310e-28
1.01663699e-27
1.16566462e-27
1.33587473e-27
1.53090013e-27
1.75428816e-27
2.00939333e-27
2.30113321e-27
2.63501943e-27
3.01702794e-27
3.45397310e-27
3.95363496e-27
4.52491188e-27
5.17800472e-27
5.92464086e-27
6.77834751e-27
7.75478539e-27
8.87215472e-27
1.01489748e-26
1.16094687e-26
1.32800280e-26
1.51921837e-26
1.73790763e-26
1.98815189e-26
2.27451056e-26
2.60259686e-26
2.97831929e-26
3.40904684e-26
3.90289589e-26
4.46977914e-26
5.12099721e-26
5.87004878e-26
6.73294447e-26
7.72887930e-26
8.88130967e-26
1.02188316e-25
1.17768904e-25
1.35998263e-25
1.57431557e-25
1.82771793e-25
2.12924657e-25
