2.92868072e-21
2.75538622e-21
2.61049756e-21
2.48778480e-21
2.38268638e-21
2.29174168e-21
2.21224916e-21
2.14205737e-21
2.07947624e-21
2.02308551e-21
1.97182804e-21
1.92479651e-21
1.88126857e-21
1.84070413e-21
1.80260965e-21
1.76663474e-21
1.73243327e-21
1.69978217e-21
1.66848706e-21
1.63833044e-21
1.60915671e-21
1.58083174e-21
1.55328951e-21
1.52640230e-21
1.50011960e-21
1.47433365e-21
1.44894980e-21
1.42398564e-21
1.39932534e-21
1.37498554e-21
1.35083948e-21
1.32695518e-21
1.30324601e-21
1.27966362e-21
1.25619003e-21
1.23280720e-21
1.20951314e-21
1.18628544e-21
1.16308449e-21
1.13989412e-21
1.11669877e-21
1.09348364e-21
1.07023476e-21
1.04693908e-21
1.02359612e-21
1.00020380e-21
9.76734899e-22
9.53179751e-22
9.29529935e-22
9.05778308e-22
8.81919037e-22
8.57947628e-22
8.33860948e-22
8.09657234e-22
7.85336104e-22
7.60898561e-22
7.36365705e-22
7.11722521e-22
6.86968137e-22
6.62108763e-22
6.37152154e-22
6.12107669e-22
5.86986346e-22
5.61801007e-22
5.36580535e-22
5.11346072e-22
4.86103414e-22
4.60873715e-22
4.35681151e-22
4.10569544e-22
3.85598245e-22
3.60759198e-22
3.36136888e-22
3.11754824e-22
2.87693776e-22
2.63991519e-22
2.40726917e-22
2.17978906e-22
1.95827593e-22
1.74359782e-22
1.53669138e-22
1.33861257e-22
1.15046330e-22
9.73390493e-23
8.08580961e-23
6.57236498e-23
5.20516420e-23
3.99484337e-23
2.95027056e-23
2.07723318e-23
1.37701225e-23
8.45147071e-24
4.68994893e-24
2.27649683e-24
9.21114838e-25
2.89727376e-25
6.43626858e-26
9.43920124e-27
1.36502611e-27
4.87428155e-28
