7.78277822e-05
7.65461586e-05
7.54179021e-05
7.44212453e-05
7.35375303e-05
7.27500444e-05
7.20435849e-05
7.14044472e-05
7.08209045e-05
7.02827217e-05
6.97815884e-05
6.93107013e-05
6.88645977e-05
6.84382513e-05
6.80286917e-05
6.76320411e-05
6.72468239e-05
6.68698616e-05
6.64997311e-05
6.61346570e-05
6.57736846e-05
6.54151445e-05
6.50587168e-05
6.47027300e-05
6.43465143e-05
6.39893185e-05
6.36303221e-05
6.32686472e-05
6.29045891e-05
6.25368868e-05
6.21640778e-05
6.17876734e-05
6.14048931e-05
6.10170518e-05
6.06216394e-05
6.02206424e-05
5.98108964e-05
5.93937006e-05
5.89680253e-05
5.85322464e-05
5.80873969e-05
5.76325197e-05
5.71659750e-05
5.66871738e-05
5.61979219e-05
5.56952661e-05
5.51784823e-05
5.46468610e-05
5.41016446e-05
5.35406507e-05
5.29625986e-05
5.23666369e-05
5.17528730e-05
5.11211952e-05
5.04689852e-05
4.97952230e-05
4.90994293e-05
4.83827034e-05
4.76413378e-05
4.68741154e-05
4.60820490e-05
4.52636148e-05
4.44157071e-05
4.35395243e-05
4.26336527e-05
4.16942980e-05
4.07258632e-05
3.97213033e-05
3.86847330e-05
3.76102594e-05
3.65028736e-05
3.53570770e-05
3.41733682e-05
3.29542512e-05
3.16970443e-05
3.04024437e-05
2.90713108e-05
2.77047361e-05
2.63041466e-05
2.48737736e-05
2.34143532e-05
2.19319614e-05
2.04308002e-05
1.89178344e-05
1.74013484e-05
1.58913917e-05
1.43999041e-05
1.29409110e-05
1.15307736e-05
1.01879019e-05
8.93239889e-06
7.78493425e-06
6.76497000e-06
5.88779111e-06
5.16066158e-06
4.57969593e-06
4.12831498e-06
3.78117219e-06
3.51152432e-06
3.29779170e-06
