7.73590946e-05
7.55773617e-05
7.39282966e-05
7.23983145e-05
7.09754485e-05
6.96489336e-05
6.84086842e-05
6.72450628e-05
6.61490115e-05
6.51126428e-05
6.41283454e-05
6.31892037e-05
6.22893050e-05
6.14234016e-05
6.05877804e-05
5.97772136e-05
5.89897802e-05
5.82212672e-05
5.74693640e-05
5.67320532e-05
5.60071036e-05
5.52934376e-05
5.45886643e-05
5.38913093e-05
5.32017105e-05
5.25169969e-05
5.18366056e-05
5.11598893e-05
5.04864890e-05
4.98144946e-05
4.91436086e-05
4.84736563e-05
4.78044148e-05
4.71346315e-05
4.64638481e-05
4.57916150e-05
4.51183963e-05
4.44430726e-05
4.37651555e-05
4.30841790e-05
4.23997073e-05
4.17117926e-05
4.10215073e-05
4.03267319e-05
3.96271613e-05
3.89237900e-05
3.82165380e-05
3.75038159e-05
3.67859804e-05
3.60645689e-05
3.53372900e-05
3.46041525e-05
3.38675244e-05
3.31249214e-05
3.23764645e-05
3.16236809e-05
3.08656581e-05
3.01020480e-05
2.93331349e-05
2.85602871e-05
2.77823591e-05
2.69996749e-05
2.62125779e-05
2.54214295e-05
2.46267432e-05
2.38287998e-05
2.30278800e-05
2.22244999e-05
2.14192296e-05
2.06127520e-05
1.98057622e-05
1.89989773e-05
1.81933275e-05
1.73897925e-05
1.65894459e-05
1.57935652e-05
1.50035814e-05
1.42206755e-05
1.34467905e-05
1.26837712e-05
1.19333640e-05
1.11980156e-05
1.04799986e-05
9.78205853e-06
9.10711741e-06
8.45768805e-06
7.83740502e-06
7.24931274e-06
6.69660051e-06
6.18264581e-06
5.70990504e-06
5.28064775e-06
4.89593188e-06
4.55551862e-06
4.25761830e-06
3.99887813e-06
3.77460779e-06
3.57962663e-06
3.40899689e-06
3.25855983e-06
