7.76054497e-05
7.60898965e-05
7.47211566e-05
7.34812321e-05
7.23546048e-05
7.13273308e-05
7.03865538e-05
6.95203366e-05
6.87182377e-05
6.79700929e-05
6.72681296e-05
6.66048374e-05
6.59738978e-05
6.53705813e-05
6.47900477e-05
6.42289902e-05
6.36836746e-05
6.31519184e-05
6.26317255e-05
6.21204534e-05
6.16162622e-05
6.11175017e-05
6.06235907e-05
6.01327369e-05
5.96444399e-05
5.91570530e-05
5.86690531e-05
5.81810153e-05
5.76908718e-05
5.71991081e-05
5.67032695e-05
5.62048357e-05
5.57020765e-05
5.51939801e-05
5.46801422e-05
5.41601329e-05
5.36338657e-05
5.31007788e-05
5.25598753e-05
5.20106588e-05
5.14526223e-05
5.08852514e-05
5.03080262e-05
4.97204244e-05
4.91222215e-05
4.85131447e-05
4.78922400e-05
4.72589749e-05
4.66128240e-05
4.59532711e-05
4.52798108e-05
4.45919505e-05
4.38892116e-05
4.31711311e-05
4.24372627e-05
4.16871775e-05
4.09210546e-05
4.01379312e-05
3.93372393e-05
3.85186051e-05
3.76816787e-05
3.68261351e-05
3.59516774e-05
3.50580397e-05
3.41455084e-05
3.32140863e-05
3.22631689e-05
3.12926673e-05
3.03025671e-05
2.92936041e-05
2.82671709e-05
2.72218539e-05
2.61600552e-05
2.50815915e-05
2.39887735e-05
2.28819907e-05
2.17635085e-05
2.06356693e-05
1.95009389e-05
1.83621976e-05
1.72227954e-05
1.60869105e-05
1.49592542e-05
1.38451713e-05
1.27507659e-05
1.16829691e-05
1.06494455e-05
9.65859807e-06
8.71948127e-06
7.84139466e-06
7.03339243e-06
6.30410379e-06
5.65968187e-06
5.10367036e-06
4.63490667e-06
4.24733597e-06
3.93036330e-06
3.67101133e-06
3.45668837e-06
3.27720090e-06
