5.88212168e-17
5.49627949e-17
5.11857814e-17
4.74829898e-17
4.38535347e-17
4.03113523e-17
3.68713982e-17
3.35590017e-17
3.03834061e-17
2.73726148e-17
2.45462372e-17
2.19125374e-17
1.94997028e-17
1.72937854e-17
1.52990394e-17
1.35084938e-17
1.19108749e-17
1.04939372e-17
9.24000413e-18
8.13257194e-18
7.15609449e-18
6.29427536e-18
5.54027154e-18
4.87467565e-18
4.28875083e-18
3.77299777e-18
3.31961318e-18
2.92075152e-18
2.56970305e-18
2.26075740e-18
1.98846252e-18
1.75006215e-18
1.53976834e-18
1.35465964e-18
1.19173974e-18
1.04852805e-18
9.22563700e-19
8.11696541e-19
7.14114796e-19
6.28137059e-19
5.52777932e-19
4.86348865e-19
4.27882839e-19
3.76430204e-19
3.31197424e-19
2.91412417e-19
2.56391078e-19
2.25564192e-19
1.98416533e-19
1.74599043e-19
1.53619538e-19
1.35155351e-19
1.18904700e-19
1.04615218e-19
9.20469328e-20
8.09836743e-20
7.12464989e-20
6.26764335e-20
5.51499612e-20
4.85240639e-20
4.26918071e-20
3.75581804e-20
3.30436058e-20
2.90736256e-20
2.55794870e-20
2.25043775e-20
1.97980624e-20
1.74201491e-20
1.53270026e-20
1.34844770e-20
1.18627454e-20
1.04365581e-20
9.18260592e-21
8.07885111e-21
7.10724749e-21
6.25192188e-21
5.50003462e-21
4.83811651e-21
4.25526262e-21
3.74199458e-21
3.28937190e-21
2.89230651e-21
2.54165007e-21
2.23237018e-21
1.95946816e-21
1.71854812e-21
1.50565059e-21
1.31767144e-21
1.15118205e-21
1.00335289e-21
8.72824311e-22
7.56719616e-22
6.53585130e-22
5.61956423e-22
4.80548342e-22
4.08218839e-22
3.44056205e-22
2.87164187e-22
2.36842680e-22
1.92124810e-22
