1.17011350e-33
1.49719355e-33
1.96449565e-33
2.66276865e-33
3.72995794e-33
5.34066845e-33
7.69105214e-33
1.09895943e-32
1.54663100e-32
2.13802660e-32
2.90304096e-32
3.87586567e-32
5.09927765e-32
6.61943090e-32
8.49857327e-32
1.08025144e-31
1.36116358e-31
1.70278093e-31
2.11626480e-31
2.61571580e-31
3.21705566e-31
3.93942629e-31
4.80595837e-31
5.84471051e-31
7.08347150e-31
8.56476466e-31
1.03298260e-30
1.24351417e-30
1.49358591e-30
1.79154224e-30
2.14538726e-30
2.56501709e-30
3.06344906e-30
3.65505499e-30
4.35656309e-30
5.18594772e-30
6.16842155e-30
7.33168134e-30
8.70838264e-30
1.03370231e-29
1.22629825e-29
1.45397473e-29
1.72303525e-29
2.04090794e-29
2.41634541e-29
2.85966005e-29
3.38289971e-29
4.00020999e-29
4.72862427e-29
5.58797000e-29
6.60159394e-29
7.79698479e-29
9.20650606e-29
1.08682589e-28
1.28270982e-28
1.51358301e-28
1.78566238e-28
2.10626770e-28
2.48401836e-28
2.92906592e-28
3.45336959e-28
4.07102280e-28
4.79864142e-28
5.65582611e-28
6.66517851e-28
7.85188522e-28
9.24943633e-28
1.08955772e-27
1.28350052e-27
1.51182209e-27
1.78010525e-27
2.09628880e-27
2.46872544e-27
2.90624415e-27
3.42249959e-27
4.02840099e-27
4.74293950e-27
5.58332655e-27
6.57198826e-27
7.73607288e-27
9.10629235e-27
1.07192458e-26
1.26188746e-26
1.48526848e-26
1.74848319e-26
2.05833327e-26
2.42315501e-26
2.85305860e-26
3.35947802e-26
3.95647746e-26
4.66045123e-26
5.49109760e-26
6.47201393e-26
7.63155663e-26
9.00424382e-26
1.06320137e-25
1.25666269e-25
1.48717630e-25
1.76266177e-25
2.09301251e-25
