5.78066821e-13
6.65871048e-13
7.65245631e-13
8.77894968e-13
1.00567891e-12
1.15051757e-12
1.31505358e-12
1.50168986e-12
1.71372185e-12
1.95475253e-12
2.22885057e-12
2.54062937e-12
2.89533587e-12
3.29922564e-12
3.75923846e-12
4.28327792e-12
4.87992620e-12
5.55933258e-12
6.33353428e-12
7.21578666e-12
8.22107396e-12
9.36517708e-12
1.06689592e-11
1.21548119e-11
1.38481836e-11
1.57761123e-11
1.79720351e-11
2.04744739e-11
2.33264456e-11
2.65755396e-11
3.02743778e-11
3.44892532e-11
3.92924907e-11
4.47663134e-11
5.09978543e-11
5.80973857e-11
6.61876068e-11
7.54072360e-11
8.59074307e-11
9.78651791e-11
1.11492114e-10
1.27021092e-10
1.44715978e-10
1.64855534e-10
1.87806692e-10
2.13962638e-10
2.43764797e-10
2.77706330e-10
3.16361153e-10
3.60413120e-10
4.10618043e-10
4.67810723e-10
5.32919411e-10
6.07112973e-10
6.91666642e-10
7.88026734e-10
8.97719332e-10
1.02268913e-09
1.16509817e-09
1.32739384e-09
1.51223367e-09
1.72273012e-09
1.96260084e-09
2.23594978e-09
2.54742917e-09
2.90195846e-09
3.30598016e-09
3.76640054e-09
4.29099608e-09
4.88845059e-09
5.56891059e-09
6.34438674e-09
7.22815046e-09
8.23487045e-09
9.38095520e-09
1.06870069e-08
1.21754650e-08
1.38717369e-08
1.58025791e-08
1.80023619e-08
2.05091992e-08
2.33661975e-08
2.66199838e-08
3.03253120e-08
3.45475959e-08
3.93591710e-08
4.48416989e-08
5.10809334e-08
5.81876283e-08
6.62775820e-08
7.54771273e-08
8.59188038e-08
9.77425268e-08
1.11100933e-07
1.26140792e-07
1.43019089e-07
1.61897334e-07
1.82965399e-07
2.06407907e-07
2.32473393e-07
