6.96936447e-09
7.75922568e-09
8.70370126e-09
9.85146363e-09
1.12710967e-08
1.30533171e-08
1.53065125e-08
1.81478071e-08
2.16929065e-08
2.60472059e-08
3.13066522e-08
3.75534874e-08
4.48600230e-08
5.32967635e-08
6.29166645e-08
7.37892974e-08
8.59622909e-08
9.95112385e-08
1.14470613e-07
1.30898639e-07
1.48889513e-07
1.68503300e-07
1.89818533e-07
2.12854355e-07
2.37753261e-07
2.64588473e-07
2.93447299e-07
3.24433793e-07
3.57670877e-07
3.93180031e-07
4.31074729e-07
4.71618598e-07
5.14840228e-07
5.60776598e-07
6.09891650e-07
6.61797766e-07
7.17310654e-07
7.75872103e-07
8.38360948e-07
9.04376614e-07
9.74504860e-07
1.04888646e-06
1.12741226e-06
1.21086743e-06
1.29896304e-06
1.39214138e-06
1.49100651e-06
1.59517477e-06
1.70534748e-06
1.82210675e-06
1.94508375e-06
2.07503830e-06
2.21265178e-06
2.35758075e-06
2.51063843e-06
2.67263747e-06
2.84313309e-06
3.02326597e-06
3.21381327e-06
3.41415063e-06
3.62613477e-06
3.84963888e-06
4.08550217e-06
4.33462880e-06
4.59723125e-06
4.87471140e-06
5.16732172e-06
5.47633019e-06
5.80267354e-06
6.14693301e-06
6.51071940e-06
6.89502959e-06
7.30082243e-06
7.72970047e-06
8.18308811e-06
8.66251805e-06
9.16966391e-06
9.70633336e-06
1.02747140e-05
1.08767507e-05
1.15151280e-05
1.21922448e-05
1.29113072e-05
1.36757410e-05
1.44888803e-05
1.53555419e-05
1.62799680e-05
1.72683237e-05
1.83263661e-05
1.94618969e-05
2.06834135e-05
2.20007857e-05
2.34258430e-05
2.49718845e-05
2.66546349e-05
2.84924046e-05
3.05058711e-05
3.27197328e-05
3.51630393e-05
3.78707328e-05
