5.28183280e-17
7.73134624e-17
1.37231490e-16
3.38536934e-16
1.04895039e-15
3.15330677e-15
8.20825833e-15
1.83876611e-14
3.62730443e-14
6.45990297e-14
1.06087708e-13
1.63314703e-13
2.38678915e-13
3.34475047e-13
4.52715811e-13
5.95546745e-13
7.64786299e-13
9.62607074e-13
1.19056663e-12
1.45053571e-12
1.74498007e-12
2.07585225e-12
2.44542898e-12
2.85495297e-12
3.30787133e-12
3.80646574e-12
4.35330666e-12
4.95132915e-12
5.60389980e-12
6.31242306e-12
7.08013056e-12
7.91342429e-12
8.81400291e-12
9.78369924e-12
1.08334974e-11
1.19562621e-11
1.31708745e-11
1.44663871e-11
1.58635487e-11
1.73548124e-11
1.89548113e-11
2.06683361e-11
2.24943930e-11
2.44529126e-11
2.65388809e-11
2.87645176e-11
3.11462597e-11
3.36768772e-11
3.63754542e-11
3.92586220e-11
4.23196513e-11
4.55798919e-11
4.90592483e-11
5.27518967e-11
5.66815075e-11
6.08723313e-11
6.53163211e-11
7.00468427e-11
7.50884844e-11
8.04289408e-11
8.61222879e-11
9.21702351e-11
9.86008549e-11
1.05444746e-10
1.12714117e-10
1.20454757e-10
1.28681357e-10
1.37437892e-10
1.46760192e-10
1.56674955e-10
1.67239789e-10
1.78496251e-10
1.90486314e-10
2.03272881e-10
2.16916024e-10
2.31481741e-10
2.47043439e-10
2.63682322e-10
2.81495847e-10
3.00579157e-10
3.21057111e-10
3.43053188e-10
3.66726393e-10
3.92254914e-10
4.19828215e-10
4.49704187e-10
4.82144317e-10
5.17506830e-10
5.56173859e-10
5.98651032e-10
6.45535466e-10
6.97561655e-10
7.55653993e-10
8.20946756e-10
8.94877193e-10
9.79271271e-10
1.07644565e-09
1.18945528e-09
1.32237919e-09
1.48082725e-09
