1.62590025e+02
1.69065398e+02
1.75919290e+02
1.83185212e+02
1.90887962e+02
1.99019590e+02
2.07608642e+02
2.16652102e+02
2.26160131e+02
2.36136592e+02
2.46589637e+02
2.57512175e+02
2.68935937e+02
2.80875991e+02
2.93352547e+02
3.06378292e+02
3.19978622e+02
3.34187694e+02
3.49032650e+02
3.64543405e+02
3.80718461e+02
3.97622288e+02
4.15282684e+02
4.33733620e+02
4.52989312e+02
4.73099444e+02
4.94109069e+02
5.16059119e+02
5.38979625e+02
5.62904764e+02
5.87899608e+02
6.14012468e+02
6.41294240e+02
6.69757816e+02
6.99494170e+02
7.30560376e+02
7.63016263e+02
7.96896094e+02
8.32272390e+02
8.69231545e+02
9.07844043e+02
9.48189644e+02
9.90257397e+02
1.03422598e+03
1.08016242e+03
1.12815445e+03
1.17823539e+03
1.23054293e+03
1.28519097e+03
1.34228540e+03
1.40189872e+03
1.46412889e+03
1.52914160e+03
1.59706338e+03
1.66802838e+03
1.74205682e+03
1.81940244e+03
1.90020685e+03
1.98462700e+03
2.07274518e+03
2.16476231e+03
2.26089521e+03
2.36132776e+03
2.46627309e+03
2.57568312e+03
2.69004998e+03
2.80953396e+03
2.93436320e+03
3.06461614e+03
3.20067247e+03
3.34281796e+03
3.49132555e+03
3.64637084e+03
3.80823422e+03
3.97733777e+03
4.15401107e+03
4.33860743e+03
4.53114428e+03
4.73233343e+03
4.94252959e+03
5.16214852e+03
5.39140156e+03
5.63085252e+03
5.88107948e+03
6.14260724e+03
6.41602951e+03
6.70151109e+03
7.00024690e+03
7.31292111e+03
7.64038320e+03
7.98359551e+03
8.34365348e+03
8.72181067e+03
9.11949778e+03
9.53819967e+03
9.97953179e+03
1.04453814e+04
1.09375697e+04
1.14583039e+04
1.20105140e+04
