3.94749505e-25
8.00365698e-25
3.08715692e-24
1.95075767e-23
1.00818097e-22
3.70466293e-22
1.03471010e-21
2.36599099e-21
4.68110559e-21
8.32534125e-21
1.36868024e-20
2.11778860e-20
3.12809139e-20
4.45467387e-20
6.15775161e-20
8.30733655e-20
1.09866527e-19
1.42971862e-19
1.83504319e-19
2.32701111e-19
2.92031252e-19
3.63266409e-19
4.48566873e-19
5.50381747e-19
6.70820978e-19
8.14074492e-19
9.82586892e-19
1.18154942e-18
1.41629368e-18
1.69032362e-18
2.01208290e-18
2.38921208e-18
2.83052010e-18
3.34520476e-18
3.94406822e-18
4.64195917e-18
5.45438754e-18
6.39923085e-18
7.49709219e-18
8.77171156e-18
1.02504387e-17
1.19647760e-17
1.39510027e-17
1.62508906e-17
1.89125271e-17
2.19912583e-17
2.55507729e-17
2.96643444e-17
3.44162580e-17
3.99034465e-17
4.62373680e-17
5.35461617e-17
6.19771216e-17
7.16995394e-17
8.29079714e-17
9.58259976e-17
1.10710551e-16
1.27856912e-16
1.47604476e-16
1.70343440e-16
1.96522550e-16
2.26658134e-16
2.61344639e-16
3.01266985e-16
3.47215096e-16
4.00101062e-16
4.60759837e-16
5.30533767e-16
6.10812369e-16
7.03207431e-16
8.09595095e-16
9.31662316e-16
1.07194177e-15
1.23361544e-15
1.41920111e-15
1.63271651e-15
1.87833183e-15
2.16095302e-15
2.48567057e-15
2.85970193e-15
3.29025525e-15
3.78583801e-15
4.35658363e-15
5.01462454e-15
5.77331607e-15
6.64914589e-15
7.66057009e-15
8.83047654e-15
1.01856200e-14
1.17582522e-14
1.35876051e-14
1.57218648e-14
1.82218950e-14
2.11643337e-14
2.46481609e-14
2.88032475e-14
3.38016626e-14
3.98741807e-14
4.73390045e-14
5.66478499e-14
