3.73042437e-25
5.30998059e-25
7.37460085e-25
1.00672717e-24
1.35656199e-24
1.80947103e-24
2.39620826e-24
3.15432211e-24
4.13460348e-24
5.40269007e-24
7.04259376e-24
9.16966542e-24
1.19231384e-23
1.54928933e-23
2.01225648e-23
2.61296413e-23
3.39214321e-23
4.40295996e-23
5.71505987e-23
7.41819242e-23
9.62892966e-23
1.24954762e-22
1.62173458e-22
2.10497127e-22
2.73232570e-22
3.54593977e-22
4.60168993e-22
5.97251836e-22
7.75255236e-22
1.00626983e-21
1.30583172e-21
1.69469443e-21
2.19961482e-21
2.85496325e-21
3.70557256e-21
4.80900477e-21
6.24137011e-21
8.10121942e-21
1.05147650e-20
1.36460563e-20
1.77106674e-20
2.29870106e-20
2.98370535e-20
3.87204043e-20
5.02539582e-20
6.52267594e-20
8.46370644e-20
1.09874045e-19
1.42591765e-19
1.85073907e-19
2.40230148e-19
3.11803919e-19
4.04621653e-19
5.25126286e-19
6.81604731e-19
8.84690131e-19
1.14822535e-18
1.49010667e-18
1.93396268e-18
2.51034390e-18
3.25826555e-18
4.22847731e-18
5.48781004e-18
7.12274538e-18
9.24555633e-18
1.19985045e-17
1.55722664e-17
2.02112620e-17
2.62257856e-17
3.40461196e-17
4.41855481e-17
5.73496155e-17
7.44388523e-17
9.66146321e-17
1.25376837e-16
1.62722125e-16
2.11212813e-16
2.74140324e-16
3.55787126e-16
4.61723660e-16
5.99275982e-16
7.77895706e-16
1.00963881e-15
1.31022849e-15
1.70039058e-15
2.20686670e-15
2.86402924e-15
3.71465344e-15
4.81431191e-15
6.23016261e-15
8.04137959e-15
1.03360607e-14
1.32074181e-14
1.67512628e-14
2.10586637e-14
2.62196056e-14
3.23233900e-14
3.94702278e-14
4.77650969e-14
5.73541039e-14
