6.97339113e-03
6.79708737e-03
6.64311533e-03
6.50795745e-03
6.38875153e-03
6.28312511e-03
6.18894648e-03
6.10439685e-03
6.02786040e-03
5.95791073e-03
5.89340755e-03
5.83340923e-03
5.77706988e-03
5.72376603e-03
5.67299039e-03
5.62423944e-03
5.57727282e-03
5.53164190e-03
5.48719587e-03
5.44373454e-03
5.40101823e-03
5.35877801e-03
5.31720162e-03
5.27580287e-03
5.23465994e-03
5.19372080e-03
5.15277784e-03
5.11177317e-03
5.07064338e-03
5.02932030e-03
4.98773181e-03
4.94580263e-03
4.90345498e-03
4.86065166e-03
4.81752037e-03
4.77377768e-03
4.72933939e-03
4.68414746e-03
4.63852673e-03
4.59200079e-03
4.54448534e-03
4.49639809e-03
4.44725663e-03
4.39694585e-03
4.34597642e-03
4.29367237e-03
4.24023937e-03
4.18576187e-03
4.12974169e-03
4.07274023e-03
4.01419505e-03
3.95413854e-03
3.89284112e-03
3.82968147e-03
3.76517697e-03
3.69891154e-03
3.63067214e-03
3.56106680e-03
3.48932258e-03
3.41558699e-03
3.34016230e-03
3.26247171e-03
3.18255299e-03
3.10086255e-03
3.01681208e-03
2.93040272e-03
2.84165958e-03
2.75090777e-03
2.65775981e-03
2.56224351e-03
2.46439503e-03
2.36425968e-03
2.26189331e-03
2.15736499e-03
2.05076107e-03
1.94219131e-03
1.83194283e-03
1.72022823e-03
1.60711675e-03
1.49326271e-03
1.37881243e-03
1.26435534e-03
1.15049513e-03
1.03789549e-03
9.27333809e-04
8.19749737e-04
7.16172304e-04
6.17749306e-04
5.25731468e-04
4.41408519e-04
3.66026457e-04
3.00642800e-04
2.45990505e-04
2.02178929e-04
1.68584061e-04
1.43770827e-04
1.25791086e-04
1.12657798e-04
1.02795699e-04
9.51581823e-05
