4.34883027e-25
1.29238294e-24
1.35376543e-23
1.56896039e-22
1.03948908e-21
4.37620874e-21
1.33967475e-20
3.27721572e-20
6.81542893e-20
1.25848500e-19
2.12390864e-19
3.34568467e-19
4.99497308e-19
7.14518657e-19
9.87340381e-19
1.32674263e-18
1.74111475e-18
2.24159837e-18
2.83808589e-18
3.54203164e-18
4.36732515e-18
5.33127623e-18
6.44394485e-18
7.73154438e-18
9.20579933e-18
1.08917718e-17
1.28157972e-17
1.50041328e-17
1.74860911e-17
2.02945270e-17
2.34663798e-17
2.70432690e-17
3.10721488e-17
3.56060227e-17
4.06800299e-17
4.63621781e-17
5.27359220e-17
5.98840649e-17
6.78394891e-17
7.67219371e-17
8.66664271e-17
9.77215315e-17
1.10024618e-16
1.23782538e-16
1.39011290e-16
1.55974744e-16
1.74892805e-16
1.95770958e-16
2.19071705e-16
2.44874032e-16
2.73481237e-16
3.05366753e-16
3.40445152e-16
3.79514061e-16
4.22769694e-16
4.70581310e-16
5.23761659e-16
5.82366782e-16
6.47335762e-16
7.19493648e-16
7.98883642e-16
8.86926346e-16
9.84568398e-16
1.09223092e-15
1.21131308e-15
1.34322136e-15
1.48926392e-15
1.65058071e-15
1.82880480e-15
2.02605144e-15
2.24431382e-15
2.48581860e-15
2.75306382e-15
3.04886351e-15
3.37639891e-15
3.73927606e-15
4.14065968e-15
4.58568189e-15
5.07957455e-15
5.62688020e-15
6.23487010e-15
6.91051149e-15
7.66188585e-15
8.49856202e-15
9.43165119e-15
1.04737286e-14
1.16399566e-14
1.29482922e-14
1.44200711e-14
1.60813976e-14
1.79644441e-14
2.01099938e-14
2.25683189e-14
2.54061224e-14
2.87077354e-14
3.25855254e-14
3.71888618e-14
4.27210930e-14
4.94672578e-14
5.78407842e-14
