3.88538229e-25
5.67214126e-25
8.01762341e-25
1.10861743e-24
1.50761512e-24
2.02479111e-24
2.69385795e-24
3.55889136e-24
4.67552277e-24
6.12034325e-24
7.98795560e-24
1.04057156e-23
1.35377357e-23
1.75967760e-23
2.28594974e-23
2.96852697e-23
3.85381117e-23
5.00276600e-23
6.49388301e-23
8.42610032e-23
1.09393746e-22
1.41975384e-22
1.84274209e-22
2.39183256e-22
3.10433788e-22
4.02866666e-22
5.22853326e-22
6.78632261e-22
8.80811876e-22
1.14319188e-21
1.48362348e-21
1.92552009e-21
2.49923960e-21
3.24379545e-21
4.20991268e-21
5.46376910e-21
7.09127769e-21
9.20399431e-21
1.19452763e-20
1.55035629e-20
2.01218046e-20
2.61075655e-20
3.38936465e-20
4.39891157e-20
5.70945281e-20
7.41048768e-20
9.61772289e-20
1.24815590e-19
1.61994885e-19
2.10262742e-19
2.72906285e-19
3.54179789e-19
4.59650673e-19
5.96575052e-19
7.74346900e-19
1.00502135e-18
1.30431165e-18
1.69275916e-18
2.19703562e-18
2.85168020e-18
3.70101954e-18
4.80335129e-18
6.23404739e-18
8.08884930e-18
1.05012161e-17
1.36292607e-17
1.76893616e-17
2.29589476e-17
2.97972535e-17
3.86710563e-17
5.01913141e-17
6.51455105e-17
8.45539585e-17
1.09730198e-16
1.42410061e-16
1.84837830e-16
2.39917151e-16
3.11377237e-16
4.04095349e-16
5.24449658e-16
6.80706441e-16
8.83541397e-16
1.14666387e-15
1.48813274e-15
1.93130040e-15
2.50571684e-15
3.25173600e-15
4.21621825e-15
5.46009690e-15
7.05497998e-15
9.08144801e-15
1.16238000e-14
1.47648597e-14
1.85770788e-14
2.31150283e-14
2.84428951e-14
3.45807919e-14
4.15904492e-14
4.95054378e-14
5.84060343e-14
