1.52308671e-09
1.40291694e-09
1.30437880e-09
1.22218543e-09
1.15263289e-09
1.09305407e-09
1.04144431e-09
9.96279467e-10
9.56351611e-10
9.20717592e-10
8.88617984e-10
8.59452243e-10
8.32738634e-10
8.08070852e-10
7.85158135e-10
7.63711830e-10
7.43551273e-10
7.24466745e-10
7.06347369e-10
6.89068001e-10
6.72494820e-10
6.56573972e-10
6.41185946e-10
6.26349521e-10
6.11944959e-10
5.97933892e-10
5.84276937e-10
5.70934506e-10
5.57867549e-10
5.45111419e-10
5.32574203e-10
5.20218449e-10
5.08090433e-10
4.96129986e-10
4.84307616e-10
4.72667863e-10
4.61119714e-10
4.49732541e-10
4.38427754e-10
4.27233786e-10
4.16143435e-10
4.05093644e-10
3.94191822e-10
3.83321223e-10
3.72513128e-10
3.61803912e-10
3.51120488e-10
3.40499186e-10
3.29957137e-10
3.19437855e-10
3.08972968e-10
2.98583182e-10
2.88216178e-10
2.77900708e-10
2.67660002e-10
2.57445798e-10
2.47293523e-10
2.37211564e-10
2.27164412e-10
2.17206724e-10
2.07307824e-10
1.97476051e-10
1.87741413e-10
1.78072339e-10
1.68523560e-10
1.59056348e-10
1.49721790e-10
1.40498251e-10
1.31414919e-10
1.22480935e-10
1.13703837e-10
1.05105169e-10
9.67016667e-11
8.85063771e-11
8.05390801e-11
7.28200231e-11
6.53705007e-11
5.82133890e-11
5.13704546e-11
4.48680719e-11
3.87308736e-11
3.29861963e-11
2.76577936e-11
2.27705899e-11
1.83508101e-11
1.44168835e-11
1.09866977e-11
8.06770902e-12
5.66127928e-12
3.75379215e-12
2.31705881e-12
1.30469902e-12
6.51470068e-13
2.77264724e-13
9.50419476e-14
2.42523839e-14
4.22686223e-15
5.49931369e-16
1.19204939e-16
5.89825370e-17
