9.66673308e-12
8.67993497e-12
7.72764635e-12
6.81047209e-12
5.93349989e-12
5.10873371e-12
4.34327274e-12
3.64763334e-12
3.02863021e-12
2.49007459e-12
2.03103916e-12
1.64817557e-12
1.33220054e-12
1.07432362e-12
8.65259285e-13
6.96552134e-13
5.60655682e-13
4.51209040e-13
3.63088541e-13
2.92072044e-13
2.35130188e-13
1.89221709e-13
1.52269908e-13
1.22525898e-13
9.86058310e-14
7.93540955e-14
6.38572375e-14
5.13845183e-14
4.13503463e-14
3.32789440e-14
2.67805488e-14
2.15496093e-14
1.73396339e-14
1.39556027e-14
1.12311463e-14
9.03771036e-15
7.27208131e-15
5.85216078e-15
4.70984194e-15
3.79023548e-15
3.04990117e-15
2.45310544e-15
1.97507565e-15
1.58947190e-15
1.27907494e-15
1.02920328e-15
8.28274783e-16
6.66563082e-16
5.36399865e-16
4.31632128e-16
3.47345294e-16
2.79538682e-16
2.24951435e-16
1.81014838e-16
1.45642156e-16
1.17228240e-16
9.43404085e-17
7.59147323e-17
6.10843167e-17
4.91587732e-17
3.95631295e-17
3.18376931e-17
2.56184478e-17
2.06036611e-17
1.65907202e-17
1.33517092e-17
1.07441775e-17
8.64507151e-18
6.95739172e-18
5.59910972e-18
4.50579307e-18
3.62570303e-18
2.91767477e-18
2.34807192e-18
1.88956250e-18
1.52051856e-18
1.22327028e-18
9.84690087e-19
7.92406942e-19
6.37619900e-19
5.13032165e-19
4.12832652e-19
3.32178050e-19
2.67219695e-19
2.14901951e-19
1.72722759e-19
1.38845125e-19
1.11484030e-19
8.93989870e-20
7.15590245e-20
5.71355131e-20
4.54607608e-20
3.59978764e-20
2.83184273e-20
2.20846346e-20
1.70280519e-20
1.29328697e-20
9.62867947e-21
6.97910857e-21
4.86767838e-21
