8.11254505e-21
1.37072289e-20
3.35586024e-20
1.34935861e-19
5.84422076e-19
2.04972151e-18
5.70632215e-18
1.31828081e-17
2.63900624e-17
4.74174226e-17
7.83941074e-17
1.21509476e-16
1.79045220e-16
2.53341137e-16
3.46845635e-16
4.62354948e-16
6.02512638e-16
7.70872433e-16
9.70542681e-16
1.20513605e-15
1.47905130e-15
1.79778758e-15
2.16442023e-15
2.58731946e-15
3.07005327e-15
3.62053621e-15
4.24704892e-15
4.95780120e-15
5.76195187e-15
6.66975993e-15
7.69275156e-15
8.84390352e-15
1.01378437e-14
1.15910695e-14
1.32142933e-14
1.50286867e-14
1.70602428e-14
1.93346243e-14
2.18615386e-14
2.46782160e-14
2.78265458e-14
3.13209227e-14
3.52037333e-14
3.95390674e-14
4.43307142e-14
4.96603574e-14
5.55955247e-14
6.21363412e-14
6.94259239e-14
7.74869859e-14
8.64121840e-14
9.63467890e-14
1.07261666e-13
1.19402222e-13
1.32826224e-13
1.47644919e-13
1.64106363e-13
1.82223757e-13
2.02282923e-13
2.24533311e-13
2.48982716e-13
2.76062540e-13
3.06056758e-13
3.39087054e-13
3.75574272e-13
4.15939632e-13
4.60572460e-13
5.09809044e-13
5.64134435e-13
6.24178066e-13
6.90529176e-13
7.63844819e-13
8.44860770e-13
9.34404266e-13
1.03340859e-12
1.14292930e-12
1.26388211e-12
1.39776745e-12
1.54610454e-12
1.71019359e-12
1.89213850e-12
2.09393239e-12
2.31787831e-12
2.56669336e-12
2.84351535e-12
3.15186766e-12
3.49597560e-12
3.88080371e-12
4.31219558e-12
4.79723602e-12
5.34456397e-12
5.96501430e-12
6.67173126e-12
7.48195892e-12
8.41706650e-12
9.50503619e-12
1.07822279e-11
1.22968739e-11
1.41145759e-11
1.63271511e-11
