6.93769447e-09
7.62376934e-09
8.36522306e-09
9.16866188e-09
1.00395108e-08
1.09840852e-08
1.20091312e-08
1.31226924e-08
1.43323973e-08
1.56481378e-08
1.70794956e-08
1.86380126e-08
2.03359804e-08
2.21866568e-08
2.42043407e-08
2.64042287e-08
2.88022327e-08
3.14179574e-08
3.42714332e-08
3.73835852e-08
4.07784249e-08
4.44804030e-08
4.85191335e-08
5.29254443e-08
5.77315455e-08
6.29723009e-08
6.86895340e-08
7.49268671e-08
8.17316438e-08
8.91514117e-08
9.72452979e-08
1.06075115e-07
1.15708129e-07
1.26213767e-07
1.37671876e-07
1.50172219e-07
1.63809290e-07
1.78685054e-07
1.94904833e-07
2.12600558e-07
2.31906327e-07
2.52963195e-07
2.75932742e-07
3.00982217e-07
3.28311274e-07
3.58127477e-07
3.90647524e-07
4.26108741e-07
4.64794951e-07
5.07001764e-07
5.53049186e-07
6.03254227e-07
6.58021039e-07
7.17768292e-07
7.82952570e-07
8.54041533e-07
9.31574703e-07
1.01615788e-06
1.10843285e-06
1.20909122e-06
1.31884772e-06
1.43859002e-06
1.56922286e-06
1.71170580e-06
1.86712712e-06
2.03663214e-06
2.22156226e-06
2.42331612e-06
2.64335804e-06
2.88330796e-06
3.14508839e-06
3.43069474e-06
3.74228775e-06
4.08198790e-06
4.45256682e-06
4.85685852e-06
5.29795013e-06
5.77898333e-06
6.30361200e-06
6.87593985e-06
7.50033013e-06
8.18145829e-06
8.92415605e-06
9.73439921e-06
1.06183110e-05
1.15824162e-05
1.26339835e-05
1.37806684e-05
1.50310963e-05
1.63938456e-05
1.78773732e-05
1.94897260e-05
2.12392122e-05
2.31324690e-05
2.51743295e-05
2.73724869e-05
2.97277994e-05
3.22502079e-05
3.49420391e-05
3.78141808e-05
