2.64343697e+04
2.85722933e+04
3.09305798e+04
3.35333637e+04
3.64033256e+04
3.95694564e+04
4.30601477e+04
4.68892565e+04
5.10929956e+04
5.56991418e+04
6.07343078e+04
6.62335942e+04
7.22399100e+04
7.87975093e+04
8.59554910e+04
9.37535236e+04
1.02261154e+05
1.11545660e+05
1.21678221e+05
1.32725015e+05
1.44766921e+05
1.57907937e+05
1.72249099e+05
1.87901053e+05
2.04941955e+05
2.23541757e+05
2.43839608e+05
2.65991673e+05
2.90131150e+05
3.16457766e+05
3.45187255e+05
3.76540174e+05
4.10761699e+05
4.47996724e+05
4.88660688e+05
5.33037257e+05
5.81467054e+05
6.34215534e+05
6.91770695e+05
7.54580853e+05
8.23127393e+05
8.97846946e+05
9.79309799e+05
1.06820920e+06
1.16522791e+06
1.27111607e+06
1.38637683e+06
1.51220331e+06
1.64951882e+06
1.79937914e+06
1.96265828e+06
2.14075557e+06
2.33510857e+06
2.54721158e+06
2.77849890e+06
3.03058172e+06
3.30567104e+06
3.60587554e+06
3.93350406e+06
4.29029591e+06
4.67965790e+06
5.10456695e+06
5.56828037e+06
6.07367914e+06
6.62477533e+06
7.22618368e+06
7.88251611e+06
8.59886379e+06
9.37846250e+06
1.02296777e+07
1.11586256e+07
1.21724384e+07
1.32768519e+07
1.44816694e+07
1.57964753e+07
1.72313882e+07
1.87958696e+07
2.05012862e+07
2.23624099e+07
2.43935894e+07
2.66105995e+07
2.90250561e+07
3.16609145e+07
3.45385057e+07
3.76806579e+07
4.11094054e+07
4.48524950e+07
4.89443587e+07
5.34200709e+07
5.83190576e+07
6.36859508e+07
6.95716915e+07
7.60350450e+07
8.31444365e+07
9.09717310e+07
9.96036414e+07
1.09134673e+08
1.19671128e+08
1.31340810e+08
1.44291970e+08
