7.99585566e-17
9.96312487e-17
1.22791831e-16
1.50152033e-16
1.82434884e-16
2.20523138e-16
2.65487708e-16
3.18624681e-16
3.81382467e-16
4.55740261e-16
5.43837060e-16
6.48299781e-16
7.72333044e-16
9.19694720e-16
1.09484695e-15
1.30310374e-15
1.55066912e-15
1.84521924e-15
2.19570058e-15
2.61271904e-15
3.10868653e-15
3.69870478e-15
4.40089214e-15
5.23659573e-15
6.23094251e-15
7.41344487e-15
8.82053398e-15
1.04951343e-14
1.24869930e-14
1.48587806e-14
1.76790644e-14
2.10349346e-14
2.50287215e-14
2.97806892e-14
3.54336456e-14
4.21601574e-14
5.01640227e-14
5.96888372e-14
7.10172149e-14
8.44990935e-14
1.00542212e-13
1.19632093e-13
1.42338587e-13
1.69354724e-13
2.01507840e-13
2.39771635e-13
2.85295173e-13
3.39435496e-13
4.03865045e-13
4.80547342e-13
5.71757514e-13
6.80339796e-13
8.09462720e-13
9.63120764e-13
1.14600156e-12
1.36359010e-12
1.62241098e-12
1.93037167e-12
2.29683878e-12
2.73298024e-12
3.25171494e-12
3.86900345e-12
4.60350883e-12
5.47753692e-12
6.51724295e-12
7.75434815e-12
9.22657946e-12
1.09784436e-11
1.30626550e-11
1.55416360e-11
1.84919516e-11
2.20032012e-11
2.61795436e-11
3.11504279e-11
3.70625135e-11
4.40986308e-11
5.24728683e-11
6.24353128e-11
7.42849399e-11
8.83849421e-11
1.05165371e-10
1.25136598e-10
1.48888256e-10
1.77149592e-10
2.10776298e-10
2.50742705e-10
2.98370911e-10
3.54928844e-10
4.22075801e-10
5.01595896e-10
5.95391964e-10
7.05347340e-10
8.33304949e-10
9.80809947e-10
1.14910815e-09
1.33924421e-09
1.55188720e-09
1.78849535e-09
2.04963619e-09
2.33720766e-09
