1.62423387e+02
1.68313691e+02
1.74101914e+02
1.79769783e+02
1.85302076e+02
1.90687718e+02
1.95928292e+02
2.01032019e+02
2.06017008e+02
2.10909923e+02
2.15735960e+02
2.20520667e+02
2.25295305e+02
2.30083831e+02
2.34908501e+02
2.39799154e+02
2.44765661e+02
2.49845046e+02
2.55047177e+02
2.60390314e+02
2.65901578e+02
2.71617140e+02
2.77513119e+02
2.83662370e+02
2.90060889e+02
2.96723855e+02
3.03694773e+02
3.10996180e+02
3.18653602e+02
3.26695783e+02
3.35154918e+02
3.44066885e+02
3.53471481e+02
3.63402615e+02
3.73855678e+02
3.84927615e+02
3.96674997e+02
4.09152279e+02
4.22305483e+02
4.36311851e+02
4.51249147e+02
4.67033722e+02
4.83874922e+02
5.01878550e+02
5.20921769e+02
5.41323666e+02
5.63085151e+02
5.86248938e+02
6.11118885e+02
6.37539947e+02
6.65871513e+02
6.96217755e+02
7.28557678e+02
7.63352578e+02
8.00461059e+02
8.40269871e+02
8.83086896e+02
9.28703856e+02
9.77817613e+02
1.03055656e+03
1.08692647e+03
1.14760815e+03
1.21286634e+03
1.28261554e+03
1.35767377e+03
1.43841536e+03
1.52522105e+03
1.61818720e+03
1.71816725e+03
1.82565898e+03
1.94119848e+03
2.06536549e+03
2.19878931e+03
2.34215473e+03
2.49620762e+03
2.66175902e+03
2.83944577e+03
3.03011795e+03
3.23503538e+03
3.45455207e+03
3.69012660e+03
3.94256390e+03
4.21281639e+03
4.50193285e+03
4.81095454e+03
5.14076148e+03
5.49224132e+03
5.86615354e+03
6.26303904e+03
6.68320811e+03
7.12666805e+03
7.59315379e+03
8.08171013e+03
8.59128084e+03
9.12012677e+03
9.66660578e+03
1.02288264e+04
1.08050581e+04
1.13934974e+04
1.19922254e+04
