6.94266557e-03
6.73267785e-03
6.54318753e-03
6.37148870e-03
6.21530740e-03
6.07273199e-03
5.94205263e-03
5.82177304e-03
5.71049918e-03
5.60701787e-03
5.51023108e-03
5.41920089e-03
5.33311872e-03
5.25123120e-03
5.17302466e-03
5.09788245e-03
5.02547562e-03
4.95530348e-03
4.88717001e-03
4.82078723e-03
4.75579258e-03
4.69210469e-03
4.62935576e-03
4.56772176e-03
4.50679388e-03
4.44648128e-03
4.38667798e-03
4.32726612e-03
4.26811928e-03
4.20944521e-03
4.15086320e-03
4.09222666e-03
4.03378509e-03
3.97527731e-03
3.91657839e-03
3.85793071e-03
3.79889212e-03
3.73983146e-03
3.68035442e-03
3.62061836e-03
3.56059501e-03
3.49994515e-03
3.43926542e-03
3.37791178e-03
3.31605631e-03
3.25391035e-03
3.19104810e-03
3.12767662e-03
3.06389746e-03
2.99936249e-03
2.93425539e-03
2.86870043e-03
2.80235773e-03
2.73539706e-03
2.66796082e-03
2.59971773e-03
2.53088743e-03
2.46151430e-03
2.39133523e-03
2.32071389e-03
2.24941579e-03
2.17747744e-03
2.10509816e-03
2.03201896e-03
1.95862966e-03
1.88460718e-03
1.81032325e-03
1.73557842e-03
1.66057759e-03
1.58536645e-03
1.50997513e-03
1.43455425e-03
1.35921710e-03
1.28404532e-03
1.20918345e-03
1.13478509e-03
1.06101930e-03
9.88077771e-04
9.16149076e-04
8.45480795e-04
7.76317263e-04
7.08952531e-04
6.43663801e-04
5.80772259e-04
5.20661261e-04
4.63668541e-04
4.10199939e-04
3.60605686e-04
3.15271992e-04
2.74499138e-04
2.38527103e-04
2.07473637e-04
1.81278079e-04
1.59687290e-04
1.42229205e-04
1.28265721e-04
1.17090028e-04
1.08043031e-04
1.00597203e-04
9.43701357e-05
