3.41947824e-07
3.18937941e-07
2.99632760e-07
2.83218669e-07
2.69101969e-07
2.56840327e-07
2.46090043e-07
2.36582533e-07
2.28098813e-07
2.20464325e-07
2.13535560e-07
2.07197339e-07
2.01356014e-07
1.95931263e-07
1.90865841e-07
1.86101247e-07
1.81601613e-07
1.77323599e-07
1.73245196e-07
1.69340640e-07
1.65581661e-07
1.61957708e-07
1.58442980e-07
1.55043004e-07
1.51731432e-07
1.48500331e-07
1.45341402e-07
1.42246175e-07
1.39206180e-07
1.36230218e-07
1.33297354e-07
1.30399205e-07
1.27547002e-07
1.24726956e-07
1.21932386e-07
1.19174102e-07
1.16430773e-07
1.13719092e-07
1.11020548e-07
1.08342082e-07
1.05682142e-07
1.03025714e-07
1.00398760e-07
9.77732813e-08
9.51568896e-08
9.25585001e-08
8.99604562e-08
8.73716336e-08
8.47962909e-08
8.22206739e-08
7.96525463e-08
7.70970486e-08
7.45413389e-08
7.19925065e-08
6.94563303e-08
6.69208692e-08
6.43949090e-08
6.18805591e-08
5.93689536e-08
5.68737531e-08
5.43872791e-08
5.19116028e-08
4.94542809e-08
4.70073281e-08
4.45845884e-08
4.21762279e-08
3.97952311e-08
3.74360780e-08
3.51062219e-08
3.28080136e-08
3.05433940e-08
2.83179304e-08
2.61359817e-08
2.40009702e-08
2.19180942e-08
1.98927127e-08
1.79305023e-08
1.60376073e-08
1.42199359e-08
1.24846896e-08
1.08386939e-08
9.28960295e-09
7.84422941e-09
6.50984408e-09
5.29426064e-09
4.20337610e-09
3.24319922e-09
2.41714477e-09
1.72727778e-09
1.17181803e-09
7.45216640e-10
4.37008046e-10
2.31363934e-10
1.07863226e-10
4.32759186e-11
1.50355844e-11
5.06845790e-12
2.14606215e-12
1.26284026e-12
9.01080651e-13
