3.48666065e-07
3.32001356e-07
3.18633349e-07
3.07754027e-07
2.98791068e-07
2.91312087e-07
2.84985317e-07
2.79545890e-07
2.74789497e-07
2.70563677e-07
2.66746009e-07
2.63255624e-07
2.60018645e-07
2.56983188e-07
2.54114137e-07
2.51381763e-07
2.48757827e-07
2.46220002e-07
2.43753023e-07
2.41346981e-07
2.38991000e-07
2.36673626e-07
2.34383155e-07
2.32115545e-07
2.29870388e-07
2.27630990e-07
2.25403973e-07
2.23179738e-07
2.20948265e-07
2.18721031e-07
2.16486618e-07
2.14238931e-07
2.11976289e-07
2.09696974e-07
2.07406621e-07
2.05096879e-07
2.02764134e-07
2.00406610e-07
1.98022513e-07
1.95610029e-07
1.93167329e-07
1.90692561e-07
1.88183856e-07
1.85639322e-07
1.83057044e-07
1.80435083e-07
1.77771474e-07
1.75064222e-07
1.72311304e-07
1.69510665e-07
1.66660215e-07
1.63757829e-07
1.60801346e-07
1.57788566e-07
1.54717250e-07
1.51585121e-07
1.48389858e-07
1.45129105e-07
1.41800465e-07
1.38401504e-07
1.34929754e-07
1.31382719e-07
1.27757876e-07
1.24052688e-07
1.20264613e-07
1.16391118e-07
1.12433142e-07
1.08397247e-07
1.04271101e-07
1.00052647e-07
9.57400401e-08
9.13397310e-08
8.68639702e-08
8.22936428e-08
7.76431593e-08
7.29234520e-08
6.81280304e-08
6.32796166e-08
5.83852577e-08
5.34555532e-08
4.85141682e-08
4.35860426e-08
3.86982737e-08
3.38815494e-08
2.91771990e-08
2.46320811e-08
2.03021799e-08
1.62458042e-08
1.25293263e-08
9.22223745e-09
6.39135907e-09
4.09249208e-09
2.35660322e-09
1.17401361e-09
4.78782125e-10
1.48415720e-10
3.27135773e-11
5.89998794e-12
1.74367404e-12
9.79972407e-13
