4.01549202e-21
5.08205731e-21
6.40393558e-21
8.04499640e-21
1.00797654e-20
1.26066089e-20
1.57347978e-20
1.96193251e-20
2.44395084e-20
3.04204202e-20
3.78444404e-20
4.70648250e-20
5.85220350e-20
7.27610972e-20
9.04177771e-20
1.12362758e-19
1.39645252e-19
1.73572551e-19
2.15705765e-19
2.68018062e-19
3.33056488e-19
4.13930346e-19
5.14491186e-19
6.39222717e-19
7.94303230e-19
9.87130820e-19
1.22692950e-18
1.52456079e-18
1.89431994e-18
2.35409393e-18
2.92583227e-18
3.63626748e-18
4.51786380e-18
5.61404411e-18
6.97721110e-18
8.67246516e-18
1.07753445e-17
1.33888632e-17
1.66387281e-17
2.06805030e-17
2.57001648e-17
3.19321317e-17
3.96804139e-17
4.93158191e-17
6.12973349e-17
7.61580355e-17
9.46336790e-17
1.17606211e-16
1.46175954e-16
1.81637777e-16
2.25692263e-16
2.80468650e-16
3.48582458e-16
4.33223530e-16
5.38261024e-16
6.68865505e-16
8.31272713e-16
1.03323655e-15
1.28376883e-15
1.59515128e-15
1.98235864e-15
2.46390232e-15
3.06192890e-15
3.80437749e-15
4.72751515e-15
5.87553028e-15
7.30306748e-15
9.07353067e-15
1.12746219e-14
1.40115418e-14
1.74154747e-14
2.16406180e-14
2.68892359e-14
3.34150092e-14
4.15298744e-14
5.16144035e-14
6.41291700e-14
7.96895623e-14
9.90380431e-14
1.23099108e-13
1.52948130e-13
1.90048002e-13
2.36181131e-13
2.93550695e-13
3.64796491e-13
4.53248739e-13
5.63224748e-13
6.99962221e-13
8.69908075e-13
1.08043410e-12
1.34157792e-12
1.66493855e-12
2.06425414e-12
2.55565349e-12
3.15822638e-12
3.89441998e-12
4.79022342e-12
5.87705083e-12
7.19213861e-12
8.78079627e-12
