2.44736452e-09
2.28343610e-09
2.15133221e-09
2.04297271e-09
1.95276935e-09
1.87671865e-09
1.81177507e-09
1.75563600e-09
1.70649118e-09
1.66290180e-09
1.62378138e-09
1.58828332e-09
1.55570344e-09
1.52552844e-09
1.49735366e-09
1.47080938e-09
1.44569319e-09
1.42170876e-09
1.39873235e-09
1.37662325e-09
1.35522978e-09
1.33439490e-09
1.31419091e-09
1.29436528e-09
1.27494412e-09
1.25589165e-09
1.23710295e-09
1.21854595e-09
1.20018767e-09
1.18199470e-09
1.16393355e-09
1.14597108e-09
1.12807480e-09
1.11023068e-09
1.09249276e-09
1.07474646e-09
1.05696252e-09
1.03912355e-09
1.02136125e-09
1.00349462e-09
9.85500011e-10
9.67541482e-10
9.49444971e-10
9.31178592e-10
9.12934929e-10
8.94480174e-10
8.75898358e-10
8.57227804e-10
8.38309539e-10
8.19344135e-10
8.00155121e-10
7.80767407e-10
7.61280013e-10
7.41509392e-10
7.21631927e-10
7.01532770e-10
6.81164939e-10
6.60724414e-10
6.39999608e-10
6.19052798e-10
5.97986068e-10
5.76656313e-10
5.55095628e-10
5.33445279e-10
5.11568407e-10
4.89488645e-10
4.67235756e-10
4.44912413e-10
4.22445337e-10
3.99866476e-10
3.77209988e-10
3.54512433e-10
3.31813146e-10
3.09154841e-10
2.86584513e-10
2.64154683e-10
2.41953885e-10
2.20053810e-10
1.98498934e-10
1.77443997e-10
1.56945356e-10
1.37138493e-10
1.18155215e-10
1.00130996e-10
8.32115987e-11
6.75562367e-11
5.33212709e-11
4.06586835e-11
2.97056309e-11
2.05663649e-11
1.32914830e-11
7.85178695e-12
4.11719738e-12
1.83602376e-12
6.54126372e-13
1.69469414e-13
2.78972399e-14
2.62583072e-15
2.73593500e-16
1.00454188e-16
