9.78612949e-12
8.89739630e-12
8.01970583e-12
7.15483813e-12
6.31020873e-12
5.49471532e-12
4.72021382e-12
4.00205185e-12
3.34968229e-12
2.77164677e-12
2.27209893e-12
1.84947686e-12
1.49793206e-12
1.20933115e-12
9.74509907e-13
7.84808403e-13
6.31763309e-13
5.08441421e-13
4.09129648e-13
3.29241941e-13
2.64981528e-13
2.13241309e-13
1.71589918e-13
1.38038314e-13
1.11127560e-13
8.94325991e-14
7.19651488e-14
5.79044449e-14
4.66020585e-14
3.75067370e-14
3.01827380e-14
2.42860637e-14
1.95280835e-14
1.57289787e-14
1.26583957e-14
1.01860038e-14
8.19550729e-15
6.59612605e-15
5.30858970e-15
4.27198982e-15
3.43740941e-15
2.76621694e-15
2.22629292e-15
1.79160174e-15
1.44166481e-15
1.15960299e-15
9.33666724e-16
7.51379854e-16
6.04627416e-16
4.86498393e-16
3.91548658e-16
3.15122767e-16
2.53583181e-16
2.04041485e-16
1.64194802e-16
1.32153930e-16
1.06352995e-16
8.55785046e-17
6.88537773e-17
5.54197315e-17
4.46022447e-17
3.58923284e-17
2.88796517e-17
2.32410088e-17
1.87048074e-17
1.50527588e-17
1.21125495e-17
9.74121926e-18
7.84437816e-18
6.31285822e-18
5.07993983e-18
4.08744012e-18
3.28973299e-18
2.64754867e-18
2.13049508e-18
1.71427392e-18
1.37953479e-18
1.11029672e-18
8.93479009e-19
7.18902664e-19
5.78298388e-19
4.65451776e-19
3.74493452e-19
3.01220310e-19
2.42188885e-19
1.94665482e-19
1.56383337e-19
1.25496012e-19
1.00555932e-19
8.04013125e-20
6.40996520e-20
5.09004060e-20
4.01991847e-20
3.15121005e-20
2.44615725e-20
1.87433276e-20
1.41176715e-20
1.03925344e-20
7.41473785e-21
5.05568281e-21
