9.88086508e-12
9.25792659e-12
8.77246036e-12
8.38636857e-12
8.07416344e-12
7.81761081e-12
7.60333751e-12
7.42109955e-12
7.26322541e-12
7.12410525e-12
6.99933621e-12
6.88601490e-12
6.78155630e-12
6.68415161e-12
6.59257266e-12
6.50579209e-12
6.42285264e-12
6.34300256e-12
6.26572567e-12
6.19068209e-12
6.11750848e-12
6.04582988e-12
5.97527004e-12
5.90569345e-12
5.83707755e-12
5.76890543e-12
5.70137383e-12
5.63418738e-12
5.56704262e-12
5.50028383e-12
5.43356769e-12
5.36671420e-12
5.29967658e-12
5.23240781e-12
5.16507723e-12
5.09744297e-12
5.02940473e-12
4.96091723e-12
4.89193542e-12
4.82241455e-12
4.75231015e-12
4.68157805e-12
4.61017434e-12
4.53805539e-12
4.46517778e-12
4.39149832e-12
4.31697399e-12
4.24156193e-12
4.16521940e-12
4.08790376e-12
4.00957243e-12
3.93018291e-12
3.84969274e-12
3.76805949e-12
3.68524081e-12
3.60119440e-12
3.51587806e-12
3.42924976e-12
3.34126768e-12
3.25189029e-12
3.16107653e-12
3.06878591e-12
2.97497875e-12
2.87961643e-12
2.78266179e-12
2.68407957e-12
2.58392374e-12
2.48238923e-12
2.37919626e-12
2.27432775e-12
2.16777390e-12
2.05973018e-12
1.95053047e-12
1.83974481e-12
1.72776215e-12
1.61488198e-12
1.50098757e-12
1.38665713e-12
1.27209288e-12
1.15758055e-12
1.04370587e-12
9.31075313e-13
8.20335959e-13
7.12206710e-13
6.07632020e-13
5.07659240e-13
4.13509977e-13
3.26421812e-13
2.47761709e-13
1.78902449e-13
1.21081931e-13
7.52107120e-14
4.15772480e-14
1.95394082e-14
7.27579554e-15
1.91889760e-15
2.97013387e-16
1.92796238e-17
3.07922411e-19
7.98044857e-21
