1.61564263e+02
1.66336110e+02
1.70763247e+02
1.74848989e+02
1.78603378e+02
1.82049257e+02
1.85218649e+02
1.88153370e+02
1.90896268e+02
1.93485285e+02
1.95958429e+02
1.98340312e+02
2.00660367e+02
2.02940227e+02
2.05194302e+02
2.07436590e+02
2.09683312e+02
2.11948811e+02
2.14243566e+02
2.16574727e+02
2.18951692e+02
2.21386020e+02
2.23891338e+02
2.26474389e+02
2.29138285e+02
2.31906793e+02
2.34776596e+02
2.37765413e+02
2.40894015e+02
2.44153904e+02
2.47569848e+02
2.51161495e+02
2.54943418e+02
2.58931622e+02
2.63129843e+02
2.67568319e+02
2.72271681e+02
2.77263361e+02
2.82569144e+02
2.88217426e+02
2.94239493e+02
3.00669844e+02
3.07546533e+02
3.14911572e+02
3.22811364e+02
3.31297190e+02
3.40425759e+02
3.50259811e+02
3.60868795e+02
3.72329628e+02
3.84727534e+02
3.98156986e+02
4.12722760e+02
4.28541107e+02
4.45741069e+02
4.64465953e+02
4.84874984e+02
5.07145159e+02
5.31473344e+02
5.58078636e+02
5.87205038e+02
6.19124499e+02
6.54140380e+02
6.92591412e+02
7.34856250e+02
7.81358699e+02
8.32527700e+02
8.88755512e+02
9.50754131e+02
1.01918272e+03
1.09478452e+03
1.17824175e+03
1.27018011e+03
1.37198943e+03
1.48450694e+03
1.60873294e+03
1.74630475e+03
1.89824204e+03
2.06620068e+03
2.25201475e+03
2.45732101e+03
2.68396323e+03
2.93402488e+03
3.20984133e+03
3.51362154e+03
3.84768192e+03
4.21413113e+03
4.61530938e+03
5.05313072e+03
5.52901949e+03
6.04371818e+03
6.59690182e+03
7.18698255e+03
7.81057312e+03
8.46253776e+03
9.13639410e+03
9.82508332e+03
1.05218635e+04
1.12204268e+04
1.19147953e+04
