3.58950543e-25
4.98667518e-25
6.80730787e-25
9.17446586e-25
1.22474420e-24
1.62258614e-24
2.13799571e-24
2.80464697e-24
3.66763869e-24
4.78474370e-24
6.23164593e-24
8.10722284e-24
1.05383588e-23
1.36881386e-23
1.77740807e-23
2.30765465e-23
2.99609144e-23
3.88894722e-23
5.04721726e-23
6.55085849e-23
8.50308189e-23
1.10373461e-22
1.43228509e-22
1.85890157e-22
2.41282633e-22
3.13164246e-22
4.06446432e-22
5.27463725e-22
6.84620174e-22
8.88701326e-22
1.15347439e-21
1.49678324e-21
1.94256061e-21
2.52151012e-21
3.27338275e-21
4.24767069e-21
5.51232740e-21
7.15447402e-21
9.28733536e-21
1.20539488e-20
1.56426971e-20
2.03016324e-20
2.63512970e-20
3.42057101e-20
4.43884528e-20
5.76089478e-20
7.47731991e-20
9.70484545e-20
1.25958778e-19
1.63466812e-19
2.12170802e-19
2.75409700e-19
3.57455687e-19
4.63852304e-19
6.02016984e-19
7.81445659e-19
1.01443806e-18
1.31633517e-18
1.70825393e-18
2.21721631e-18
2.87825848e-18
3.73560465e-18
4.84763765e-18
6.29138526e-18
8.16635094e-18
1.06007300e-17
1.37564139e-17
1.78530492e-17
2.31718520e-17
3.00753803e-17
3.90357923e-17
5.06602381e-17
6.57525445e-17
8.53483478e-17
1.10774507e-16
1.43750895e-16
1.86572323e-16
2.42175470e-16
3.14372835e-16
4.07926343e-16
5.29393921e-16
6.87140688e-16
8.91999458e-16
1.15765939e-15
1.50223619e-15
1.94959882e-15
2.53039138e-15
3.28363273e-15
4.25756851e-15
5.51545302e-15
7.13310059e-15
9.19973061e-15
1.18160675e-14
1.50923285e-14
1.91486059e-14
2.41161716e-14
3.01350061e-14
3.73671211e-14
4.59961522e-14
5.62560723e-14
