6.17625602e-03
5.96126863e-03
5.74727913e-03
5.53461257e-03
5.32346561e-03
5.11465428e-03
4.90972875e-03
4.70905210e-03
4.51375811e-03
4.32462482e-03
4.14216129e-03
3.96680549e-03
3.79845178e-03
3.63704383e-03
3.48240522e-03
3.33434912e-03
3.19260248e-03
3.05685080e-03
2.92684687e-03
2.80232468e-03
2.68323866e-03
2.56915866e-03
2.45990704e-03
2.35528068e-03
2.25513942e-03
2.15926400e-03
2.06745290e-03
1.97952921e-03
1.89526572e-03
1.81476725e-03
1.73760530e-03
1.66371584e-03
1.59295652e-03
1.52523602e-03
1.46038532e-03
1.39828438e-03
1.33881800e-03
1.28189341e-03
1.22739493e-03
1.17520316e-03
1.12522374e-03
1.07734856e-03
1.03157184e-03
9.87712164e-04
9.45708670e-04
9.05485040e-04
8.66988113e-04
8.30129528e-04
7.94831860e-04
7.61028078e-04
7.28664442e-04
6.97686556e-04
6.68022519e-04
6.39615406e-04
6.12410798e-04
5.86375628e-04
5.61444154e-04
5.37570271e-04
5.14708522e-04
4.92823663e-04
4.71870877e-04
4.51805776e-04
4.32591844e-04
4.14184898e-04
3.96587739e-04
3.79725121e-04
3.63576659e-04
3.48113119e-04
3.33313819e-04
3.19143344e-04
3.05572542e-04
2.92576319e-04
2.80134675e-04
2.68225611e-04
2.56821253e-04
2.45899641e-04
2.35439780e-04
2.25431171e-04
2.15846183e-04
2.06667302e-04
1.97876642e-04
1.89460750e-04
1.81401924e-04
1.73682610e-04
1.66287365e-04
1.59199174e-04
1.52410672e-04
1.45897267e-04
1.39645577e-04
1.33640006e-04
1.27864289e-04
1.22301845e-04
1.16936319e-04
1.11752109e-04
1.06735272e-04
1.01870692e-04
9.71461204e-05
9.25506718e-05
8.80758569e-05
8.36985272e-05
