1.22505480e-13
1.08841624e-13
9.57467270e-14
8.32260295e-14
7.13498654e-14
6.02998206e-14
5.01578807e-14
4.10741154e-14
3.31315526e-14
2.63675676e-14
2.07435819e-14
1.62025001e-14
1.25759951e-14
9.72559635e-15
7.50548611e-15
5.78726730e-15
4.46064334e-15
3.43733427e-15
2.64842084e-15
2.03902513e-15
1.57240386e-15
1.21157176e-15
9.33490350e-16
7.19187816e-16
5.54209973e-16
4.27045715e-16
3.29029904e-16
2.53495513e-16
1.95326024e-16
1.50518365e-16
1.15976796e-16
8.93531104e-17
6.88183000e-17
5.30493974e-17
4.08780248e-17
3.14958689e-17
2.42644958e-17
1.86969299e-17
1.44074653e-17
1.11013496e-17
8.55306193e-18
6.58401070e-18
5.07797842e-18
3.91274988e-18
3.01472372e-18
2.32260244e-18
1.78979979e-18
1.37910951e-18
1.06258570e-18
8.18663254e-19
6.30814842e-19
4.86094652e-19
3.74536321e-19
2.88558557e-19
2.22219346e-19
1.71325566e-19
1.32014994e-19
1.01713055e-19
7.83596720e-20
6.03819223e-20
4.65295223e-20
3.58518180e-20
2.76214157e-20
2.12814551e-20
1.63992189e-20
1.26363188e-20
9.73606702e-21
7.50054718e-21
5.78003235e-21
4.45375589e-21
3.43161597e-21
2.64387553e-21
2.03721723e-21
1.56980547e-21
1.20953063e-21
9.31884480e-22
7.17560605e-22
5.53283891e-22
4.26311918e-22
3.28440802e-22
2.53013896e-22
1.94944575e-22
1.50184823e-22
1.15670629e-22
8.90556431e-23
6.84915390e-23
5.27214917e-23
4.05116925e-23
3.10803638e-23
2.37909773e-23
1.81540374e-23
1.37923865e-23
1.04153769e-23
7.79989873e-24
5.77603282e-24
4.21391275e-24
3.01307086e-24
2.09651575e-24
1.40449537e-24
8.89008697e-25
