3.46238510e-25
4.69814814e-25
6.30227433e-25
8.38804407e-25
1.10922630e-24
1.46021851e-24
1.91390772e-24
2.50227368e-24
3.26445723e-24
4.25167388e-24
5.53096026e-24
7.18988956e-24
9.34243074e-24
1.21359640e-23
1.57530840e-23
2.04475772e-23
2.65428937e-23
3.44597670e-23
4.47284740e-23
5.80430519e-23
7.53303916e-23
9.77818489e-23
1.26941378e-22
1.64717494e-22
2.13767999e-22
2.77461767e-22
3.60187664e-22
4.67435934e-22
6.06595706e-22
7.87314289e-22
1.02201010e-21
1.32658721e-21
1.72134109e-21
2.23400412e-21
2.89986164e-21
3.76459402e-21
4.88504130e-21
6.33926947e-21
8.22800989e-21
1.06814610e-20
1.38637976e-20
1.79898146e-20
2.33474086e-20
3.03062483e-20
3.93446436e-20
5.10526720e-20
6.62537412e-20
8.59933495e-20
1.11633940e-19
1.44877446e-19
1.88009238e-19
2.44016247e-19
3.16750368e-19
4.11150875e-19
5.33509956e-19
6.92411864e-19
8.98775443e-19
1.16675964e-18
1.51401894e-18
1.96476766e-18
2.55020277e-18
3.31060572e-18
4.29684114e-18
5.57556168e-18
7.23614060e-18
9.39312771e-18
1.21945474e-17
1.58230005e-17
2.05339520e-17
2.66520068e-17
3.45996299e-17
4.49036642e-17
5.82710641e-17
7.56279520e-17
9.81702157e-17
1.27430781e-16
1.65357203e-16
2.14605710e-16
2.78559053e-16
3.61611585e-16
4.69246097e-16
6.08961828e-16
7.90412053e-16
1.02606767e-15
1.33170720e-15
1.72800043e-15
2.24257424e-15
2.91058197e-15
3.77698685e-15
4.89594401e-15
6.34081805e-15
8.19909384e-15
1.05751984e-14
1.35913899e-14
1.73908253e-14
2.21402467e-14
2.80318732e-14
3.52971922e-14
4.42121861e-14
5.51171425e-14
