5.87264369e-13
6.84379222e-13
7.93608127e-13
9.16928703e-13
1.05615318e-12
1.21343738e-12
1.39125093e-12
1.59254745e-12
1.82045946e-12
2.07899220e-12
2.37231946e-12
2.70557724e-12
3.08453234e-12
3.51570886e-12
4.00649594e-12
4.56523026e-12
5.20124940e-12
5.92579349e-12
6.75127797e-12
7.69123293e-12
8.76267847e-12
9.98258666e-12
1.13726141e-11
1.29565697e-11
1.47609607e-11
1.68158212e-11
1.91569900e-11
2.18246445e-11
2.48642171e-11
2.83261202e-11
3.22698792e-11
3.67631226e-11
4.18828787e-11
4.77146830e-11
5.43578327e-11
6.19268844e-11
7.05505985e-11
8.03754181e-11
9.15640968e-11
1.04313428e-10
1.18840334e-10
1.35382899e-10
1.54239714e-10
1.75712286e-10
2.00180391e-10
2.28061131e-10
2.59819626e-10
2.95987028e-10
3.37196315e-10
3.84154803e-10
4.37661167e-10
4.98592049e-10
5.68005390e-10
6.47093831e-10
7.37215696e-10
8.39870288e-10
9.56800731e-10
1.09002222e-09
1.24181056e-09
1.41474942e-09
1.61170272e-09
1.83611728e-09
2.09180496e-09
2.38298338e-09
2.71488572e-09
3.09286573e-09
3.52356422e-09
4.01430016e-09
4.57326800e-09
5.20987571e-09
5.93527392e-09
6.76187216e-09
7.70371211e-09
8.77608907e-09
9.99785557e-09
1.13900114e-08
1.29764197e-08
1.47833225e-08
1.68414068e-08
1.91862410e-08
2.18580443e-08
2.49022371e-08
2.83690773e-08
3.23190166e-08
3.68192232e-08
4.19442370e-08
4.77847767e-08
5.44331315e-08
6.19993201e-08
7.05980062e-08
8.03467972e-08
9.13602699e-08
1.03749979e-07
1.17607338e-07
1.32996868e-07
1.50009956e-07
1.68658797e-07
1.89048897e-07
2.11214288e-07
2.35277949e-07
