6.20825221e-14
5.59226251e-14
4.98764727e-14
4.39577897e-14
3.82204905e-14
3.27291020e-14
2.75678531e-14
2.28423825e-14
1.86161083e-14
1.49422815e-14
1.18401939e-14
9.28739834e-15
7.23086893e-15
5.60204188e-15
4.32722376e-15
3.33856995e-15
2.57382834e-15
1.98346484e-15
1.52818744e-15
1.17752586e-15
9.07439414e-16
6.99202906e-16
5.38692268e-16
4.14893348e-16
3.19843114e-16
2.46463642e-16
1.89891579e-16
1.46287509e-16
1.12728386e-16
8.68720310e-17
6.69370022e-17
5.15689331e-17
3.96929050e-17
3.06188613e-17
2.35940128e-17
1.81785057e-17
1.40039409e-17
1.07920546e-17
8.31620724e-18
6.40771279e-18
4.93660888e-18
3.80383406e-18
2.93128230e-18
2.25861592e-18
1.74014009e-18
1.33999411e-18
1.03320493e-18
7.96142890e-19
6.13395236e-19
4.72547932e-19
3.64158508e-19
2.80627137e-19
2.16223999e-19
1.66578633e-19
1.28345687e-19
9.89106199e-20
7.62168877e-20
5.87213363e-20
4.52346539e-20
3.48617804e-20
2.68642686e-20
2.06990942e-20
1.59465547e-20
1.22875554e-20
9.46887848e-21
7.29604139e-21
5.62121802e-21
4.32778178e-21
3.33756455e-21
2.57174608e-21
1.98143567e-21
1.52647102e-21
1.17637197e-21
9.06507167e-22
6.98449735e-22
5.38081625e-22
4.14596898e-22
3.19504139e-22
2.46182930e-22
1.89654585e-22
1.46059465e-22
1.12563222e-22
8.67120224e-23
6.67747755e-23
5.13970533e-23
3.95449692e-23
3.04057500e-23
2.33486951e-23
1.78965566e-23
1.36819042e-23
1.04222279e-23
7.90005091e-24
5.94772275e-24
4.43626840e-24
3.26801909e-24
2.36741571e-24
1.67688182e-24
1.15180660e-24
7.57585777e-25
4.66665790e-25
