4.87612824e-05
4.60460641e-05
4.33400606e-05
4.06429627e-05
3.79637504e-05
3.53330514e-05
3.27633426e-05
3.02847259e-05
2.79184862e-05
2.56839384e-05
2.35914400e-05
2.16547680e-05
1.98632060e-05
1.82138832e-05
1.66987420e-05
1.53096793e-05
1.40360709e-05
1.28679051e-05
1.17965187e-05
1.08128342e-05
9.91467504e-06
9.08961994e-06
8.33297964e-06
7.63905570e-06
7.00345511e-06
6.42066930e-06
5.88626239e-06
5.39619461e-06
4.94706394e-06
4.53542949e-06
4.15793870e-06
3.81179180e-06
3.49422161e-06
3.20373013e-06
2.93710907e-06
2.69259948e-06
2.46839392e-06
2.26300926e-06
2.07471987e-06
1.90202934e-06
1.74365808e-06
1.59822908e-06
1.46551970e-06
1.34356333e-06
1.23171343e-06
1.12913704e-06
1.03519612e-06
9.49057384e-07
8.70065501e-07
7.97622404e-07
7.31235373e-07
6.70390092e-07
6.14595003e-07
5.63431511e-07
5.16477487e-07
4.73549940e-07
4.34138716e-07
3.97998586e-07
3.64859672e-07
3.34502786e-07
3.06668915e-07
2.81141674e-07
2.57732923e-07
2.36279961e-07
2.16623225e-07
1.98595224e-07
1.82061209e-07
1.66898636e-07
1.53015247e-07
1.40283127e-07
1.28606512e-07
1.17897651e-07
1.08085278e-07
9.90919156e-08
9.08449844e-08
8.32820725e-08
7.63393860e-08
6.99956340e-08
6.41698571e-08
5.88274562e-08
5.39279649e-08
4.94389310e-08
4.53215777e-08
4.15439998e-08
3.80776456e-08
3.48922420e-08
3.19771810e-08
2.92928141e-08
2.68224237e-08
2.45462400e-08
2.24455830e-08
2.05028348e-08
1.87017011e-08
1.70274762e-08
1.54674713e-08
1.40105254e-08
1.26462678e-08
1.13667284e-08
1.01648024e-08
9.03038259e-09
