3.91277320e-05
3.77050572e-05
3.65388824e-05
3.55729316e-05
3.47654713e-05
3.40834754e-05
3.35006061e-05
3.29950692e-05
3.25496253e-05
3.21511899e-05
3.17890481e-05
3.14561176e-05
3.11457795e-05
3.08533713e-05
3.05757474e-05
3.03102162e-05
3.00541761e-05
2.98055570e-05
2.95629481e-05
2.93254431e-05
2.90920250e-05
2.88616022e-05
2.86330418e-05
2.84059627e-05
2.81803438e-05
2.79545186e-05
2.77291605e-05
2.75033022e-05
2.72759201e-05
2.70481785e-05
2.68189042e-05
2.65874574e-05
2.63536454e-05
2.61172698e-05
2.58788952e-05
2.56376319e-05
2.53930740e-05
2.51450037e-05
2.48931980e-05
2.46374285e-05
2.43774616e-05
2.41130577e-05
2.38439712e-05
2.35699505e-05
2.32907371e-05
2.30060657e-05
2.27156637e-05
2.24192505e-05
2.21165373e-05
2.18072268e-05
2.14910124e-05
2.11675781e-05
2.08365978e-05
2.04977348e-05
2.01506416e-05
1.97949594e-05
1.94303175e-05
1.90563333e-05
1.86726115e-05
1.82787445e-05
1.78743114e-05
1.74588787e-05
1.70319998e-05
1.65932156e-05
1.61420550e-05
1.56780359e-05
1.52010822e-05
1.47117980e-05
1.42084873e-05
1.36906731e-05
1.31578869e-05
1.26106761e-05
1.20503224e-05
1.14741648e-05
1.08837242e-05
1.02801013e-05
9.66215366e-06
9.03248365e-06
8.39168073e-06
7.74078059e-06
7.08254640e-06
6.41994429e-06
5.75626261e-06
5.09531223e-06
4.44242251e-06
3.80379292e-06
3.18705390e-06
2.60037713e-06
2.05338560e-06
1.55659175e-06
1.12072841e-06
7.55721322e-07
4.68804749e-07
2.62177245e-07
1.30248184e-07
5.85241569e-08
2.64288845e-08
1.42968673e-08
9.68968631e-09
7.53142375e-09
