4.12762715e-21
5.32470562e-21
6.80827496e-21
8.64625644e-21
1.09239561e-20
1.37422241e-20
1.72342211e-20
2.15565602e-20
2.69133655e-20
3.35530630e-20
4.17877634e-20
5.20084092e-20
6.46936601e-20
8.04318235e-20
9.99823085e-20
1.24276085e-19
1.54474753e-19
1.91973102e-19
2.38551718e-19
2.96452710e-19
3.68432739e-19
4.57894141e-19
5.68936123e-19
7.06991894e-19
8.78632795e-19
1.09196089e-18
1.35689773e-18
1.68603940e-18
2.09528419e-18
2.60413917e-18
3.23628125e-18
4.02108498e-18
4.99675198e-18
6.20993372e-18
7.71850291e-18
9.59025167e-18
1.19166936e-17
1.48089766e-17
1.84054958e-17
2.28722180e-17
2.84203140e-17
3.53170368e-17
4.38913854e-17
5.45492868e-17
6.77786638e-17
8.42253403e-17
1.04671448e-16
1.30083780e-16
1.61646295e-16
2.00860295e-16
2.49615630e-16
3.10232509e-16
3.85533361e-16
4.79026882e-16
5.95267123e-16
7.39802987e-16
9.19515595e-16
1.14247699e-15
1.41961722e-15
1.76419527e-15
2.19268366e-15
2.72480496e-15
3.38570173e-15
4.20726170e-15
5.22875740e-15
6.49853783e-15
8.07460942e-15
1.00337956e-14
1.24693622e-14
1.54967518e-14
1.92570667e-14
2.39289183e-14
2.97369785e-14
3.69576977e-14
4.59279802e-14
5.70665677e-14
7.09153656e-14
8.81339660e-14
1.09541680e-13
1.36101359e-13
1.69118319e-13
2.10171432e-13
2.61218883e-13
3.24606062e-13
4.03331226e-13
5.01196070e-13
6.22862990e-13
7.74021318e-13
9.61390834e-13
1.19366474e-12
1.48089931e-12
1.83472221e-12
2.26816044e-12
2.79550855e-12
3.43252663e-12
4.19665410e-12
5.10655402e-12
6.18397370e-12
7.45337835e-12
8.94558183e-12
