6.10163788e-14
5.52597271e-14
5.06814448e-14
4.69565237e-14
4.38689704e-14
4.12698521e-14
3.90516385e-14
3.71352331e-14
3.54599681e-14
3.39796170e-14
3.26578362e-14
3.14663820e-14
3.03829506e-14
2.93890790e-14
2.84715209e-14
2.76175215e-14
2.68189396e-14
2.60667092e-14
2.53558439e-14
2.46809202e-14
2.40362931e-14
2.34195177e-14
2.28256714e-14
2.22552223e-14
2.17033428e-14
2.11683803e-14
2.06486710e-14
2.01425689e-14
1.96484727e-14
1.91676035e-14
1.86963948e-14
1.82333615e-14
1.77801614e-14
1.73344743e-14
1.68951449e-14
1.64637716e-14
1.60369330e-14
1.56171493e-14
1.52014817e-14
1.47909424e-14
1.43852321e-14
1.39820192e-14
1.35851932e-14
1.31904766e-14
1.27989896e-14
1.24120259e-14
1.20269264e-14
1.16449877e-14
1.12668070e-14
1.08903448e-14
1.05167240e-14
1.01466686e-14
9.77830526e-15
9.41264929e-15
9.05051230e-15
8.69017997e-15
8.33289706e-15
7.97894931e-15
7.62708535e-15
7.27921347e-15
6.93425435e-15
6.59249537e-15
6.25497300e-15
5.92058785e-15
5.59122671e-15
5.26554758e-15
4.94530220e-15
4.62974066e-15
4.31985539e-15
4.01594911e-15
3.71826947e-15
3.42753690e-15
3.14430428e-15
2.86899697e-15
2.60226317e-15
2.34476134e-15
2.09717890e-15
1.86024895e-15
1.63466012e-15
1.42124393e-15
1.22076341e-15
1.03405708e-15
8.61831945e-16
7.04816237e-16
5.63758634e-16
4.39134081e-16
3.31372812e-16
2.40544716e-16
1.66494779e-16
1.08568028e-16
6.56303057e-17
3.59730929e-17
1.73225346e-17
7.00148624e-18
2.21635980e-18
4.92242438e-19
6.36733376e-20
3.41654109e-21
4.25421726e-23
7.05105973e-25
