6.03615660e-14
5.28440875e-14
4.58064686e-14
3.92505741e-14
3.31921968e-14
2.76678500e-14
2.27441173e-14
1.84230157e-14
1.47243605e-14
1.16331719e-14
9.10652678e-15
7.08359785e-15
5.48555809e-15
4.23685283e-15
3.26771785e-15
2.51877169e-15
1.94110858e-15
1.49575295e-15
1.15247863e-15
8.87705958e-16
6.84178216e-16
5.27170492e-16
4.06189049e-16
3.12959370e-16
2.41142573e-16
1.85803237e-16
1.43159385e-16
1.10301803e-16
8.49266190e-17
6.54878608e-17
5.04581307e-17
3.88761724e-17
2.99523587e-17
2.30804742e-17
1.77844153e-17
1.37025815e-17
1.05570363e-17
8.13424297e-18
6.26791069e-18
4.82958883e-18
3.72105782e-18
2.86588657e-18
2.20903571e-18
1.70213580e-18
1.31151308e-18
1.01046844e-18
7.78578473e-19
5.99906092e-19
4.62231495e-19
3.56145385e-19
2.74410349e-19
2.11441770e-19
1.62914095e-19
1.25521839e-19
9.67107429e-20
7.45226690e-20
5.74211672e-20
4.42413742e-20
3.40858282e-20
2.62640570e-20
2.02380260e-20
1.55935710e-20
1.20141394e-20
9.25233709e-21
7.13253835e-21
5.49591536e-21
4.23458767e-21
3.26249821e-21
2.51380316e-21
1.93696040e-21
1.49246607e-21
1.14992199e-21
8.85999129e-22
6.82680786e-22
5.26006520e-22
4.05284637e-22
3.12243685e-22
2.40611613e-22
1.85389143e-22
1.42833591e-22
1.10042792e-22
8.47837478e-23
6.53182159e-23
5.03116351e-23
3.87427263e-23
2.98182507e-23
2.29488516e-23
1.76428670e-23
1.35454914e-23
1.03797170e-23
7.93232906e-24
6.03892192e-24
4.57293658e-24
3.43745231e-24
2.55860466e-24
1.87950982e-24
1.35658938e-24
9.56158821e-25
6.52431397e-25
4.24222404e-25
