7.57484948e-21
9.96681715e-21
1.29304784e-20
1.66046403e-20
2.11538041e-20
2.67742162e-20
3.37320162e-20
4.23265170e-20
5.29616308e-20
6.61285735e-20
8.24433661e-20
1.02668979e-19
1.27750888e-19
1.58886824e-19
1.97551528e-19
2.45583951e-19
3.05244421e-19
3.79336011e-19
4.71426108e-19
5.85883501e-19
7.28125501e-19
9.04758480e-19
1.12429012e-18
1.39720817e-18
1.73646850e-18
2.15783185e-18
2.68123512e-18
3.33190132e-18
4.14085870e-18
5.14633024e-18
6.39455525e-18
7.94593710e-18
9.87452287e-18
1.22705187e-17
1.52502881e-17
1.89501729e-17
2.35487059e-17
2.92652625e-17
3.63692115e-17
4.51926766e-17
5.61597745e-17
6.97910360e-17
8.67338378e-17
1.07774679e-16
1.33926931e-16
1.66435775e-16
2.06843798e-16
2.57032251e-16
3.19382957e-16
3.96897573e-16
4.93261822e-16
6.13020207e-16
7.61694259e-16
9.46496952e-16
1.17625166e-15
1.46168568e-15
1.81659697e-15
2.25727723e-15
2.80503893e-15
3.48604917e-15
4.33232439e-15
5.38333843e-15
6.68959062e-15
8.31324233e-15
1.03316396e-14
1.28381616e-14
1.59534344e-14
1.98255035e-14
2.46384623e-14
3.06169296e-14
3.80448464e-14
4.72787809e-14
5.87568476e-14
7.30206506e-14
9.07303046e-14
1.12745801e-13
1.40116165e-13
1.74116913e-13
2.16387333e-13
2.68878050e-13
3.34131176e-13
4.15260530e-13
5.16067093e-13
6.41249125e-13
7.96827673e-13
9.90205860e-13
1.23052717e-12
1.52863766e-12
1.89824741e-12
2.35538370e-12
2.91842467e-12
3.60753449e-12
4.44357145e-12
5.44840304e-12
6.64267331e-12
8.04713569e-12
9.68261159e-12
1.15723793e-11
1.37410465e-11
1.62221917e-11
