4.89572650e-05
4.68280656e-05
4.50325935e-05
4.35033630e-05
4.21894632e-05
4.10515406e-05
4.00571248e-05
3.91801289e-05
3.83987762e-05
3.76948415e-05
3.70541502e-05
3.64653292e-05
3.59185571e-05
3.54066276e-05
3.49237687e-05
3.44644941e-05
3.40259821e-05
3.36036027e-05
3.31956116e-05
3.27998785e-05
3.24139881e-05
3.20353400e-05
3.16654603e-05
3.12999008e-05
3.09392722e-05
3.05830376e-05
3.02293358e-05
2.98776371e-05
2.95273793e-05
2.91779750e-05
2.88288199e-05
2.84792995e-05
2.81287959e-05
2.77770404e-05
2.74251126e-05
2.70707422e-05
2.67133206e-05
2.63524647e-05
2.59908279e-05
2.56247045e-05
2.52535488e-05
2.48807112e-05
2.45025422e-05
2.41182973e-05
2.37319819e-05
2.33385900e-05
2.29398255e-05
2.25364481e-05
2.21249333e-05
2.17095616e-05
2.12863896e-05
2.08558519e-05
2.04200586e-05
1.99747944e-05
1.95239162e-05
1.90647153e-05
1.85959708e-05
1.81220787e-05
1.76380108e-05
1.71450547e-05
1.66454829e-05
1.61357542e-05
1.56164490e-05
1.50908230e-05
1.45553982e-05
1.40105526e-05
1.34568220e-05
1.28965886e-05
1.23278332e-05
1.17511515e-05
1.11672016e-05
1.05767097e-05
9.98048038e-06
9.37941332e-06
8.77452829e-06
8.16700095e-06
7.55900574e-06
6.95229559e-06
6.34787921e-06
5.74989531e-06
5.15976929e-06
4.58123800e-06
4.01804325e-06
3.47415677e-06
2.95401023e-06
2.46265312e-06
2.00532099e-06
1.58746456e-06
1.21452082e-06
8.91437722e-07
6.22088879e-07
4.08436348e-07
2.49743273e-07
1.41463650e-07
7.52005134e-08
3.95430111e-08
2.26226923e-08
1.50397346e-08
1.13599059e-08
9.27346884e-09
