9.81939334e-25
5.77259619e-24
1.66741452e-22
2.62344557e-21
1.95525522e-20
8.81931917e-20
2.83618473e-19
7.20272304e-19
1.54276497e-18
2.91179144e-18
4.99324701e-18
7.94911280e-18
1.19340353e-17
1.70981034e-17
2.35766024e-17
3.15122434e-17
4.10298175e-17
5.22742047e-17
6.53556210e-17
8.04020549e-17
9.75766424e-17
1.17013573e-16
1.38866651e-16
1.63228847e-16
1.90324799e-16
2.20311182e-16
2.53362852e-16
2.89677833e-16
3.29481833e-16
3.72881776e-16
4.20096805e-16
4.71543578e-16
5.27350967e-16
5.87655983e-16
6.53167634e-16
7.23466106e-16
7.99760958e-16
8.81392668e-16
9.69697933e-16
1.06423126e-15
1.16595204e-15
1.27520035e-15
1.39194771e-15
1.51750664e-15
1.65159626e-15
1.79504287e-15
1.94895237e-15
2.11290478e-15
2.28818514e-15
2.47592959e-15
2.67575678e-15
2.88911936e-15
3.11738750e-15
3.36024870e-15
3.61933239e-15
3.89632047e-15
4.19076700e-15
4.50497381e-15
4.84067864e-15
5.19716915e-15
5.57817206e-15
5.98393278e-15
6.41647365e-15
6.87800761e-15
7.36952526e-15
7.89430724e-15
8.45355345e-15
9.05047684e-15
9.68777128e-15
1.03675374e-14
1.10940339e-14
1.18704680e-14
1.27001241e-14
1.35877945e-14
1.45381518e-14
1.55563660e-14
1.66482251e-14
1.78201840e-14
1.90799882e-14
2.04353954e-14
2.18964850e-14
2.34735038e-14
2.51795687e-14
2.70295991e-14
2.90398484e-14
3.12322264e-14
3.36297854e-14
3.62638606e-14
3.91690999e-14
4.23914517e-14
4.59866134e-14
5.00246463e-14
5.45957212e-14
5.98141494e-14
6.58294295e-14
7.28389337e-14
8.11053686e-14
9.09926632e-14
1.03016975e-13
1.17939436e-13
