2.45432388e-09
2.25755799e-09
2.06172585e-09
1.86717857e-09
1.67547178e-09
1.48836320e-09
1.30833778e-09
1.13899031e-09
9.82271875e-10
8.40317044e-10
7.14416072e-10
6.04578510e-10
5.10018441e-10
4.29411494e-10
3.61146291e-10
3.03670102e-10
2.55271316e-10
2.14554508e-10
1.80311442e-10
1.51550389e-10
1.27382973e-10
1.07061810e-10
8.99766621e-11
7.55901580e-11
6.35623789e-11
5.34234918e-11
4.48984098e-11
3.77313451e-11
3.17156364e-11
2.66580712e-11
2.24047477e-11
1.88284691e-11
1.58245997e-11
1.33017019e-11
1.11800259e-11
9.39581001e-12
7.89496415e-12
6.63706399e-12
5.57862310e-12
4.68859179e-12
3.94016654e-12
3.31170713e-12
2.78359790e-12
2.33955520e-12
1.96619990e-12
1.65163868e-12
1.38897268e-12
1.16741185e-12
9.81129227e-13
8.24515170e-13
6.93066974e-13
5.82534561e-13
4.89586012e-13
4.11439966e-13
3.45810566e-13
2.90675966e-13
2.44307116e-13
2.05315376e-13
1.72503519e-13
1.45037071e-13
1.21907032e-13
1.02455775e-13
8.60995423e-14
7.23682458e-14
6.08283599e-14
5.11250424e-14
4.29657011e-14
3.61096869e-14
3.03519559e-14
2.55105429e-14
2.14399760e-14
1.80174247e-14
1.51450797e-14
1.27295117e-14
1.06984103e-14
8.99080350e-15
7.55677446e-15
6.35174780e-15
5.33828590e-15
4.48608360e-15
3.76864190e-15
3.16846289e-15
2.66254912e-15
2.23688063e-15
1.87869959e-15
1.57757489e-15
1.32409762e-15
1.11041106e-15
9.30099190e-16
7.77790238e-16
6.48974140e-16
5.39847688e-16
4.47209625e-16
3.68394870e-16
3.01270510e-16
2.44055473e-16
1.95297178e-16
1.53794074e-16
1.18607193e-16
8.88321351e-17
