1.61846194e+02
1.67584730e+02
1.73748295e+02
1.80371977e+02
1.87477034e+02
1.95091605e+02
2.03230861e+02
2.11867777e+02
2.21019202e+02
2.30675882e+02
2.40822716e+02
2.51459839e+02
2.62599570e+02
2.74253063e+02
2.86436302e+02
2.99146120e+02
3.12423851e+02
3.26298483e+02
3.40796709e+02
3.55930788e+02
3.71726655e+02
3.88231447e+02
4.05477825e+02
4.23502405e+02
4.42287398e+02
4.61921779e+02
4.82437377e+02
5.03874805e+02
5.26242524e+02
5.49600274e+02
5.74006131e+02
5.99507448e+02
6.26169552e+02
6.53922228e+02
6.82955917e+02
7.13292976e+02
7.44991945e+02
7.78049372e+02
8.12586707e+02
8.48675687e+02
8.86385541e+02
9.25742613e+02
9.66827195e+02
1.00975678e+03
1.05461565e+03
1.10150368e+03
1.15034947e+03
1.20141763e+03
1.25477912e+03
1.31053925e+03
1.36870966e+03
1.42946230e+03
1.49294066e+03
1.55926962e+03
1.62852246e+03
1.70079466e+03
1.77631081e+03
1.85521589e+03
1.93766538e+03
2.02363529e+03
2.11346879e+03
2.20733646e+03
2.30541807e+03
2.40776899e+03
2.51463073e+03
2.62629314e+03
2.74297237e+03
2.86494193e+03
2.99195336e+03
3.12478166e+03
3.26357807e+03
3.40861310e+03
3.55989129e+03
3.71790644e+03
3.88301437e+03
4.05554276e+03
4.23565370e+03
4.42364689e+03
4.62008443e+03
4.82535630e+03
5.03990409e+03
5.26360742e+03
5.49749603e+03
5.74202303e+03
5.99774635e+03
6.26504706e+03
6.54464444e+03
6.83759903e+03
7.14484438e+03
7.46746798e+03
7.80675698e+03
8.16424236e+03
8.54174685e+03
8.94143808e+03
9.36544935e+03
9.81648827e+03
1.02973888e+04
1.08112669e+04
1.13619718e+04
1.19545392e+04
