2.97133441e-22
3.42643096e-22
3.93473716e-22
4.50411445e-22
5.14310566e-22
5.85986359e-22
6.66438098e-22
7.56571706e-22
8.57750751e-22
9.71272271e-22
1.09867390e-21
1.24173284e-21
1.40247853e-21
1.58305109e-21
1.78574456e-21
2.01384434e-21
2.27044772e-21
2.55876985e-21
2.88365675e-21
3.24896249e-21
3.66023408e-21
4.12361385e-21
4.64450604e-21
5.23191956e-21
5.89258039e-21
6.63708145e-21
7.47579207e-21
8.41955272e-21
9.48389442e-21
1.06805350e-20
1.20298187e-20
1.35485925e-20
1.52591282e-20
1.71875348e-20
1.93563405e-20
2.18028696e-20
2.45543309e-20
2.76554567e-20
3.11481571e-20
3.50793448e-20
3.95138326e-20
4.44982122e-20
5.01208836e-20
5.64484142e-20
6.35759475e-20
7.16082655e-20
8.06433306e-20
9.08286891e-20
1.02296744e-19
1.15219432e-19
1.29771886e-19
1.46155029e-19
1.64629538e-19
1.85397082e-19
2.08822722e-19
2.35179479e-19
2.64878966e-19
2.98344656e-19
3.35999054e-19
3.78459592e-19
4.26219092e-19
4.80057905e-19
5.40666568e-19
6.08920775e-19
6.85876576e-19
7.72417730e-19
8.70041051e-19
9.79843104e-19
1.10358762e-18
1.24296995e-18
1.39983570e-18
1.57679967e-18
1.77569158e-18
2.00005216e-18
2.25256304e-18
2.53697350e-18
2.85751429e-18
3.21802843e-18
3.62436476e-18
4.08197072e-18
4.59739436e-18
5.17762743e-18
5.83026383e-18
6.56528687e-18
7.38960814e-18
8.31603320e-18
9.35367318e-18
1.05138420e-17
1.18090202e-17
1.32488700e-17
1.48454568e-17
1.66103517e-17
1.85545397e-17
2.06889321e-17
2.30270812e-17
2.55797588e-17
2.83618880e-17
3.13874450e-17
3.46770652e-17
3.82519837e-17
