3.14156679e-21
2.89845036e-21
2.66544817e-21
2.44130064e-21
2.22617979e-21
2.02067680e-21
1.82459195e-21
1.63926497e-21
1.46475173e-21
1.30187057e-21
1.15112826e-21
1.01284699e-21
8.87283236e-22
7.74288502e-22
6.73394491e-22
5.84145540e-22
5.05668548e-22
4.37043838e-22
3.77364130e-22
3.25558511e-22
2.80765196e-22
2.42053987e-22
2.08650265e-22
1.79853055e-22
1.54996627e-22
1.33616365e-22
1.15160572e-22
9.92585438e-23
8.55498147e-23
7.37309513e-23
6.35511153e-23
5.47710862e-23
4.72104640e-23
4.06901273e-23
3.50706208e-23
3.02275070e-23
2.60425759e-23
2.24540418e-23
1.93519220e-23
1.66800199e-23
1.43765706e-23
1.23908951e-23
1.06800475e-23
9.20419895e-24
7.93339617e-24
6.83734649e-24
5.89303038e-24
5.07920589e-24
4.37510465e-24
3.77313492e-24
3.25178444e-24
2.80273468e-24
2.41554296e-24
2.08185871e-24
1.79438508e-24
1.54633922e-24
1.33301199e-24
1.14888150e-24
9.90233976e-25
8.53468997e-25
7.35557602e-25
6.33997744e-25
5.46403217e-25
4.70974325e-25
4.05924505e-25
3.49861689e-25
3.01544526e-25
2.59796017e-25
2.23991090e-25
1.93041480e-25
1.66383098e-25
1.43400404e-25
1.23586787e-25
1.06514212e-25
9.17847868e-26
7.90983131e-26
6.81539490e-26
5.87199848e-26
5.05860460e-26
4.35586332e-26
3.75158643e-26
3.22903071e-26
2.77798650e-26
2.38849328e-26
2.05185491e-26
1.76099473e-26
1.50941523e-26
1.29166144e-26
1.10310014e-26
9.39745856e-27
7.98160647e-27
6.75443429e-27
5.69084967e-27
4.76930872e-27
3.97188099e-27
3.28235505e-27
2.68747262e-27
2.17595634e-27
1.73649414e-27
1.35791883e-27
