6.25196554e-09
6.01717307e-09
5.78346379e-09
5.55017428e-09
5.31724136e-09
5.08482683e-09
4.85425207e-09
4.62572854e-09
4.40027009e-09
4.17878171e-09
3.96231704e-09
3.75179270e-09
3.54846178e-09
3.35283241e-09
3.16524206e-09
2.98655091e-09
2.81658131e-09
2.65533542e-09
2.50296757e-09
2.35879672e-09
2.22295114e-09
2.09472094e-09
1.97385638e-09
1.86000745e-09
1.75248880e-09
1.65153186e-09
1.55616252e-09
1.46637722e-09
1.38174425e-09
1.30196013e-09
1.22686784e-09
1.15600117e-09
1.08934394e-09
1.02645356e-09
9.67211498e-10
9.11398979e-10
8.58646835e-10
8.09231711e-10
7.62497457e-10
7.18516746e-10
6.77046005e-10
6.37959272e-10
6.01154608e-10
5.66418990e-10
5.33757957e-10
5.02936194e-10
4.73914990e-10
4.46566546e-10
4.20776762e-10
3.96506840e-10
3.73600800e-10
3.52050377e-10
3.31725318e-10
3.12577318e-10
2.94544517e-10
2.77514517e-10
2.61529069e-10
2.46426295e-10
2.32208397e-10
2.18805844e-10
2.06171563e-10
1.94279792e-10
1.83057226e-10
1.72501635e-10
1.62542190e-10
1.53160708e-10
1.44321917e-10
1.35967043e-10
1.28141779e-10
1.20740090e-10
1.13774209e-10
1.07205330e-10
1.01013307e-10
9.51818706e-11
8.96770865e-11
8.44987834e-11
7.96104007e-11
7.50037643e-11
7.06598916e-11
6.65526778e-11
6.26924996e-11
5.90385518e-11
5.55884077e-11
5.23283986e-11
4.92422202e-11
4.63229431e-11
4.35566134e-11
4.09312167e-11
3.84375104e-11
3.60659473e-11
3.38086517e-11
3.16598450e-11
2.96078677e-11
2.76475492e-11
2.57728396e-11
2.39786914e-11
2.22611206e-11
2.06138918e-11
1.90324671e-11
1.75033535e-11
