1.27425915e+04
1.30646964e+04
1.33834829e+04
1.36984550e+04
1.40092554e+04
1.43157648e+04
1.46180971e+04
1.49167973e+04
1.52125696e+04
1.55063619e+04
1.57992181e+04
1.60921043e+04
1.63860667e+04
1.66821922e+04
1.69815955e+04
1.72848638e+04
1.75929135e+04
1.79071750e+04
1.82278854e+04
1.85559058e+04
1.88923178e+04
1.92381062e+04
1.95940510e+04
1.99603797e+04
2.03385646e+04
2.07293563e+04
2.11330204e+04
2.15512474e+04
2.19854960e+04
2.24346071e+04
2.29023909e+04
2.33868842e+04
2.38917579e+04
2.44171939e+04
2.49633411e+04
2.55329130e+04
2.61270653e+04
2.67470322e+04
2.73931650e+04
2.80675071e+04
2.87720016e+04
2.95082352e+04
3.02778879e+04
3.10827349e+04
3.19246504e+04
3.28056106e+04
3.37276969e+04
3.46930991e+04
3.57041199e+04
3.67631782e+04
3.78728141e+04
3.90356942e+04
4.02546169e+04
4.15325193e+04
4.28724850e+04
4.42777518e+04
4.57517220e+04
4.72979730e+04
4.89202690e+04
5.06225745e+04
5.24090680e+04
5.42841570e+04
5.62514897e+04
5.83146123e+04
6.04804884e+04
6.27545688e+04
6.51426072e+04
6.76463455e+04
7.02743176e+04
7.30346922e+04
7.59269018e+04
7.89652426e+04
8.21488558e+04
8.54898400e+04
8.89937409e+04
9.26661121e+04
9.65147106e+04
1.00546977e+05
1.04769269e+05
1.09189611e+05
1.13814391e+05
1.18649975e+05
1.23702499e+05
1.28977703e+05
1.34479357e+05
1.40212016e+05
1.46177734e+05
1.52376117e+05
1.58806152e+05
1.65462535e+05
1.72339702e+05
1.79425979e+05
1.86708716e+05
1.94171097e+05
2.01794832e+05
2.09562432e+05
2.17455560e+05
2.25459482e+05
2.33560302e+05
2.41744939e+05
