5.59143719e-33
7.35250070e-33
9.46872715e-33
1.20221752e-32
1.50897595e-32
1.87719870e-32
2.31800888e-32
2.84393536e-32
3.47167541e-32
4.22035404e-32
5.11276109e-32
6.17634982e-32
7.44371382e-32
8.95348174e-32
1.07535527e-31
1.29018309e-31
1.54633289e-31
1.85210877e-31
2.21738340e-31
2.65305608e-31
3.17372029e-31
3.79544661e-31
4.53817525e-31
5.42620804e-31
6.48658840e-31
7.75489308e-31
9.26980732e-31
1.10806537e-30
1.32451096e-30
1.58306472e-30
1.89205633e-30
2.26169843e-30
2.70350556e-30
3.23149511e-30
3.86252777e-30
4.61708023e-30
5.51815396e-30
6.59594593e-30
7.88335754e-30
9.42284221e-30
1.12632380e-29
1.34622950e-29
1.60927271e-29
1.92330550e-29
2.29890588e-29
2.74767260e-29
3.28414186e-29
3.92569489e-29
4.69212433e-29
5.60675834e-29
6.70398155e-29
8.01327523e-29
9.57799731e-29
1.14477766e-28
1.36843276e-28
1.63553585e-28
1.95506820e-28
2.33680551e-28
2.79312431e-28
3.33860616e-28
3.99019495e-28
4.76862725e-28
5.70050032e-28
6.81393841e-28
8.14463664e-28
9.73499167e-28
1.16367246e-27
1.39076569e-27
1.66239357e-27
1.98685871e-27
2.37483881e-27
2.83867110e-27
3.39288166e-27
4.05569805e-27
4.84726011e-27
5.79381218e-27
6.92468733e-27
8.27626774e-27
9.89202838e-27
1.18207815e-26
1.41185493e-26
1.68698203e-26
2.01380513e-26
2.40179209e-26
2.86068166e-26
3.40106842e-26
4.03437211e-26
4.77085801e-26
5.62106298e-26
6.59413222e-26
7.69870218e-26
8.94177990e-26
1.03295032e-25
1.18667232e-25
1.35601564e-25
1.54131044e-25
1.74324793e-25
1.96241563e-25
2.20005280e-25
2.45767461e-25
