2.94123131e-22
3.40536698e-22
3.97967278e-22
4.70366642e-22
5.63071196e-22
6.82506077e-22
8.35657526e-22
1.02958319e-21
1.27122226e-21
1.56716206e-21
1.92429249e-21
2.34952247e-21
2.85017087e-21
3.43413635e-21
4.11015362e-21
4.88728224e-21
5.77523701e-21
6.78725120e-21
7.93334481e-21
9.22906564e-21
1.06868431e-20
1.23263839e-20
1.41648195e-20
1.62249688e-20
1.85226873e-20
2.10869861e-20
2.39449760e-20
2.71267634e-20
3.06642938e-20
3.45865937e-20
3.89417964e-20
4.37780498e-20
4.91268665e-20
5.50523223e-20
6.16152656e-20
6.88621006e-20
7.68858976e-20
8.57392539e-20
9.55223114e-20
1.06331931e-19
1.18235596e-19
1.31398859e-19
1.45891301e-19
1.61865774e-19
1.79506379e-19
1.98908041e-19
2.20276387e-19
2.43848843e-19
2.69788157e-19
2.98303619e-19
3.29735941e-19
3.64363844e-19
4.02348967e-19
4.44196700e-19
4.90301458e-19
5.40872982e-19
5.96526328e-19
6.57827470e-19
7.25055714e-19
7.99024133e-19
8.80455980e-19
9.69704973e-19
1.06801911e-18
1.17589396e-18
1.29454901e-18
1.42485188e-18
1.56812432e-18
1.72537935e-18
1.89845101e-18
2.08822335e-18
2.29687119e-18
2.52623486e-18
2.77826986e-18
3.05499029e-18
3.35908027e-18
3.69330562e-18
4.06040300e-18
4.46385818e-18
4.90754448e-18
5.39507717e-18
5.93132022e-18
6.52094307e-18
7.16937301e-18
7.88283812e-18
8.66821079e-18
9.53292526e-18
1.04855137e-17
1.15355153e-17
1.26936941e-17
1.39722520e-17
1.53851452e-17
1.69483399e-17
1.86805813e-17
2.06030673e-17
2.27410642e-17
2.51238974e-17
2.77858996e-17
3.07673710e-17
3.41155407e-17
3.78866818e-17
