3.17038091e-21
2.95204793e-21
2.73946032e-21
2.53188470e-21
2.32930624e-21
2.13203443e-21
1.94140793e-21
1.75784896e-21
1.58244492e-21
1.41615542e-21
1.25998153e-21
1.11471513e-21
9.81221686e-22
8.59683769e-22
7.50020552e-22
6.52262558e-22
5.65680510e-22
4.89543729e-22
4.23101737e-22
3.65213778e-22
3.15101043e-22
2.71710951e-22
2.34241344e-22
2.01929549e-22
1.73997148e-22
1.50025426e-22
1.29299880e-22
1.11451309e-22
9.60603764e-23
8.27879502e-23
7.13611474e-23
6.14977261e-23
5.30123832e-23
4.56898944e-23
3.93808380e-23
3.39437189e-23
2.92382395e-23
2.52153780e-23
2.17306020e-23
1.87311133e-23
1.61442837e-23
1.39143676e-23
1.19937750e-23
1.03357200e-23
8.90955885e-24
7.67840038e-24
6.61806806e-24
5.70414299e-24
4.91592104e-24
4.23747528e-24
3.65178200e-24
3.14773072e-24
2.71284970e-24
2.33809502e-24
2.01528234e-24
1.73633680e-24
1.49712206e-24
1.29027756e-24
1.11216358e-24
9.58572446e-25
8.26127780e-25
7.12095717e-25
6.13665201e-25
5.28989901e-25
4.55916549e-25
3.92958652e-25
3.38699937e-25
2.91736635e-25
2.51596422e-25
2.16818781e-25
1.86883317e-25
1.61064697e-25
1.38806393e-25
1.19633535e-25
1.03079012e-25
8.88346228e-26
7.65349151e-26
6.59345203e-26
5.67937653e-26
4.88867901e-26
4.21016448e-26
3.62248847e-26
3.11522012e-26
2.67710744e-26
2.29812198e-26
1.97067363e-26
1.68736467e-26
1.44199294e-26
1.22941853e-26
1.04510262e-26
8.85321232e-27
7.47063291e-27
6.27044179e-27
5.23071459e-27
4.33097588e-27
3.55377543e-27
2.88435879e-27
2.30924818e-27
1.81734281e-27
1.39530561e-27
