4.93941141e-13
4.65885307e-13
4.38602207e-13
4.11974028e-13
3.86028712e-13
3.60838968e-13
3.36375949e-13
3.12800570e-13
2.90114517e-13
2.68420084e-13
2.47787229e-13
2.28271239e-13
2.09932440e-13
1.92789381e-13
1.76827703e-13
1.62050787e-13
1.48407452e-13
1.35844504e-13
1.24313610e-13
1.13730666e-13
1.04043273e-13
9.51717017e-14
8.70542219e-14
7.96304557e-14
7.28319472e-14
6.66242626e-14
6.09387455e-14
5.57401937e-14
5.09845672e-14
4.66336438e-14
4.26565917e-14
3.90161310e-14
3.56890197e-14
3.26438300e-14
2.98586123e-14
2.73113345e-14
2.49767629e-14
2.28498134e-14
2.08998759e-14
1.91173724e-14
1.74864366e-14
1.59943112e-14
1.46299860e-14
1.33810484e-14
1.22398410e-14
1.11953230e-14
1.02402554e-14
9.36669325e-15
8.56527077e-15
7.83656728e-15
7.16763142e-15
6.55620853e-15
5.99675476e-15
5.48508345e-15
5.01724829e-15
4.58886868e-15
4.19772972e-15
3.83950299e-15
3.51195878e-15
3.21232096e-15
2.93818064e-15
2.68759714e-15
2.45822216e-15
2.24859052e-15
2.05672266e-15
1.88123315e-15
1.72073453e-15
1.57364295e-15
1.43961611e-15
1.31674845e-15
1.20442618e-15
1.10165147e-15
1.00761510e-15
9.21624524e-16
8.42894309e-16
7.70933165e-16
7.05051469e-16
6.44778201e-16
5.89619479e-16
5.39051031e-16
4.92862260e-16
4.50483238e-16
4.11654356e-16
3.76059121e-16
3.43393587e-16
3.13419764e-16
2.85879584e-16
2.60551476e-16
2.37240684e-16
2.15769476e-16
1.95973063e-16
1.77707639e-16
1.60839670e-16
1.45248601e-16
1.30837160e-16
1.17504278e-16
1.05170784e-16
9.37669793e-17
8.31939700e-17
7.33416512e-17
