3.94765113e-17
3.71883082e-17
3.52073494e-17
3.34763002e-17
3.19510208e-17
3.05967426e-17
2.93854124e-17
2.82940298e-17
2.73036854e-17
2.63988218e-17
2.55660965e-17
2.47952445e-17
2.40769702e-17
2.34038712e-17
2.27699021e-17
2.21699821e-17
2.15995225e-17
2.10554022e-17
2.05341056e-17
2.00330353e-17
1.95504527e-17
1.90836511e-17
1.86312444e-17
1.81920242e-17
1.77647007e-17
1.73479426e-17
1.69404141e-17
1.65423052e-17
1.61515876e-17
1.57688905e-17
1.53924331e-17
1.50219334e-17
1.46578151e-17
1.42987930e-17
1.39445645e-17
1.35948318e-17
1.32493069e-17
1.29077144e-17
1.25697949e-17
1.22353072e-17
1.19040311e-17
1.15757683e-17
1.12505861e-17
1.09284211e-17
1.06088291e-17
1.02916923e-17
9.97691782e-18
9.66443731e-18
9.35482313e-18
9.04740004e-18
8.74214074e-18
8.43905491e-18
8.13830456e-18
7.84013896e-18
7.54420269e-18
7.25057072e-18
6.95933234e-18
6.67058964e-18
6.38465622e-18
6.10141749e-18
5.82097893e-18
5.54349276e-18
5.26912268e-18
4.99804456e-18
4.73044772e-18
4.46653685e-18
4.20653441e-18
3.95068372e-18
3.69925240e-18
3.45255954e-18
3.21087493e-18
2.97454784e-18
2.74392141e-18
2.51941645e-18
2.30138371e-18
2.09032188e-18
1.88667459e-18
1.69090768e-18
1.50352855e-18
1.32510013e-18
1.15619918e-18
9.97325793e-19
8.49083279e-19
7.12030024e-19
5.86703106e-19
4.73606674e-19
3.73128632e-19
2.85601960e-19
2.11144329e-19
1.49663785e-19
1.00760922e-19
6.36714095e-20
3.72238917e-20
1.98062447e-20
9.46149803e-21
4.07975218e-21
1.69421178e-21
7.90974006e-22
4.66326617e-22
3.29166532e-22
