1.23472285e-27
1.47567596e-27
1.75360004e-27
2.07555583e-27
2.44910291e-27
2.88105315e-27
3.38083410e-27
3.96003097e-27
4.63056432e-27
5.40625445e-27
6.30370589e-27
7.34258962e-27
8.54604523e-27
9.94121935e-27
1.15552974e-26
1.34248335e-26
1.55954450e-26
1.81073972e-26
2.10215200e-26
2.44055761e-26
2.83204818e-26
3.28710201e-26
3.81412258e-26
4.42579373e-26
5.13604219e-26
5.95864237e-26
6.91484754e-26
8.02252290e-26
9.30906037e-26
1.08011915e-25
1.25312758e-25
1.45424463e-25
1.68695989e-25
1.95762041e-25
2.27118782e-25
2.63524014e-25
3.05788464e-25
3.54747922e-25
4.11670722e-25
4.77564220e-25
5.54147719e-25
6.42954217e-25
7.45970427e-25
8.65681697e-25
1.00423286e-24
1.16535444e-24
1.35193386e-24
1.56863509e-24
1.82015862e-24
2.11167598e-24
2.45072609e-24
2.84290276e-24
3.29888675e-24
3.82739112e-24
4.44062301e-24
5.15302229e-24
5.97793605e-24
6.93738395e-24
8.04809581e-24
9.33846903e-24
1.08354044e-23
1.25707134e-23
1.45883700e-23
1.69225720e-23
1.96373597e-23
2.27831218e-23
2.64347103e-23
3.06748036e-23
3.55856747e-23
4.12945350e-23
4.79057353e-23
5.55872983e-23
6.44964641e-23
7.48294051e-23
8.68391368e-23
1.00736492e-22
1.16897442e-22
1.35614707e-22
1.57348636e-22
1.82576633e-22
2.11803975e-22
2.45775647e-22
2.85057614e-22
3.30647613e-22
3.83383801e-22
4.44327383e-22
5.14793486e-22
5.95723937e-22
6.88809525e-22
7.95454979e-22
9.17046164e-22
1.05534540e-21
1.21209939e-21
1.38906275e-21
1.58846854e-21
1.81227929e-21
2.06304826e-21
2.34336505e-21
2.65648767e-21
3.00606409e-21
