5.50423036e-33
8.02906955e-33
1.35477203e-32
2.76199100e-32
6.26378075e-32
1.39085455e-31
2.83987914e-31
5.28115705e-31
9.03774613e-31
1.44326474e-30
2.17959991e-30
3.14615645e-30
4.37767375e-30
5.91102607e-30
7.78627841e-30
1.00455537e-29
1.27340296e-29
1.59092210e-29
1.96203651e-29
2.39360630e-29
2.89165699e-29
3.46489241e-29
4.12138829e-29
4.87149534e-29
5.72326574e-29
6.68984313e-29
7.78402214e-29
9.02006288e-29
1.04132751e-28
1.19781163e-28
1.37370323e-28
1.57130284e-28
1.79226976e-28
2.03964567e-28
2.31640357e-28
2.62495517e-28
2.96975528e-28
3.35359273e-28
3.78137278e-28
4.25794910e-28
4.78694650e-28
5.37643327e-28
6.03029350e-28
6.75623518e-28
7.56352958e-28
8.45748386e-28
9.44859650e-28
1.05490225e-27
1.17675927e-27
1.31154419e-27
1.46101157e-27
1.62664671e-27
1.80938994e-27
2.01185546e-27
2.23615848e-27
2.48353733e-27
2.75723729e-27
3.06031001e-27
3.39442185e-27
3.76392466e-27
4.17278395e-27
4.62315102e-27
5.12174026e-27
5.67152775e-27
6.27923516e-27
6.94987006e-27
7.69085937e-27
8.50813279e-27
9.41199783e-27
1.04079293e-26
1.15082950e-26
1.27238911e-26
1.40663048e-26
1.55476330e-26
1.71837963e-26
1.89914551e-26
2.09874347e-26
2.31930099e-26
2.56320554e-26
2.83275710e-26
3.13101003e-26
3.46099157e-26
3.82624693e-26
4.23089143e-26
4.67955557e-26
5.17737709e-26
5.73036143e-26
6.34540422e-26
7.03051587e-26
7.79508047e-26
8.65022787e-26
9.60923905e-26
1.06883637e-25
1.19070838e-25
1.32897468e-25
1.48663962e-25
1.66744886e-25
1.87610915e-25
2.11858712e-25
2.40261976e-25
