1.25716942e-27
1.58813191e-27
2.09012448e-27
2.90920197e-27
4.29921222e-27
6.62279802e-27
1.03178461e-26
1.58554470e-26
2.37128796e-26
3.43550372e-26
4.82548830e-26
6.58869679e-26
8.77457393e-26
1.14357434e-25
1.46296189e-25
1.84162995e-25
2.28602050e-25
2.80450557e-25
3.40399053e-25
4.09441280e-25
4.88424799e-25
5.78609910e-25
6.81141754e-25
7.97505932e-25
9.28817052e-25
1.07696138e-24
1.24375029e-24
1.43119966e-24
1.64146473e-24
1.87655433e-24
2.13965594e-24
2.43400914e-24
2.76187571e-24
3.12754648e-24
3.53517336e-24
3.98805369e-24
4.49245111e-24
5.05215064e-24
5.67399125e-24
6.36468521e-24
7.12912543e-24
7.97857738e-24
8.91821330e-24
9.95866134e-24
1.11127103e-23
1.23874159e-23
1.37971838e-23
1.53586748e-23
1.70837416e-23
1.89874308e-23
2.10937321e-23
2.34226992e-23
2.59866363e-23
2.88212185e-23
3.19549256e-23
3.54038641e-23
3.92119826e-23
4.34202725e-23
4.80503092e-23
5.31606970e-23
5.88043529e-23
6.50089191e-23
7.18646185e-23
7.94098431e-23
8.77340715e-23
9.69028153e-23
1.07014202e-22
1.18145377e-22
1.30432490e-22
1.43945280e-22
1.58846343e-22
1.75275928e-22
1.93383968e-22
2.13326166e-22
2.35308385e-22
2.59544757e-22
2.86249831e-22
3.15695590e-22
3.48186059e-22
3.84010581e-22
4.23555202e-22
4.67197871e-22
5.15379819e-22
5.68610868e-22
6.27460296e-22
6.92553564e-22
7.64616488e-22
8.44473904e-22
9.33073294e-22
1.03151065e-21
1.14106791e-21
1.26325039e-21
1.39987082e-21
1.55305521e-21
1.72541151e-21
1.92008214e-21
2.14088786e-21
2.39249865e-21
2.68064811e-21
3.01251535e-21
