2.53892432e-25
2.34787162e-25
2.16270719e-25
1.98275055e-25
1.80798529e-25
1.63869614e-25
1.47605753e-25
1.32045942e-25
1.17285580e-25
1.03407989e-25
9.04979680e-26
7.86201039e-26
6.78409777e-26
5.81671658e-26
4.95801340e-26
4.20651753e-26
3.55445060e-26
2.99381382e-26
2.51630463e-26
2.11086567e-26
1.76922964e-26
1.48155772e-26
1.24012995e-26
1.03788814e-26
8.68095504e-27
7.26661020e-27
6.07934026e-27
5.08682416e-27
4.25602227e-27
3.56053726e-27
2.97926830e-27
2.49220244e-27
2.08545707e-27
1.74473969e-27
1.45978909e-27
1.22141785e-27
1.02111120e-27
8.54987033e-28
7.15230135e-28
5.98455308e-28
5.00695242e-28
4.18895185e-28
3.50508530e-28
2.93201073e-28
2.45351748e-28
2.05252596e-28
1.71727233e-28
1.43676389e-28
1.20192741e-28
1.00572520e-28
8.41314806e-29
7.03969435e-29
5.88939365e-29
4.92712744e-29
4.12247426e-29
3.44744236e-29
2.88570982e-29
2.41414273e-29
2.01998832e-29
1.69005818e-29
1.41387976e-29
1.18304823e-29
9.89626416e-30
8.28106358e-30
6.92802035e-30
5.79647560e-30
4.84987075e-30
4.05432196e-30
3.39472751e-30
2.83971287e-30
2.37595429e-30
1.98768952e-30
1.66278668e-30
1.39113589e-30
1.16346655e-30
9.73310832e-31
8.13924314e-31
6.80584878e-31
5.68980485e-31
4.75266537e-31
3.97254263e-31
3.31666984e-31
2.76731406e-31
2.30694023e-31
1.92056938e-31
1.59675055e-31
1.32504975e-31
1.09691932e-31
9.05391656e-32
7.44515630e-32
6.09489827e-32
4.96467793e-32
4.01588143e-32
3.22204176e-32
2.55945614e-32
2.00830200e-32
1.55204690e-32
1.17627459e-32
8.69269286e-33
6.18831883e-33
