3.19708713e-21
3.00224380e-21
2.80974206e-21
2.61906414e-21
2.42999219e-21
2.24320538e-21
2.05933922e-21
1.87916472e-21
1.70478473e-21
1.53674330e-21
1.37646985e-21
1.22501201e-21
1.08452897e-21
9.54619505e-22
8.36020157e-22
7.29435731e-22
6.34105893e-22
5.49774130e-22
4.75760183e-22
4.10968019e-22
3.54835953e-22
3.06058809e-22
2.63926547e-22
2.27537288e-22
1.96112898e-22
1.69069503e-22
1.45701142e-22
1.25605652e-22
1.08256051e-22
9.33052110e-23
8.04264113e-23
6.92825511e-23
5.97483351e-23
5.14912277e-23
4.43857194e-23
3.82566799e-23
3.29707810e-23
2.84211778e-23
2.44907136e-23
2.11129946e-23
1.81959293e-23
1.56837914e-23
1.35187841e-23
1.16417810e-23
1.00430389e-23
8.65450817e-24
7.46021703e-24
6.42964116e-24
5.54142073e-24
4.77663017e-24
4.11566794e-24
3.54840718e-24
3.05796630e-24
2.63578076e-24
2.27178442e-24
1.95781121e-24
1.68771847e-24
1.45439303e-24
1.25379587e-24
1.08059576e-24
9.31363417e-25
8.02796899e-25
6.91499788e-25
5.96383665e-25
5.13954398e-25
4.43029323e-25
3.81843729e-25
3.29079933e-25
2.83659719e-25
2.44419587e-25
2.10698156e-25
1.81571392e-25
1.56485770e-25
1.34862484e-25
1.16118705e-25
1.00134409e-25
8.62537699e-26
7.43036480e-26
6.39877261e-26
5.50817621e-26
4.74091184e-26
4.07724482e-26
3.50476956e-26
3.00997414e-26
2.58166618e-26
2.21174470e-26
1.89152403e-26
1.61407174e-26
1.37365645e-26
1.16529873e-26
9.84688801e-27
8.28114161e-27
6.92396977e-27
5.74645334e-27
4.73234971e-27
3.85562544e-27
3.10145812e-27
2.45585737e-27
1.90523211e-27
1.43559986e-27
