1.39894552e-20
1.78207772e-20
2.25094893e-20
2.82623014e-20
3.53072484e-20
4.39322217e-20
5.45032013e-20
6.74334246e-20
8.32774852e-20
1.02672826e-19
1.26454928e-19
1.55650224e-19
1.91434483e-19
2.35364251e-19
2.89367477e-19
3.55539650e-19
4.36934868e-19
5.36812535e-19
6.59553104e-19
8.10423696e-19
9.95547735e-19
1.22333029e-18
1.50261684e-18
1.84623502e-18
2.26813324e-18
2.78652803e-18
3.42383581e-18
4.20569134e-18
5.16769805e-18
6.34790750e-18
7.79959795e-18
9.58211295e-18
1.17716299e-17
1.44638875e-17
1.77666509e-17
2.18303090e-17
2.68177398e-17
3.29497905e-17
4.04800255e-17
4.97285202e-17
6.11043602e-17
7.50579707e-17
9.22311558e-17
1.13293620e-16
1.39192797e-16
1.71006985e-16
2.10079160e-16
2.58148744e-16
3.17092678e-16
3.89627998e-16
4.78609720e-16
5.88020243e-16
7.22455287e-16
8.87518094e-16
1.09059525e-15
1.33955016e-15
1.64593031e-15
2.02189884e-15
2.48412461e-15
3.05211317e-15
3.74929140e-15
4.60718059e-15
5.65883566e-15
6.95320551e-15
8.54183018e-15
1.04942995e-14
1.28937397e-14
1.58385887e-14
1.94632595e-14
2.39067890e-14
2.93750154e-14
3.60866104e-14
4.43334257e-14
5.44708111e-14
6.69117202e-14
8.22224221e-14
1.00996373e-13
1.24090620e-13
1.52441493e-13
1.87277263e-13
2.30112633e-13
2.82671027e-13
3.47335501e-13
4.26655322e-13
5.24202136e-13
6.43974893e-13
7.91061178e-13
9.71769967e-13
1.19296840e-12
1.46406542e-12
1.79442689e-12
2.19602874e-12
2.68171107e-12
3.26488018e-12
3.96044244e-12
4.78491153e-12
5.75628331e-12
6.89448241e-12
8.22462308e-12
9.77383698e-12
