1.33916055e-16
1.75455242e-16
2.45444345e-16
3.80949556e-16
6.69717751e-16
1.27697823e-15
2.44874017e-15
4.49087859e-15
7.74056374e-15
1.25424228e-14
1.92428482e-14
2.81840552e-14
3.97134660e-14
5.41853579e-14
7.19802926e-14
9.34804683e-14
1.19119231e-13
1.49359482e-13
1.84723681e-13
2.25707920e-13
2.72901444e-13
3.27027595e-13
3.88885002e-13
4.58953494e-13
5.38457401e-13
6.28348786e-13
7.29197786e-13
8.42584362e-13
9.69736800e-13
1.11201464e-12
1.27092764e-12
1.44815639e-12
1.64557452e-12
1.86527267e-12
2.10958406e-12
2.38041054e-12
2.68007506e-12
3.01242486e-12
3.38095473e-12
3.78925317e-12
4.23817121e-12
4.73522052e-12
5.28556940e-12
5.89071340e-12
6.55804788e-12
7.29618842e-12
8.10717530e-12
8.99996880e-12
9.98657078e-12
1.10683690e-11
1.22592125e-11
1.35738824e-11
1.50123681e-11
1.65964092e-11
1.83432328e-11
2.02523793e-11
2.23540624e-11
2.46689463e-11
2.72008383e-11
2.99830722e-11
3.30438878e-11
3.64029547e-11
4.00801562e-11
4.41214373e-11
4.85609305e-11
5.34358482e-11
5.87774650e-11
6.46354504e-11
7.10662261e-11
7.81247924e-11
8.58720543e-11
9.43756955e-11
1.03711181e-10
1.13962878e-10
1.25211007e-10
1.37557481e-10
1.51131739e-10
1.66043943e-10
1.82434932e-10
2.00456352e-10
2.20289341e-10
2.42120833e-10
2.66169432e-10
2.92685981e-10
3.21947926e-10
3.54279205e-10
3.90049628e-10
4.29690972e-10
4.73705182e-10
5.22692916e-10
5.77369500e-10
6.38594007e-10
7.07427051e-10
7.85155295e-10
8.73385654e-10
9.74122846e-10
1.08984730e-09
1.22372325e-09
1.37981881e-09
1.56349180e-09
