6.28624184e-03
6.07919938e-03
5.87327226e-03
5.66812939e-03
5.46464115e-03
5.26295718e-03
5.06433534e-03
4.86934840e-03
4.67889996e-03
4.49388571e-03
4.31473786e-03
4.14174278e-03
3.97529189e-03
3.81517008e-03
3.66140231e-03
3.51378481e-03
3.37206266e-03
3.23611220e-03
3.10555972e-03
2.98034600e-03
2.86013745e-03
2.74479993e-03
2.63412440e-03
2.52776607e-03
2.42595687e-03
2.32809209e-03
2.23422912e-03
2.14412146e-03
2.05765343e-03
1.97467723e-03
1.89494859e-03
1.81860922e-03
1.74524746e-03
1.67488281e-03
1.60733357e-03
1.54250794e-03
1.48030600e-03
1.42055331e-03
1.36331939e-03
1.30832781e-03
1.25557592e-03
1.20493618e-03
1.15633816e-03
1.10971250e-03
1.06493000e-03
1.02201590e-03
9.80789678e-04
9.41240837e-04
9.03279778e-04
8.66848960e-04
8.31897279e-04
7.98329904e-04
7.66150443e-04
7.35244628e-04
7.05597233e-04
6.77142474e-04
6.49832148e-04
6.23630415e-04
5.98469724e-04
5.74342735e-04
5.51176355e-04
5.28951623e-04
5.07620402e-04
4.87144955e-04
4.67502202e-04
4.48641364e-04
4.30555302e-04
4.13189732e-04
3.96528063e-04
3.80536765e-04
3.65186929e-04
3.50463014e-04
3.36325149e-04
3.22766394e-04
3.09747587e-04
2.97255903e-04
2.85268209e-04
2.73761241e-04
2.62723506e-04
2.52123714e-04
2.41955982e-04
2.32192310e-04
2.22821218e-04
2.13825095e-04
2.05177085e-04
1.96885064e-04
1.88906423e-04
1.81235910e-04
1.73854491e-04
1.66742656e-04
1.59884967e-04
1.53262309e-04
1.46856836e-04
1.40652663e-04
1.34634439e-04
1.28786054e-04
1.23096459e-04
1.17552677e-04
1.12140538e-04
1.06842385e-04
