1.21161392e-12
1.41409073e-12
1.67129602e-12
2.00714463e-12
2.45834591e-12
3.07634334e-12
3.92432291e-12
5.07183541e-12
6.58970134e-12
8.54636426e-12
1.10093818e-11
1.40442954e-11
1.77181089e-11
2.20992603e-11
2.72628642e-11
3.32829045e-11
4.02459572e-11
4.82441822e-11
5.73828168e-11
6.77577732e-11
7.94864093e-11
9.27160161e-11
1.07608047e-10
1.24244840e-10
1.42882837e-10
1.63708352e-10
1.86817335e-10
2.12534406e-10
2.41097694e-10
2.72770632e-10
3.07845528e-10
3.46647396e-10
3.89538046e-10
4.36920437e-10
4.89243299e-10
5.46857296e-10
6.10198367e-10
6.80016549e-10
7.56976528e-10
8.41753379e-10
9.34449960e-10
1.03653787e-09
1.14898728e-09
1.27201132e-09
1.40701713e-09
1.55563780e-09
1.71816953e-09
1.89628927e-09
2.09225589e-09
2.30620387e-09
2.54072419e-09
2.79855726e-09
3.07952633e-09
3.38769164e-09
3.72618834e-09
4.09470783e-09
4.49884613e-09
4.94230199e-09
5.42552177e-09
5.95456392e-09
6.53444976e-09
7.16852843e-09
7.86015685e-09
8.61753560e-09
9.44656261e-09
1.03536404e-08
1.13439975e-08
1.24261966e-08
1.36099337e-08
1.49045194e-08
1.63202185e-08
1.78683872e-08
1.95616278e-08
2.14139602e-08
2.34384377e-08
2.56517771e-08
2.80753047e-08
3.07265320e-08
3.36280256e-08
3.68037603e-08
4.02822987e-08
4.40924783e-08
4.82677824e-08
5.28461802e-08
5.78688513e-08
6.33832235e-08
6.94423298e-08
7.61068510e-08
8.34455596e-08
9.15388266e-08
1.00479522e-07
1.10375489e-07
1.21355787e-07
1.33570461e-07
1.47200006e-07
1.62459968e-07
1.79602784e-07
1.98934306e-07
2.20823644e-07
2.45724529e-07
