6.34424827e-03
6.21641305e-03
6.10764091e-03
6.01461141e-03
5.93463631e-03
5.86542900e-03
5.80501109e-03
5.75165384e-03
5.70390524e-03
5.66058301e-03
5.62079263e-03
5.58379750e-03
5.54900409e-03
5.51600370e-03
5.48440093e-03
5.45394159e-03
5.42438366e-03
5.39550530e-03
5.36720042e-03
5.33933084e-03
5.31174402e-03
5.28433979e-03
5.25706288e-03
5.22987930e-03
5.20259382e-03
5.17525452e-03
5.14774073e-03
5.12005821e-03
5.09201609e-03
5.06383323e-03
5.03522947e-03
5.00617735e-03
4.97674547e-03
4.94688407e-03
4.91647339e-03
4.88547968e-03
4.85386757e-03
4.82160001e-03
4.78864156e-03
4.75503384e-03
4.72064137e-03
4.68542017e-03
4.64932421e-03
4.61230531e-03
4.57431300e-03
4.53529440e-03
4.49519404e-03
4.45395373e-03
4.41151237e-03
4.36780580e-03
4.32276655e-03
4.27632371e-03
4.22840265e-03
4.17892483e-03
4.12780753e-03
4.07496361e-03
4.02030125e-03
3.96372362e-03
3.90512865e-03
3.84440863e-03
3.78144995e-03
3.71614254e-03
3.64852382e-03
3.57832274e-03
3.50540319e-03
3.42962172e-03
3.35082733e-03
3.26886133e-03
3.18379518e-03
3.09547985e-03
3.00354260e-03
2.90782870e-03
2.80879343e-03
2.70566224e-03
2.59876489e-03
2.48782085e-03
2.37305462e-03
2.25416184e-03
2.13149906e-03
2.00519102e-03
1.87534251e-03
1.74229874e-03
1.60665113e-03
1.46891530e-03
1.32989445e-03
1.19062271e-03
1.05238742e-03
9.16753199e-04
7.85597559e-04
6.61105820e-04
5.45732872e-04
4.42038525e-04
3.52470134e-04
2.78855332e-04
2.21873370e-04
1.80478168e-04
1.51894760e-04
1.32464291e-04
1.18910248e-04
1.09044194e-04
