1.64893078e-09
1.54286299e-09
1.45657044e-09
1.38521708e-09
1.32539867e-09
1.27464121e-09
1.23105405e-09
1.19319835e-09
1.15990908e-09
1.13028434e-09
1.10361445e-09
1.07934519e-09
1.05703600e-09
1.03634637e-09
1.01699070e-09
9.98762800e-10
9.81473348e-10
9.64984786e-10
9.49163467e-10
9.33931643e-10
9.19203132e-10
9.04886538e-10
8.90928490e-10
8.77306948e-10
8.63944803e-10
8.50786277e-10
8.37863108e-10
8.25106111e-10
8.12481954e-10
7.99971324e-10
7.87554645e-10
7.75212300e-10
7.62924831e-10
7.50673126e-10
7.38438574e-10
7.26266869e-10
7.14087547e-10
7.01882677e-10
6.89635864e-10
6.77376918e-10
6.65106247e-10
6.52756197e-10
6.40313858e-10
6.27888833e-10
6.15352477e-10
6.02694447e-10
5.90027166e-10
5.77233279e-10
5.64294965e-10
5.51342618e-10
5.38234352e-10
5.24983208e-10
5.11687569e-10
4.98224529e-10
4.84621188e-10
4.70951153e-10
4.57111145e-10
4.43120593e-10
4.29065001e-10
4.14845595e-10
4.00470150e-10
3.86010132e-10
3.71430502e-10
3.56713705e-10
3.41872509e-10
3.26932010e-10
3.11928057e-10
2.96832459e-10
2.81663224e-10
2.66439812e-10
2.51183276e-10
2.35916496e-10
2.20664544e-10
2.05455206e-10
1.90323908e-10
1.75334985e-10
1.60496469e-10
1.45866603e-10
1.31516084e-10
1.17494258e-10
1.03871825e-10
9.07297415e-11
7.81503723e-11
6.62215126e-11
5.50401243e-11
4.47053054e-11
3.53170736e-11
2.69714270e-11
1.97534427e-11
1.37265277e-11
8.92013308e-12
5.31407889e-12
2.82176831e-12
1.28314533e-12
4.71340975e-13
1.28447129e-13
2.31826680e-14
2.66786240e-15
3.92598392e-16
1.64509197e-16
