1.60879776e-24
2.25342871e-24
3.08393091e-24
4.15246375e-24
5.52260464e-24
7.27259071e-24
9.50929639e-24
1.23630610e-23
1.60021795e-23
2.06445089e-23
2.65720840e-23
3.41442882e-23
4.38126998e-23
5.61855127e-23
7.20000563e-23
9.22269457e-23
1.18126601e-22
1.51236446e-22
1.93668624e-22
2.47929174e-22
3.17413140e-22
4.06349662e-22
5.20157035e-22
6.66018854e-22
8.52517680e-22
1.09153439e-21
1.39721591e-21
1.78866930e-21
2.28991184e-21
2.93135206e-21
3.75347267e-21
4.80425514e-21
6.15077887e-21
7.87332355e-21
1.00794764e-20
1.29049402e-20
1.65196807e-20
2.11519367e-20
2.70726937e-20
3.46607925e-20
4.43707174e-20
5.68044038e-20
7.27265914e-20
9.30908769e-20
1.19180182e-19
1.52560380e-19
1.95329116e-19
2.50057669e-19
3.20115294e-19
4.09835064e-19
5.24591726e-19
6.71582567e-19
8.59796812e-19
1.10079557e-18
1.40915770e-18
1.80385479e-18
2.30949202e-18
2.95626206e-18
3.78433297e-18
4.84519859e-18
6.20290902e-18
7.94056349e-18
1.01649953e-17
1.30152186e-17
1.66599617e-17
2.13307490e-17
2.73030683e-17
3.49541920e-17
4.47497742e-17
5.72877956e-17
7.33516975e-17
9.38874440e-17
1.20205203e-16
1.53866365e-16
1.96987501e-16
2.52190985e-16
3.22823230e-16
4.13320357e-16
5.29019827e-16
6.77332905e-16
8.67069128e-16
1.11006654e-15
1.42113676e-15
1.81909042e-15
2.32903551e-15
2.98063675e-15
3.81463895e-15
4.87814463e-15
6.23131227e-15
7.94465086e-15
1.00959302e-14
1.27744495e-14
1.60670497e-14
2.00604432e-14
2.48407238e-14
3.04918001e-14
3.70973856e-14
4.47462734e-14
5.35582961e-14
6.36603998e-14
