6.68195416e-14
5.89482599e-14
5.15574817e-14
4.46280670e-14
3.81955282e-14
3.22790109e-14
2.69304365e-14
2.21741052e-14
1.80302521e-14
1.44991180e-14
1.15505576e-14
9.13416241e-15
7.18765615e-15
5.63632933e-15
4.41123179e-15
3.44871000e-15
2.69466120e-15
2.10532986e-15
1.64454108e-15
1.28474802e-15
1.00353538e-15
7.83893909e-16
6.12350916e-16
4.77981180e-16
3.73692079e-16
2.91899589e-16
2.28034065e-16
1.78124167e-16
1.39142871e-16
1.08696961e-16
8.48540393e-17
6.63261158e-17
5.18047614e-17
4.04682558e-17
3.16112180e-17
2.46934330e-17
1.92901425e-17
1.50607280e-17
1.17704017e-17
9.19386267e-18
7.18234605e-18
5.61060489e-18
4.38269247e-18
3.42361664e-18
2.67337004e-18
2.08908621e-18
1.63185622e-18
1.27481445e-18
9.95809326e-19
7.77837614e-19
6.07623879e-19
4.74545472e-19
3.70780405e-19
2.89619877e-19
2.26238446e-19
1.76720439e-19
1.38040478e-19
1.07838511e-19
8.42324705e-20
6.58047589e-20
5.13999406e-20
4.01515383e-20
3.13647505e-20
2.45002136e-20
1.91395504e-20
1.49492124e-20
1.16782623e-20
9.12203106e-21
7.12600386e-21
5.56672341e-21
4.34830249e-21
3.39682801e-21
2.65315818e-21
2.07269299e-21
1.61906802e-21
1.26477444e-21
9.87980092e-22
7.71691866e-22
6.02826992e-22
4.70850658e-22
3.67814076e-22
2.87270074e-22
2.24336573e-22
1.75157465e-22
1.36641927e-22
1.06665920e-22
8.31576314e-23
6.47653051e-23
5.03641498e-23
3.90797723e-23
3.02356572e-23
2.32978250e-23
1.78517093e-23
1.35768649e-23
1.02247162e-23
7.60107067e-24
5.55491168e-24
3.96885012e-24
2.74929393e-24
1.82043225e-24
