1.13099969e-08
1.23680575e-08
1.35073192e-08
1.47359007e-08
1.60621243e-08
1.74940308e-08
1.90406970e-08
2.07129372e-08
2.25217187e-08
2.44796812e-08
2.66007607e-08
2.88979424e-08
3.13888555e-08
3.40919170e-08
3.70225390e-08
4.02043935e-08
4.36573750e-08
4.74053690e-08
5.14760351e-08
5.58930684e-08
6.06916613e-08
6.58990868e-08
7.15547348e-08
7.76955996e-08
8.43624368e-08
9.16049767e-08
9.94637636e-08
1.08001636e-07
1.17267953e-07
1.27331986e-07
1.38260529e-07
1.50124182e-07
1.63012333e-07
1.76996002e-07
1.92188470e-07
2.08679025e-07
2.26588508e-07
2.46036895e-07
2.67147217e-07
2.90081827e-07
3.14965571e-07
3.42001318e-07
3.71348348e-07
4.03216970e-07
4.37824673e-07
4.75388465e-07
5.16198600e-07
5.60485187e-07
6.08595650e-07
6.60819576e-07
7.17526722e-07
7.79113606e-07
8.45960160e-07
9.18577948e-07
9.97393695e-07
1.08299985e-06
1.17593088e-06
1.27683934e-06
1.38644134e-06
1.50539520e-06
1.63460259e-06
1.77486288e-06
1.92719287e-06
2.09257523e-06
2.27214722e-06
2.46719406e-06
2.67886123e-06
2.90875326e-06
3.15837801e-06
3.42946024e-06
3.72378659e-06
4.04333134e-06
4.39041792e-06
4.76706291e-06
5.17627564e-06
5.62038762e-06
6.10276496e-06
6.62650074e-06
7.19507378e-06
7.81271338e-06
8.48295946e-06
9.21117521e-06
1.00015179e-05
1.08598711e-05
1.17918642e-05
1.28035744e-05
1.39025353e-05
1.50945935e-05
1.63886634e-05
1.77912749e-05
1.93104698e-05
2.09532929e-05
2.27261505e-05
2.46344592e-05
2.66827591e-05
2.88762934e-05
3.12180189e-05
3.37125236e-05
3.63671602e-05
3.91908253e-05
