1.36246565e-20
1.70377373e-20
2.12204525e-20
2.63504050e-20
3.26445168e-20
4.03722506e-20
4.98321477e-20
6.14414180e-20
7.56896864e-20
9.31812935e-20
1.14599005e-19
1.40913684e-19
1.73276591e-19
2.12905213e-19
2.61662240e-19
3.21527533e-19
3.95011995e-19
4.85457152e-19
5.96266355e-19
7.32713208e-19
9.00074835e-19
1.10582348e-18
1.35868058e-18
1.66897446e-18
2.05110537e-18
2.51914914e-18
3.09546644e-18
3.80253876e-18
4.67161755e-18
5.74005453e-18
7.05090549e-18
8.66520072e-18
1.06425748e-17
1.30768422e-17
1.60643522e-17
1.97357512e-17
2.42505451e-17
2.97878756e-17
3.66066004e-17
4.49609432e-17
5.52440393e-17
6.78681063e-17
8.33774648e-17
1.02452844e-16
1.25841870e-16
1.54644778e-16
1.89945103e-16
2.33386190e-16
2.86727444e-16
3.52238951e-16
4.32833643e-16
5.31636474e-16
6.53317006e-16
8.02475228e-16
9.85974580e-16
1.21133364e-15
1.48805451e-15
1.82859787e-15
2.24599525e-15
2.76001491e-15
3.39019587e-15
4.16527428e-15
5.11745911e-15
6.28646300e-15
7.72546752e-15
9.48865129e-15
1.16597636e-14
1.43223334e-14
1.75965159e-14
2.16201703e-14
2.65586384e-14
3.26387851e-14
4.00864812e-14
4.92573210e-14
6.05078545e-14
7.43395248e-14
9.13400568e-14
1.12199382e-13
1.37886098e-13
1.69347150e-13
2.08088634e-13
2.55628106e-13
3.14055647e-13
3.85884047e-13
4.73994310e-13
5.82497362e-13
7.15408890e-13
8.78961916e-13
1.07954288e-12
1.32554387e-12
1.62730731e-12
1.99539807e-12
2.44474753e-12
2.99110387e-12
3.65283307e-12
4.45195524e-12
5.41346903e-12
6.56768767e-12
7.94972966e-12
9.60307901e-12
