1.67323017e-24
2.40115093e-24
3.34420667e-24
4.56123994e-24
6.12383811e-24
8.12265841e-24
1.06742702e-23
1.39291017e-23
1.80779453e-23
2.33676191e-23
3.01172944e-23
3.87294764e-23
4.97327674e-23
6.37996892e-23
8.17767134e-23
1.04774038e-22
1.34192576e-22
1.71839241e-22
2.20045142e-22
2.81705534e-22
3.60665942e-22
4.61682461e-22
5.91042988e-22
7.56671819e-22
9.68680594e-22
1.24019537e-21
1.58749812e-21
2.03234768e-21
2.60165250e-21
3.33072088e-21
4.26409817e-21
5.45851140e-21
6.98821429e-21
8.94518568e-21
1.14523169e-20
1.46610613e-20
1.87692697e-20
2.40282905e-20
3.07582030e-20
3.93796266e-20
5.04096148e-20
6.45383675e-20
8.26176787e-20
1.05761582e-19
1.35395141e-19
1.73323631e-19
2.21896334e-19
2.84074879e-19
3.63679816e-19
4.65551681e-19
5.95979991e-19
7.63014958e-19
9.76773675e-19
1.25031951e-18
1.60075484e-18
2.04925269e-18
2.62335944e-18
3.35842444e-18
4.29971802e-18
5.50400303e-18
7.04434002e-18
9.01978943e-18
1.15474754e-17
1.47832584e-17
1.89251827e-17
2.42286465e-17
3.10140172e-17
3.96904965e-17
5.08304943e-17
6.50770305e-17
8.33115934e-17
1.06648484e-16
1.36534366e-16
1.74774737e-16
2.23762336e-16
2.86439362e-16
3.66687870e-16
4.69405554e-16
6.00890085e-16
7.69322258e-16
9.84833300e-16
1.26086771e-15
1.61401528e-15
2.06613690e-15
2.64479544e-15
3.38479304e-15
4.33043649e-15
5.53409722e-15
7.06108936e-15
8.98321026e-15
1.13797669e-14
1.43279357e-14
1.79055415e-14
2.21703017e-14
2.71746054e-14
3.29630371e-14
3.95696565e-14
4.70327634e-14
5.54060755e-14
6.47682863e-14
