1.13564191e-08
1.25657483e-08
1.39960312e-08
1.57118407e-08
1.78013265e-08
2.03780822e-08
2.35741107e-08
2.75293127e-08
3.23777647e-08
3.82401282e-08
4.52257864e-08
5.34288536e-08
6.29275216e-08
7.37988457e-08
8.60963737e-08
9.98991965e-08
1.15275886e-07
1.32252567e-07
1.50930396e-07
1.71362077e-07
1.93633270e-07
2.17788642e-07
2.43922383e-07
2.72091754e-07
3.02438763e-07
3.35029276e-07
3.69941242e-07
4.07267706e-07
4.47119280e-07
4.89626041e-07
5.34938823e-07
5.83229921e-07
6.34441892e-07
6.88819450e-07
7.46710150e-07
8.07828152e-07
8.72775784e-07
9.41458662e-07
1.01419708e-06
1.09109405e-06
1.17246547e-06
1.25831341e-06
1.34926790e-06
1.44490133e-06
1.54627205e-06
1.65285296e-06
1.76546914e-06
1.88437673e-06
2.00935836e-06
2.14153910e-06
2.28049837e-06
2.42699130e-06
2.58168600e-06
2.74397872e-06
2.91541421e-06
3.09573553e-06
3.28556965e-06
3.48581816e-06
3.69604268e-06
3.91801370e-06
4.15103255e-06
4.39690377e-06
4.65525371e-06
4.92773359e-06
5.21404784e-06
5.51600901e-06
5.83350427e-06
6.16802208e-06
6.52050978e-06
6.89141635e-06
7.28226256e-06
7.69414616e-06
8.12822985e-06
8.58580624e-06
9.06829917e-06
9.57725658e-06
1.01143329e-05
1.06812581e-05
1.12802000e-05
1.19130010e-05
1.25824374e-05
1.32907910e-05
1.40410283e-05
1.48361616e-05
1.56806698e-05
1.65778015e-05
1.75322080e-05
1.85499702e-05
1.96366720e-05
2.07995054e-05
2.20465440e-05
2.33872167e-05
2.48329681e-05
2.63963701e-05
2.80918711e-05
2.99362604e-05
3.19491113e-05
3.41527219e-05
3.65735399e-05
3.92429807e-05
