1.22152028e-12
1.41260075e-12
1.62629002e-12
1.86585015e-12
2.13463437e-12
2.43623705e-12
2.77485766e-12
3.15550480e-12
3.58368797e-12
4.06583769e-12
4.60934390e-12
5.22205804e-12
5.91383783e-12
6.69562856e-12
7.57858100e-12
8.57714107e-12
9.70607892e-12
1.09828162e-11
1.24276911e-11
1.40613461e-11
1.59106039e-11
1.80016203e-11
2.03679882e-11
2.30454323e-11
2.60744881e-11
2.95034523e-11
3.33804076e-11
3.77692070e-11
4.27326378e-11
4.83501051e-11
5.47066915e-11
6.18970784e-11
7.00363572e-11
7.92383887e-11
8.96562437e-11
1.01440031e-10
1.14775835e-10
1.29865791e-10
1.46932834e-10
1.66253875e-10
1.88098631e-10
2.12830847e-10
2.40805650e-10
2.72459466e-10
3.08277433e-10
3.48789172e-10
3.94650145e-10
4.46519139e-10
5.05229335e-10
5.71634799e-10
6.46769501e-10
7.31801383e-10
8.27977722e-10
9.36829170e-10
1.05997454e-09
1.19932201e-09
1.35694989e-09
1.53530857e-09
1.73718276e-09
1.96548778e-09
2.22380906e-09
2.51616050e-09
2.84693613e-09
3.22116372e-09
3.64458460e-09
4.12381279e-09
4.66571062e-09
5.27875441e-09
5.97293028e-09
6.75822538e-09
7.64669525e-09
8.65178652e-09
9.78934449e-09
1.10756529e-08
1.25319659e-08
1.41789385e-08
1.60429515e-08
1.81517463e-08
2.05372366e-08
2.32375870e-08
2.62912396e-08
2.97485000e-08
3.36582877e-08
3.80827362e-08
4.30884814e-08
4.87504097e-08
5.51578051e-08
6.23960335e-08
7.05741781e-08
7.97907188e-08
9.01549053e-08
1.01765359e-07
1.14717273e-07
1.29079745e-07
1.44914066e-07
1.62279186e-07
1.81213197e-07
2.01768096e-07
2.24025603e-07
2.48097810e-07
