6.31003226e-03
6.12405884e-03
5.93563784e-03
5.74502559e-03
5.55231417e-03
5.35820351e-03
5.16450757e-03
4.97179808e-03
4.78154313e-03
4.59529144e-03
4.41379025e-03
4.23771130e-03
4.06797431e-03
3.90433308e-03
3.74709056e-03
3.59606611e-03
3.45101788e-03
3.31192913e-03
3.17828101e-03
3.05018025e-03
2.92713968e-03
2.80911019e-03
2.69585516e-03
2.58709938e-03
2.48282956e-03
2.38264294e-03
2.28661178e-03
2.19438405e-03
2.10589682e-03
2.02098616e-03
1.93931439e-03
1.86126366e-03
1.78615925e-03
1.71416723e-03
1.64503046e-03
1.57868843e-03
1.51503545e-03
1.45382997e-03
1.39530897e-03
1.33901445e-03
1.28504216e-03
1.23321222e-03
1.18347407e-03
1.13576070e-03
1.08989347e-03
1.04601157e-03
1.00380897e-03
9.63342404e-04
9.24487993e-04
8.87200950e-04
8.51434915e-04
8.17056909e-04
7.84147979e-04
7.52509007e-04
7.22171764e-04
6.93048081e-04
6.65095943e-04
6.38284536e-04
6.12518305e-04
5.87840644e-04
5.64124927e-04
5.41382903e-04
5.19551027e-04
4.98593448e-04
4.78493019e-04
4.59181228e-04
4.40678339e-04
4.22901774e-04
4.05852093e-04
3.89485482e-04
3.73773194e-04
3.58706224e-04
3.44230796e-04
3.30359449e-04
3.17032594e-04
3.04248979e-04
2.91979372e-04
2.80199842e-04
2.68904768e-04
2.58051283e-04
2.47646925e-04
2.37649397e-04
2.28054368e-04
2.18840885e-04
2.09972954e-04
2.01480467e-04
1.93293671e-04
1.85416962e-04
1.77827043e-04
1.70499275e-04
1.63417558e-04
1.56560194e-04
1.49902862e-04
1.43426288e-04
1.37112602e-04
1.30942444e-04
1.24899735e-04
1.18970520e-04
1.13142131e-04
1.07380243e-04
