6.32063536e-03
6.16782055e-03
6.03347254e-03
5.91481658e-03
5.80955530e-03
5.71575718e-03
5.63169204e-03
5.55587972e-03
5.48694272e-03
5.42372123e-03
5.36523075e-03
5.31065702e-03
5.25931662e-03
5.21066440e-03
5.16421568e-03
5.11962438e-03
5.07654697e-03
5.03473746e-03
4.99393555e-03
4.95400572e-03
4.91477685e-03
4.87604954e-03
4.83771490e-03
4.79974371e-03
4.76194670e-03
4.72418408e-03
4.68656388e-03
4.64889978e-03
4.61110245e-03
4.57312023e-03
4.53489766e-03
4.49637610e-03
4.45749427e-03
4.41818877e-03
4.37839456e-03
4.33825685e-03
4.29753823e-03
4.25616765e-03
4.21407584e-03
4.17135236e-03
4.12798773e-03
4.08372680e-03
4.03850082e-03
3.99269268e-03
3.94581073e-03
3.89778732e-03
3.84902765e-03
3.79905761e-03
3.74777292e-03
3.69566466e-03
3.64213426e-03
3.58719438e-03
3.53122145e-03
3.47366286e-03
3.41458834e-03
3.35427976e-03
3.29223878e-03
3.22849859e-03
3.16340392e-03
3.09644836e-03
3.02760587e-03
2.95716196e-03
2.88488999e-03
2.81063597e-03
2.73439155e-03
2.65621226e-03
2.57621479e-03
2.49417203e-03
2.41009528e-03
2.32400233e-03
2.23591807e-03
2.14587580e-03
2.05391925e-03
1.96010570e-03
1.86453751e-03
1.76750535e-03
1.66893755e-03
1.56908482e-03
1.46829440e-03
1.36677377e-03
1.26488878e-03
1.16309970e-03
1.06190293e-03
9.61869210e-04
8.63691021e-04
7.68146183e-04
6.76113942e-04
5.88567247e-04
5.06555779e-04
4.31157900e-04
3.63421368e-04
3.04259070e-04
2.54278087e-04
2.13633143e-04
1.81845980e-04
1.57792165e-04
1.39890553e-04
1.26482074e-04
1.16202834e-04
1.08110155e-04
