2.54529087e-07
2.38133864e-07
2.24270354e-07
2.12403313e-07
2.02136902e-07
1.93173767e-07
1.85277900e-07
1.78264438e-07
1.71983351e-07
1.66313387e-07
1.61150800e-07
1.56414399e-07
1.52039159e-07
1.47967629e-07
1.44159681e-07
1.40572546e-07
1.37174531e-07
1.33949068e-07
1.30865662e-07
1.27908729e-07
1.25060748e-07
1.22315268e-07
1.19652782e-07
1.17072210e-07
1.14556989e-07
1.12102319e-07
1.09703051e-07
1.07353807e-07
1.05049104e-07
1.02783458e-07
1.00551492e-07
9.83480250e-08
9.61834240e-08
9.40398689e-08
9.19148456e-08
8.98208068e-08
8.77364708e-08
8.56772656e-08
8.36266597e-08
8.15963771e-08
7.95714727e-08
7.75665219e-08
7.55623444e-08
7.35777552e-08
7.15950444e-08
6.96221077e-08
6.76581925e-08
6.56940418e-08
6.37465725e-08
6.17989026e-08
5.98572350e-08
5.79248412e-08
5.59922944e-08
5.40718083e-08
5.21544081e-08
5.02418101e-08
4.83400815e-08
4.64400576e-08
4.45539481e-08
4.26721955e-08
4.08023602e-08
3.89414962e-08
3.70933157e-08
3.52570029e-08
3.34365376e-08
3.16297125e-08
2.98437765e-08
2.80756518e-08
2.63293888e-08
2.46085921e-08
2.29139840e-08
2.12488677e-08
1.96165232e-08
1.80202864e-08
1.64636438e-08
1.49503328e-08
1.34844421e-08
1.20704977e-08
1.07128535e-08
9.41664632e-09
8.18659608e-09
7.02836212e-09
5.94713382e-09
4.94849155e-09
4.03677739e-09
3.21753508e-09
2.49470699e-09
1.87076178e-09
1.34736559e-09
9.23522943e-10
5.95467075e-10
3.55846576e-10
1.93508432e-10
9.38607741e-11
4.00611714e-11
1.53671663e-11
5.96170869e-12
2.86505993e-12
1.79532490e-12
1.31682330e-12
