4.98610513e-13
4.77641952e-13
4.59435700e-13
4.43505547e-13
4.29467395e-13
4.17009379e-13
4.05875237e-13
3.95845628e-13
3.86739664e-13
3.78404329e-13
3.70712877e-13
3.63563489e-13
3.56870319e-13
3.50561281e-13
3.44575714e-13
3.38872396e-13
3.33410285e-13
3.28146105e-13
3.23061863e-13
3.18132337e-13
3.13332752e-13
3.08643185e-13
3.04049073e-13
2.99544376e-13
2.95109210e-13
2.90734542e-13
2.86417541e-13
2.82141236e-13
2.77893428e-13
2.73687741e-13
2.69491748e-13
2.65326743e-13
2.61165046e-13
2.57010333e-13
2.52865976e-13
2.48716518e-13
2.44559616e-13
2.40392880e-13
2.36220007e-13
2.32033962e-13
2.27829498e-13
2.23604344e-13
2.19356290e-13
2.15083198e-13
2.10783020e-13
2.06453811e-13
2.02093743e-13
1.97701115e-13
1.93274367e-13
1.88812090e-13
1.84313032e-13
1.79776112e-13
1.75200425e-13
1.70585250e-13
1.65930059e-13
1.61234525e-13
1.56498529e-13
1.51722170e-13
1.46905776e-13
1.42049918e-13
1.37155431e-13
1.32223429e-13
1.27257822e-13
1.22263314e-13
1.17237336e-13
1.12182402e-13
1.07101521e-13
1.02006878e-13
9.68974665e-14
9.17750799e-14
8.66585283e-14
8.15411446e-14
7.64438415e-14
7.13672599e-14
6.63243389e-14
6.13290123e-14
5.63935095e-14
5.15321720e-14
4.67621850e-14
4.21004008e-14
3.75670939e-14
3.31839669e-14
2.89742906e-14
2.49628963e-14
2.11769295e-14
1.76433111e-14
1.43902863e-14
1.14458502e-14
8.83519418e-15
6.58009891e-15
4.69442796e-15
3.18236885e-15
2.03286233e-15
1.21693489e-15
6.85949384e-16
3.74968306e-16
2.12535357e-16
1.34722806e-16
9.71375918e-17
7.66946572e-17
