7.09749318e-17
7.90977069e-17
8.86579588e-17
1.00042045e-16
1.13742415e-16
1.30335838e-16
1.50430153e-16
1.74623293e-16
2.03476011e-16
2.37494198e-16
2.77163986e-16
3.22894559e-16
3.75156229e-16
4.34362828e-16
5.00996281e-16
5.75463109e-16
6.58198604e-16
7.49899412e-16
8.50963564e-16
9.61925838e-16
1.08353219e-15
1.21650610e-15
1.36156556e-15
1.51924040e-15
1.69061444e-15
1.87658977e-15
2.07770181e-15
2.29538362e-15
2.53102141e-15
2.78474710e-15
3.05910872e-15
3.35399152e-15
3.67221579e-15
4.01445128e-15
4.38212719e-15
4.77770463e-15
5.20295553e-15
5.65966480e-15
6.14896387e-15
6.67407717e-15
7.23735118e-15
7.84129780e-15
8.48860534e-15
9.18214992e-15
9.92500737e-15
1.07204657e-14
1.15720385e-14
1.24834785e-14
1.34587930e-14
1.45022595e-14
1.56184438e-14
1.68122183e-14
1.80887838e-14
1.94536920e-14
2.09128718e-14
2.24726579e-14
2.41398232e-14
2.59216149e-14
2.78257949e-14
2.98606852e-14
3.20352186e-14
3.43589939e-14
3.68392478e-14
3.94888639e-14
4.23202328e-14
4.53462193e-14
4.85807238e-14
5.20310336e-14
5.57195707e-14
5.96626044e-14
6.38710259e-14
6.83723019e-14
7.31783062e-14
7.83163710e-14
8.38092635e-14
8.96806463e-14
9.59571313e-14
1.02669150e-13
1.09848304e-13
1.17530369e-13
1.25752241e-13
1.34554961e-13
1.43983556e-13
1.54087985e-13
1.64921062e-13
1.76545076e-13
1.89027301e-13
2.02440776e-13
2.16871166e-13
2.32411685e-13
2.49177093e-13
2.67285764e-13
2.86882920e-13
3.08131007e-13
3.31221208e-13
3.56365708e-13
3.83814530e-13
4.13847360e-13
4.46789211e-13
4.83017651e-13
