4.95180605e-13
4.70887070e-13
4.49481549e-13
4.30485188e-13
4.13516824e-13
3.98266644e-13
3.84476915e-13
3.71930197e-13
3.60443299e-13
3.49862356e-13
3.40052151e-13
3.30908212e-13
3.22333421e-13
3.14249960e-13
3.06593823e-13
2.99310719e-13
2.92350784e-13
2.85680836e-13
2.79261919e-13
2.73065530e-13
2.67073185e-13
2.61253854e-13
2.55592455e-13
2.50075817e-13
2.44689464e-13
2.39418113e-13
2.34246158e-13
2.29177198e-13
2.24186447e-13
2.19282879e-13
2.14444518e-13
2.09668448e-13
2.04960828e-13
2.00305679e-13
1.95699608e-13
1.91139235e-13
1.86621248e-13
1.82142453e-13
1.77699815e-13
1.73290499e-13
1.68911898e-13
1.64561661e-13
1.60240931e-13
1.55949115e-13
1.51680503e-13
1.47433693e-13
1.43207595e-13
1.39001425e-13
1.34823039e-13
1.30663459e-13
1.26522406e-13
1.22400085e-13
1.18298774e-13
1.14221955e-13
1.10164831e-13
1.06128464e-13
1.02114108e-13
9.81231930e-14
9.41600796e-14
9.02231995e-14
8.63140183e-14
8.24346500e-14
7.85873707e-14
7.47746297e-14
7.09990687e-14
6.72635500e-14
6.35711938e-14
5.99254236e-14
5.63300200e-14
5.27895157e-14
4.93077538e-14
4.58897383e-14
4.25404115e-14
3.92658746e-14
3.60712452e-14
3.29638498e-14
2.99502689e-14
2.70374724e-14
2.42331250e-14
2.15458239e-14
1.89845077e-14
1.65570988e-14
1.42732696e-14
1.21422410e-14
1.01731888e-14
8.37513608e-15
6.75570956e-15
5.32221963e-15
4.07918634e-15
3.02852139e-15
2.16798871e-15
1.49023938e-15
9.81975546e-16
6.22919683e-16
3.86685820e-16
2.42968736e-16
1.61474855e-16
1.16664628e-16
9.10266757e-17
7.49635104e-17
