7.15232479e-17
7.95817629e-17
8.82887827e-17
9.77391479e-17
1.07989042e-16
1.19135335e-16
1.31253605e-16
1.44408331e-16
1.58714267e-16
1.74277252e-16
1.91213836e-16
2.09656029e-16
2.29747827e-16
2.51622829e-16
2.75477510e-16
3.01511483e-16
3.29899878e-16
3.60895466e-16
3.94764229e-16
4.31718722e-16
4.72120333e-16
5.16250804e-16
5.64471596e-16
6.17201834e-16
6.74789070e-16
7.37790294e-16
8.06625003e-16
8.81895086e-16
9.64194346e-16
1.05411902e-15
1.15246725e-15
1.25995572e-15
1.37751242e-15
1.50601070e-15
1.64649375e-15
1.80015760e-15
1.96801832e-15
2.15167039e-15
2.35230945e-15
2.57174230e-15
2.81166593e-15
3.07389117e-15
3.36081337e-15
3.67416166e-15
4.01698996e-15
4.39163824e-15
4.80124968e-15
5.24923828e-15
5.73872626e-15
6.27383705e-15
6.85946434e-15
7.49948519e-15
8.19913100e-15
8.96382067e-15
9.80037096e-15
1.07141012e-14
1.17138915e-14
1.28064568e-14
1.40011889e-14
1.53076326e-14
1.67351086e-14
1.82961244e-14
2.00027441e-14
2.18689263e-14
2.39088918e-14
2.61390512e-14
2.85785589e-14
3.12433699e-14
3.41588730e-14
3.73441510e-14
4.08276638e-14
4.46365879e-14
4.87994276e-14
5.33540871e-14
5.83289564e-14
6.37714042e-14
6.97191403e-14
7.62215443e-14
8.33329918e-14
9.11020477e-14
9.95921471e-14
1.08882372e-13
1.19025875e-13
1.30100266e-13
1.42177488e-13
1.55341053e-13
1.69660898e-13
1.85213115e-13
2.02064149e-13
2.20268796e-13
2.39885474e-13
2.60956068e-13
2.83519284e-13
3.07601667e-13
3.33263103e-13
3.60511780e-13
3.89406733e-13
4.19979110e-13
4.52344835e-13
4.86604266e-13
