5.01732591e-13
4.83758934e-13
4.68410185e-13
4.55197219e-13
4.43735624e-13
4.33711616e-13
4.24865579e-13
4.16978520e-13
4.09873165e-13
4.03399775e-13
3.97446167e-13
3.91912469e-13
3.86731010e-13
3.81835419e-13
3.77175839e-13
3.72717982e-13
3.68430535e-13
3.64276057e-13
3.60243130e-13
3.56304658e-13
3.52451448e-13
3.48663504e-13
3.44929724e-13
3.41236067e-13
3.37584188e-13
3.33957050e-13
3.30347654e-13
3.26749045e-13
3.23156929e-13
3.19570243e-13
3.15975916e-13
3.12366371e-13
3.08750612e-13
3.05112727e-13
3.01450913e-13
2.97766524e-13
2.94048190e-13
2.90298973e-13
2.86513088e-13
2.82680944e-13
2.78816122e-13
2.74895343e-13
2.70928203e-13
2.66912007e-13
2.62832281e-13
2.58697829e-13
2.54505882e-13
2.50242440e-13
2.45910409e-13
2.41517978e-13
2.37045805e-13
2.32490847e-13
2.27871337e-13
2.23165636e-13
2.18368629e-13
2.13493655e-13
2.08530384e-13
2.03467339e-13
1.98319282e-13
1.93075821e-13
1.87724472e-13
1.82291575e-13
1.76747737e-13
1.71107977e-13
1.65366210e-13
1.59523266e-13
1.53580342e-13
1.47541294e-13
1.41397028e-13
1.35172863e-13
1.28852830e-13
1.22445774e-13
1.15962572e-13
1.09414995e-13
1.02807024e-13
9.61513105e-14
8.94659647e-14
8.27676540e-14
7.60718785e-14
6.94080869e-14
6.27994545e-14
5.62813504e-14
4.98901566e-14
4.36658327e-14
3.76542806e-14
3.19084172e-14
2.64844922e-14
2.14431918e-14
1.68474671e-14
1.27598745e-14
9.23688025e-15
6.32310030e-15
4.03986816e-15
2.37504159e-15
1.27174438e-15
6.26227318e-16
3.01968218e-16
1.61972703e-16
1.04963302e-16
7.86744788e-17
