6.22127429e-09
5.95875390e-09
5.70087736e-09
5.44669140e-09
5.19647634e-09
4.95090548e-09
4.70962841e-09
4.47414538e-09
4.24438357e-09
4.02128762e-09
3.80551408e-09
3.59761705e-09
3.39827668e-09
3.20780957e-09
3.02624724e-09
2.85390824e-09
2.69056007e-09
2.53599046e-09
2.39008391e-09
2.25228249e-09
2.12242240e-09
1.99995566e-09
1.88453749e-09
1.77580552e-09
1.67323714e-09
1.57674214e-09
1.48570944e-09
1.39996522e-09
1.31916187e-09
1.24300388e-09
1.17128806e-09
1.10365916e-09
1.03998559e-09
9.79949953e-10
9.23384460e-10
8.70092230e-10
8.19791602e-10
7.72550511e-10
7.27948923e-10
6.85945640e-10
6.46354083e-10
6.09039778e-10
5.73893208e-10
5.40749296e-10
5.09550842e-10
4.80133824e-10
4.52423575e-10
4.26312789e-10
4.01647908e-10
3.78518506e-10
3.56659896e-10
3.36078214e-10
3.16677723e-10
2.98398303e-10
2.81180020e-10
2.64938874e-10
2.49659569e-10
2.35245418e-10
2.21668605e-10
2.08874098e-10
1.96815092e-10
1.85459489e-10
1.74751043e-10
1.64668872e-10
1.55162744e-10
1.46205982e-10
1.37767459e-10
1.29802826e-10
1.22321899e-10
1.15259148e-10
1.08607543e-10
1.02337633e-10
9.64277789e-11
9.08606950e-11
8.56100099e-11
8.06660251e-11
7.60031199e-11
7.16083265e-11
6.74650371e-11
6.35526253e-11
5.98699456e-11
5.63900182e-11
5.31055901e-11
5.00039912e-11
4.70718815e-11
4.43002885e-11
4.16770357e-11
3.91919009e-11
3.68359339e-11
3.46006249e-11
3.24775665e-11
3.04594512e-11
2.85390957e-11
2.67098491e-11
2.49669494e-11
2.33043345e-11
2.17177329e-11
2.02033916e-11
1.87533524e-11
1.73587319e-11
