7.07127075e-17
7.79733028e-17
8.58607864e-17
9.44451394e-17
1.03798759e-16
1.13990055e-16
1.25104508e-16
1.37204467e-16
1.50404276e-16
1.64795969e-16
1.80490440e-16
1.97614428e-16
2.16309214e-16
2.36711942e-16
2.58959978e-16
2.83278330e-16
3.09846528e-16
3.38835012e-16
3.70552048e-16
4.05178568e-16
4.43028564e-16
4.84432238e-16
5.29617809e-16
5.79085425e-16
6.33093337e-16
6.92172813e-16
7.56778371e-16
8.27348157e-16
9.04616070e-16
9.88927018e-16
1.08122236e-15
1.18206788e-15
1.29231666e-15
1.41296148e-15
1.54466891e-15
1.68889091e-15
1.84634251e-15
2.01861332e-15
2.20695634e-15
2.41273437e-15
2.63804911e-15
2.88387737e-15
3.15306128e-15
3.44712052e-15
3.76866904e-15
4.12043053e-15
4.50452013e-15
4.92500774e-15
5.38416746e-15
5.88659667e-15
6.43580646e-15
7.03600787e-15
7.69301952e-15
8.40996861e-15
9.19500177e-15
1.00523684e-14
1.09901439e-14
1.20158514e-14
1.31361392e-14
1.43627339e-14
1.57014494e-14
1.71667245e-14
1.87679233e-14
2.05182461e-14
2.24338159e-14
2.45248337e-14
2.68145381e-14
2.93145270e-14
3.20495590e-14
3.50400396e-14
3.83070423e-14
4.18845321e-14
4.57873947e-14
5.00610407e-14
5.47300563e-14
5.98350822e-14
6.54202844e-14
7.15181722e-14
7.81934708e-14
8.54836603e-14
9.34590793e-14
1.02176546e-13
1.11699472e-13
1.22119379e-13
1.33478574e-13
1.45896533e-13
1.59437912e-13
1.74195466e-13
1.90275810e-13
2.07751673e-13
2.26727937e-13
2.47305364e-13
2.69579857e-13
2.93647999e-13
3.19636040e-13
3.47637189e-13
3.77784985e-13
4.10207219e-13
4.45084340e-13
4.82585328e-13
