1.26178093e-27
1.53220848e-27
1.84416550e-27
2.20530190e-27
2.62393276e-27
3.10856521e-27
3.66961602e-27
4.31764079e-27
5.06737759e-27
5.93418056e-27
6.93639275e-27
8.09564085e-27
9.43728578e-27
1.09895735e-26
1.27842294e-26
1.48644389e-26
1.72749687e-26
2.00649326e-26
2.33032777e-26
2.70539856e-26
3.14035412e-26
3.64516429e-26
4.22972050e-26
4.90881498e-26
5.69565359e-26
6.60911326e-26
7.66921589e-26
8.89804633e-26
1.03254548e-25
1.19790467e-25
1.38996050e-25
1.61267219e-25
1.87108292e-25
2.17121031e-25
2.51893668e-25
2.92301438e-25
3.39114848e-25
3.93467640e-25
4.56531217e-25
5.29655976e-25
6.14636023e-25
7.13038155e-25
8.27389011e-25
9.59953412e-25
1.11377702e-24
1.29235645e-24
1.49929427e-24
1.73952207e-24
2.01840591e-24
2.34203310e-24
2.71746956e-24
3.15287156e-24
3.65865551e-24
4.24436476e-24
4.92498823e-24
5.71391644e-24
6.62975461e-24
7.69288596e-24
8.92514227e-24
1.03562233e-23
1.20151138e-23
1.39411984e-23
1.61749735e-23
1.87665409e-23
2.17768004e-23
2.52641573e-23
2.93166750e-23
3.40120902e-23
3.94631880e-23
4.57884596e-23
5.31221420e-23
6.16455077e-23
7.15143402e-23
8.29826256e-23
9.62788409e-23
1.11705869e-22
1.29616901e-22
1.50369119e-22
1.74451771e-22
2.02416314e-22
2.34843427e-22
2.72432913e-22
3.15954037e-22
3.66383896e-22
4.24533211e-22
4.91664571e-22
5.68813153e-22
6.57191146e-22
7.58111032e-22
8.72662291e-22
1.00210843e-21
1.14766116e-21
1.31046987e-21
1.49166610e-21
1.69260457e-21
1.91441007e-21
2.15858546e-21
2.42661869e-21
2.72056278e-21
3.04274008e-21
