7.86747427e-05
7.68151090e-05
7.49652128e-05
7.31198513e-05
7.12803593e-05
6.94513053e-05
6.76291425e-05
6.58240435e-05
6.40342069e-05
6.22656491e-05
6.05223834e-05
5.88079163e-05
5.71272928e-05
5.54831526e-05
5.38762518e-05
5.23105352e-05
5.07856429e-05
4.93017952e-05
4.78605489e-05
4.64593263e-05
4.50995878e-05
4.37788628e-05
4.24967120e-05
4.12524393e-05
4.00434108e-05
3.88714723e-05
3.77326672e-05
3.66276789e-05
3.55549509e-05
3.45133669e-05
3.35029196e-05
3.25212891e-05
3.15691887e-05
3.06444251e-05
2.97468481e-05
2.88757124e-05
2.80289326e-05
2.72090832e-05
2.64119582e-05
2.56386089e-05
2.48876784e-05
2.41586032e-05
2.34511842e-05
2.27639536e-05
2.20975385e-05
2.14502047e-05
2.08220150e-05
2.02122217e-05
1.96191534e-05
1.90455513e-05
1.84874789e-05
1.79461540e-05
1.74204921e-05
1.69102439e-05
1.64151015e-05
1.59340000e-05
1.54676576e-05
1.50145035e-05
1.45748040e-05
1.41479410e-05
1.37334698e-05
1.33313893e-05
1.29407763e-05
1.25619125e-05
1.21939265e-05
1.18367547e-05
1.14901027e-05
1.11531474e-05
1.08268848e-05
1.05096702e-05
1.02019033e-05
9.90304824e-06
9.61286413e-06
9.33127439e-06
9.05768315e-06
8.79230490e-06
8.53446687e-06
8.28412822e-06
8.04101063e-06
7.80458398e-06
7.57526988e-06
7.35213844e-06
7.13524193e-06
6.92430284e-06
6.71895008e-06
6.51907748e-06
6.32431431e-06
6.13438341e-06
5.94905988e-06
5.76811049e-06
5.59126616e-06
5.41830780e-06
5.24899057e-06
5.08307888e-06
4.92047322e-06
4.76091392e-06
4.60426619e-06
4.45042608e-06
4.29887963e-06
4.14915980e-06
