4.04709699e-05
3.90575221e-05
3.78879901e-05
3.69109804e-05
3.60876576e-05
3.53872245e-05
3.47846634e-05
3.42592897e-05
3.37944276e-05
3.33769106e-05
3.29969437e-05
3.26466461e-05
3.23197814e-05
3.20120501e-05
3.17194178e-05
3.14392664e-05
3.11691644e-05
3.09069288e-05
3.06514745e-05
3.04014567e-05
3.01554353e-05
2.99124670e-05
2.96720249e-05
2.94337795e-05
2.91960080e-05
2.89591282e-05
2.87220991e-05
2.84849826e-05
2.82461700e-05
2.80075487e-05
2.77667744e-05
2.75236658e-05
2.72788441e-05
2.70319403e-05
2.67820213e-05
2.65288784e-05
2.62722960e-05
2.60120524e-05
2.57479455e-05
2.54803922e-05
2.52084040e-05
2.49317369e-05
2.46501400e-05
2.43633556e-05
2.40711182e-05
2.37731547e-05
2.34691835e-05
2.31589149e-05
2.28420496e-05
2.25182793e-05
2.21872855e-05
2.18487395e-05
2.15023017e-05
2.11476212e-05
2.07843354e-05
2.04120694e-05
2.00304360e-05
1.96390348e-05
1.92374524e-05
1.88252615e-05
1.84020217e-05
1.79673437e-05
1.75218324e-05
1.70640793e-05
1.65936140e-05
1.61099561e-05
1.56126174e-05
1.51011051e-05
1.45763855e-05
1.40380711e-05
1.34844840e-05
1.29153549e-05
1.23340317e-05
1.17366622e-05
1.11259257e-05
1.05010145e-05
9.86403552e-06
9.21420532e-06
8.55444046e-06
7.88640451e-06
7.21172422e-06
6.53334486e-06
5.85547600e-06
5.18194352e-06
4.51799281e-06
3.86991670e-06
3.24506637e-06
2.65183514e-06
2.09963492e-06
1.59860645e-06
1.15907705e-06
7.90385400e-07
4.99378387e-07
2.87875108e-07
1.50461682e-07
7.33228769e-08
3.67983172e-08
2.17165613e-08
1.53839867e-08
1.22059941e-08
