1.49775255e-24
2.00200859e-24
2.64778683e-24
3.47528586e-24
4.53475478e-24
5.89145838e-24
7.62141302e-24
9.83390822e-24
1.26624905e-23
1.62793740e-23
2.08919762e-23
2.67952287e-23
3.43594982e-23
4.40085427e-23
5.63772810e-23
7.21994725e-23
9.24348124e-23
1.18387274e-22
1.51519966e-22
1.94032400e-22
2.48365092e-22
3.17961003e-22
4.07086430e-22
5.21059197e-22
6.67328813e-22
8.54011121e-22
1.09352213e-21
1.39970993e-21
1.79187364e-21
2.29429762e-21
2.93663867e-21
3.76088325e-21
4.81291278e-21
6.16238829e-21
7.88826533e-21
1.00984927e-20
1.29307572e-20
1.65502588e-20
2.11938243e-20
2.71237287e-20
3.47289796e-20
4.44585012e-20
5.69137324e-20
7.28757525e-20
9.32690658e-20
1.19432878e-19
1.52864014e-19
1.95726101e-19
2.50566383e-19
3.20744526e-19
4.10709275e-19
5.25639894e-19
6.73137614e-19
8.61547435e-19
1.10305471e-18
1.41210634e-18
1.80754706e-18
2.31468716e-18
2.96242556e-18
3.79357850e-18
4.85537933e-18
6.21611704e-18
7.95813579e-18
1.01868379e-17
1.30456904e-17
1.66955956e-17
2.13784796e-17
2.73629646e-17
3.50317813e-17
4.48527780e-17
5.74130028e-17
7.35260493e-17
9.40916873e-17
1.20480173e-16
1.54215465e-16
1.97433995e-16
2.52784520e-16
3.23547581e-16
4.14352319e-16
5.30245460e-16
6.78966745e-16
8.69133821e-16
1.11266132e-15
1.42461117e-15
1.82334490e-15
2.33496038e-15
2.98793325e-15
3.82462839e-15
4.89243063e-15
6.25365862e-15
7.98632763e-15
1.01740165e-14
1.29296962e-14
1.63746506e-14
2.06486881e-14
2.59172979e-14
3.23681932e-14
4.02282609e-14
4.97633584e-14
6.13037303e-14
