3.99143043e-05
3.79430344e-05
3.62260768e-05
3.47183757e-05
3.33847214e-05
3.21974274e-05
3.11332964e-05
3.01734321e-05
2.93018457e-05
2.85051766e-05
2.77715052e-05
2.70913478e-05
2.64569812e-05
2.58613529e-05
2.52996188e-05
2.47662982e-05
2.42573459e-05
2.37708417e-05
2.33026542e-05
2.28508010e-05
2.24129292e-05
2.19883294e-05
2.15742250e-05
2.11706557e-05
2.07752120e-05
2.03872899e-05
2.00062115e-05
1.96312439e-05
1.92616180e-05
1.88965468e-05
1.85352426e-05
1.81769328e-05
1.78233742e-05
1.74717178e-05
1.71215905e-05
1.67750935e-05
1.64287446e-05
1.60851400e-05
1.57415524e-05
1.53999714e-05
1.50579043e-05
1.47178337e-05
1.43765216e-05
1.40371862e-05
1.36968141e-05
1.33567644e-05
1.30169174e-05
1.26756702e-05
1.23359677e-05
1.19948700e-05
1.16534557e-05
1.13123009e-05
1.09697345e-05
1.06279157e-05
1.02852432e-05
9.94200998e-06
9.59929748e-06
9.25544092e-06
8.91263772e-06
8.56913881e-06
8.22630686e-06
7.88358643e-06
7.54164323e-06
7.20030777e-06
6.86030103e-06
6.52118920e-06
6.18431286e-06
5.84907144e-06
5.51620779e-06
5.18638824e-06
4.85972937e-06
4.53684409e-06
4.21834612e-06
3.90486562e-06
3.59706790e-06
3.29567459e-06
3.00148554e-06
2.71539939e-06
2.43829308e-06
2.17121914e-06
1.91516459e-06
1.67133659e-06
1.44087692e-06
1.22505095e-06
1.02490533e-06
8.41812195e-07
6.76875618e-07
5.30964507e-07
4.04890405e-07
2.98997500e-07
2.13145452e-07
1.46503936e-07
9.74521579e-08
6.35684505e-08
4.17528970e-08
2.86055651e-08
2.09839632e-08
1.64927460e-08
1.36586030e-08
1.17241816e-08
