6.77538521e-14
6.06145366e-14
5.37498918e-14
4.71743082e-14
4.09116745e-14
3.50121776e-14
2.95665039e-14
2.46101277e-14
2.02004891e-14
1.63734256e-14
1.31237873e-14
1.04234116e-14
8.22736927e-15
6.46327528e-15
5.06388604e-15
3.96116700e-15
3.09570274e-15
2.41903641e-15
1.88949483e-15
1.47627070e-15
1.15312915e-15
9.00775090e-16
7.03664784e-16
5.49620743e-16
4.29421146e-16
3.35411887e-16
2.62053207e-16
2.04694533e-16
1.59899783e-16
1.24914350e-16
9.74869592e-17
7.62255642e-17
5.95335094e-17
4.65089790e-17
3.63285397e-17
2.83784022e-17
2.21696736e-17
1.73044788e-17
1.35280933e-17
1.05660385e-17
8.25477492e-18
6.44826676e-18
5.03712562e-18
3.93504988e-18
3.07192416e-18
2.40119044e-18
1.87552424e-18
1.46527366e-18
1.14459650e-18
8.94065285e-19
6.98442407e-19
5.45327224e-19
4.26199847e-19
3.32894506e-19
2.60061989e-19
2.03140686e-19
1.58674397e-19
1.23961872e-19
9.68054628e-20
7.56463599e-20
5.90851913e-20
4.61572464e-20
3.60557108e-20
2.81638391e-20
2.20028932e-20
1.71843642e-20
1.34259549e-20
1.04866126e-20
8.19223721e-21
6.39967115e-21
4.99890062e-21
3.90535156e-21
3.05008882e-21
2.38300301e-21
1.86137030e-21
1.45411537e-21
1.13591134e-21
8.87215816e-22
6.93100329e-22
5.41295176e-22
4.22866154e-22
3.30240955e-22
2.57881522e-22
2.01325998e-22
1.56979620e-22
1.22537450e-22
9.54838236e-23
7.43201004e-23
5.77448713e-23
4.47492489e-23
3.45623274e-23
2.65722959e-23
2.02997192e-23
1.53767947e-23
1.15185534e-23
8.50181129e-24
6.15471915e-24
4.34023609e-24
2.95289611e-24
1.90429263e-24
