4.00629646e-05
3.79553465e-05
3.58525399e-05
3.37585610e-05
3.16770737e-05
2.96190912e-05
2.76084025e-05
2.56543070e-05
2.37756047e-05
2.19900896e-05
2.03058811e-05
1.87285350e-05
1.72636909e-05
1.59052510e-05
1.46509744e-05
1.34941578e-05
1.24276685e-05
1.14461599e-05
1.05410433e-05
9.70844642e-06
8.94096126e-06
8.23443533e-06
7.58385249e-06
6.98432909e-06
6.43270643e-06
5.92404092e-06
5.45612653e-06
5.02486951e-06
4.62780101e-06
4.26214562e-06
3.92449613e-06
3.61506260e-06
3.32919116e-06
3.06622717e-06
2.82388293e-06
2.60071350e-06
2.39521750e-06
2.20553720e-06
2.03160006e-06
1.87097755e-06
1.72319392e-06
1.58699558e-06
1.46156099e-06
1.34608362e-06
1.23953334e-06
1.14175349e-06
1.05148448e-06
9.68416754e-07
8.91871877e-07
8.21377658e-07
7.56487758e-07
6.96625296e-07
6.41647660e-07
5.90912524e-07
5.44226006e-07
5.01215206e-07
4.61601048e-07
4.25136262e-07
3.91503605e-07
3.60593965e-07
3.32084599e-07
3.05849049e-07
2.81679649e-07
2.59413795e-07
2.38919043e-07
2.20022158e-07
2.02647192e-07
1.86627925e-07
1.71883641e-07
1.58300522e-07
1.45785932e-07
1.34269092e-07
1.23650917e-07
1.13886500e-07
1.04883630e-07
9.65957840e-08
8.89617041e-08
8.19281956e-08
7.54561550e-08
6.94881286e-08
6.39977253e-08
5.89345226e-08
5.42710155e-08
4.99735412e-08
4.60029812e-08
4.23562412e-08
3.89810304e-08
3.58643201e-08
3.29818744e-08
3.03108935e-08
2.78332457e-08
2.55301299e-08
2.33834619e-08
2.13783823e-08
1.95017705e-08
1.77411379e-08
1.60862110e-08
1.45280994e-08
1.30595192e-08
1.16676541e-08
