6.29436516e-03
6.11282284e-03
5.94818483e-03
5.79831400e-03
5.66139730e-03
5.53591158e-03
5.42044432e-03
5.31376753e-03
5.21475855e-03
5.12242200e-03
5.03579311e-03
4.95408553e-03
4.87664172e-03
4.80282016e-03
4.73220101e-03
4.66424405e-03
4.59855506e-03
4.53499040e-03
4.47309824e-03
4.41268896e-03
4.35350983e-03
4.29551929e-03
4.23838447e-03
4.18215098e-03
4.12651806e-03
4.07142942e-03
4.01681476e-03
3.96259211e-03
3.90867033e-03
3.85495162e-03
3.80133405e-03
3.74771395e-03
3.69436701e-03
3.64087409e-03
3.58718313e-03
3.53362414e-03
3.47966410e-03
3.42571101e-03
3.37133975e-03
3.31686688e-03
3.26189548e-03
3.20682498e-03
3.15112983e-03
3.09533381e-03
3.03894013e-03
2.98216929e-03
2.92499870e-03
2.86715238e-03
2.80912540e-03
2.75041100e-03
2.69118611e-03
2.63154464e-03
2.57118553e-03
2.51048068e-03
2.44913749e-03
2.38719653e-03
2.32484310e-03
2.26176208e-03
2.19834437e-03
2.13425387e-03
2.06972997e-03
2.00465354e-03
1.93913488e-03
1.87312465e-03
1.80674465e-03
1.73989082e-03
1.67280788e-03
1.60535579e-03
1.53766049e-03
1.46983463e-03
1.40187762e-03
1.33389009e-03
1.26597348e-03
1.19823308e-03
1.13078213e-03
1.06374659e-03
9.97270697e-04
9.31522712e-04
8.66668141e-04
8.02916583e-04
7.40466559e-04
6.79576235e-04
6.20497099e-04
5.63524585e-04
5.08912071e-04
4.57023355e-04
4.08182920e-04
3.62688271e-04
3.20879601e-04
2.83032810e-04
2.49370998e-04
2.20010616e-04
1.94928834e-04
1.73940764e-04
1.56678846e-04
1.42620295e-04
1.31170654e-04
1.21757548e-04
1.13909481e-04
1.07273703e-04
