3.97915416e-05
3.74519487e-05
3.51636883e-05
3.29235893e-05
3.07426241e-05
2.86249124e-05
2.65865411e-05
2.46360848e-05
2.27847202e-05
2.10420448e-05
1.94114778e-05
1.78934456e-05
1.64877166e-05
1.51878220e-05
1.39888304e-05
1.28837988e-05
1.18655553e-05
1.09281279e-05
1.00641898e-05
9.26896760e-06
8.53631421e-06
7.86172291e-06
7.24052777e-06
6.66742553e-06
6.14138523e-06
5.65587923e-06
5.20900554e-06
4.79732056e-06
4.41820291e-06
4.06905904e-06
3.74699804e-06
3.45126090e-06
3.17842503e-06
2.92729967e-06
2.69594736e-06
2.48287280e-06
2.28666073e-06
2.10573555e-06
1.93951370e-06
1.78620771e-06
1.64507574e-06
1.51505344e-06
1.39530295e-06
1.28504715e-06
1.18340991e-06
1.08997245e-06
1.00381297e-06
9.24489491e-07
8.51419945e-07
7.84125633e-07
7.22169149e-07
6.65062654e-07
6.12531462e-07
5.64108518e-07
5.19530936e-07
4.78473451e-07
4.40657674e-07
4.05839705e-07
3.73752462e-07
3.44223748e-07
3.17014475e-07
2.91964774e-07
2.68891948e-07
2.47637446e-07
2.28068938e-07
2.10037139e-07
1.93443940e-07
1.78154744e-07
1.64076899e-07
1.51109900e-07
1.39164714e-07
1.28168785e-07
1.18036676e-07
1.08711651e-07
1.00118870e-07
9.22062420e-08
8.49189787e-08
7.82062386e-08
7.20271156e-08
6.63324806e-08
6.10900429e-08
5.62586647e-08
5.18083948e-08
4.77083617e-08
4.39247387e-08
4.04446019e-08
3.72292728e-08
3.42618372e-08
3.15202764e-08
2.89839599e-08
2.66350619e-08
2.44558011e-08
2.24302766e-08
2.05445546e-08
1.87860040e-08
1.71427864e-08
1.56053767e-08
1.41650582e-08
1.28133797e-08
1.15405413e-08
