4.02066373e-05
3.85313619e-05
3.71073666e-05
3.58859378e-05
3.48296988e-05
3.39093524e-05
3.31006927e-05
3.23841769e-05
3.17428798e-05
3.11631308e-05
3.06337556e-05
3.01457710e-05
2.96918387e-05
2.92661949e-05
2.88638660e-05
2.84812774e-05
2.81150230e-05
2.77626452e-05
2.74216574e-05
2.70906889e-05
2.67681239e-05
2.64521683e-05
2.61418136e-05
2.58367190e-05
2.55352822e-05
2.52363370e-05
2.49406913e-05
2.46468405e-05
2.43540710e-05
2.40619773e-05
2.37701361e-05
2.34781115e-05
2.31854596e-05
2.28917330e-05
2.25964847e-05
2.23008236e-05
2.20030385e-05
2.17026708e-05
2.13992883e-05
2.10936042e-05
2.07856105e-05
2.04735746e-05
2.01571151e-05
1.98389886e-05
1.95158648e-05
1.91874046e-05
1.88564779e-05
1.85199699e-05
1.81773253e-05
1.78319402e-05
1.74799694e-05
1.71216636e-05
1.67596134e-05
1.63903927e-05
1.60146354e-05
1.56342921e-05
1.52463945e-05
1.48513630e-05
1.44515161e-05
1.40439394e-05
1.36287163e-05
1.32077913e-05
1.27800302e-05
1.23447781e-05
1.19022612e-05
1.14530799e-05
1.09981750e-05
1.05365449e-05
1.00685744e-05
9.59469552e-06
9.11539217e-06
8.63120809e-06
8.14275897e-06
7.65075009e-06
7.15613967e-06
6.66085527e-06
6.16498183e-06
5.67027219e-06
5.17894209e-06
4.69251706e-06
4.21329306e-06
3.74398839e-06
3.28745128e-06
2.84682093e-06
2.42570034e-06
2.02794274e-06
1.65765787e-06
1.31909061e-06
1.01643345e-06
7.53487267e-07
5.33248531e-07
3.57311030e-07
2.25090364e-07
1.33263188e-07
7.54594630e-08
4.29761692e-08
2.65466746e-08
1.85735349e-08
1.44175197e-08
1.19489410e-08
