1.63725543e-09
1.49786709e-09
1.36188362e-09
1.22960625e-09
1.10144450e-09
9.78317562e-10
8.61968457e-10
7.53116897e-10
6.53003086e-10
5.62590221e-10
4.82110993e-10
4.11454759e-10
3.50292274e-10
2.97655714e-10
2.52696730e-10
2.14416771e-10
1.81879457e-10
1.54290307e-10
1.30856585e-10
1.11002559e-10
9.41455882e-11
7.98531921e-11
6.77329120e-11
5.74476370e-11
4.87324385e-11
4.13306908e-11
3.50594536e-11
2.97359942e-11
2.52221479e-11
2.13941129e-11
1.81367314e-11
1.53912511e-11
1.30530686e-11
1.10722682e-11
9.39118307e-12
7.96556670e-12
6.75655845e-12
5.72824776e-12
4.86076056e-12
4.12251072e-12
3.49700564e-12
2.96610078e-12
2.51577024e-12
2.13391672e-12
1.80931655e-12
1.53522653e-12
1.30208488e-12
1.10449629e-12
9.36795690e-13
7.94548484e-13
6.73959547e-13
5.71491675e-13
4.84874889e-13
4.11230573e-13
3.48813731e-13
2.95853273e-13
2.50933372e-13
2.12855566e-13
1.80508508e-13
1.53134706e-13
1.29876294e-13
1.10164485e-13
9.34412060e-14
7.92535703e-14
6.72261578e-14
5.70121390e-14
4.83625232e-14
4.10182183e-14
3.47932740e-14
2.95119183e-14
2.50303747e-14
2.12317207e-14
1.80062141e-14
1.52746446e-14
1.29552778e-14
1.09888652e-14
9.32056669e-15
7.90491259e-15
6.70524448e-15
5.68653405e-15
4.82348349e-15
4.09046641e-15
3.46865033e-15
2.94093661e-15
2.49175519e-15
2.11238397e-15
1.78886426e-15
1.51383210e-15
1.27969685e-15
1.08006031e-15
9.09733068e-16
7.64167861e-16
6.39490073e-16
5.32558658e-16
4.40771255e-16
3.61916960e-16
2.94198432e-16
2.36094535e-16
1.86390604e-16
1.43845368e-16
