1.06098864e-11
9.84889238e-12
9.23860044e-12
8.73982631e-12
8.32570790e-12
7.97715789e-12
7.67990364e-12
7.42326436e-12
7.19874657e-12
6.99985308e-12
6.82152516e-12
6.65984450e-12
6.51171947e-12
6.37477170e-12
6.24702116e-12
6.12703747e-12
6.01351964e-12
5.90552085e-12
5.80213066e-12
5.70281225e-12
5.60697962e-12
5.51401859e-12
5.42356663e-12
5.33546688e-12
5.24920879e-12
5.16442321e-12
5.08130617e-12
4.99940504e-12
4.91850007e-12
4.83846271e-12
4.75916365e-12
4.68047422e-12
4.60226765e-12
4.52442020e-12
4.44681216e-12
4.36973148e-12
4.29273041e-12
4.21569549e-12
4.13852361e-12
4.06140282e-12
3.98433537e-12
3.90689710e-12
3.82900900e-12
3.75135766e-12
3.67313982e-12
3.59429384e-12
3.51552129e-12
3.43609377e-12
3.35590410e-12
3.27576217e-12
3.19479198e-12
3.11307805e-12
3.03122927e-12
2.94849167e-12
2.86503600e-12
2.78131649e-12
2.69670381e-12
2.61132138e-12
2.52569403e-12
2.43922340e-12
2.35196173e-12
2.26434668e-12
2.17616937e-12
2.08732816e-12
1.99790498e-12
1.90805557e-12
1.81799935e-12
1.72757118e-12
1.63688363e-12
1.54605762e-12
1.45522317e-12
1.36452081e-12
1.27410368e-12
1.18414054e-12
1.09484476e-12
1.00659891e-12
9.19452976e-13
8.33751729e-13
7.49910758e-13
6.68218843e-13
5.89087440e-13
5.12984683e-13
4.40383334e-13
3.71783471e-13
3.07732866e-13
2.48785150e-13
1.95491418e-13
1.48370317e-13
1.07867015e-13
7.42908076e-14
4.77451193e-14
2.80406619e-14
1.46068557e-14
6.46362144e-15
2.27673368e-15
5.76804270e-16
8.91221064e-17
6.42568158e-18
1.92251768e-19
2.18329182e-20
