1.25934482e-13
1.21195009e-13
1.16468324e-13
1.11730144e-13
1.06985559e-13
1.02224174e-13
9.74582156e-14
9.26957769e-14
8.79566350e-14
8.32617720e-14
7.86226320e-14
7.40626278e-14
6.96120273e-14
6.52848308e-14
6.10899602e-14
5.70828196e-14
5.32455689e-14
4.95951377e-14
4.61289154e-14
4.28923176e-14
3.98453985e-14
3.69933261e-14
3.43303877e-14
3.18489342e-14
2.95432017e-14
2.74030699e-14
2.54150881e-14
2.35694117e-14
2.18564148e-14
2.02669926e-14
1.87962194e-14
1.74313499e-14
1.61648192e-14
1.49896161e-14
1.38938722e-14
1.28892658e-14
1.19533687e-14
1.10850298e-14
1.02793870e-14
9.53191355e-15
8.83862011e-15
8.19698725e-15
7.60160230e-15
7.04917206e-15
6.53664027e-15
6.05928727e-15
5.62088277e-15
5.21280207e-15
4.83416750e-15
4.48285024e-15
4.15688059e-15
3.85460609e-15
3.57478514e-15
3.31514432e-15
3.07424572e-15
2.85074810e-15
2.64278477e-15
2.45143099e-15
2.27343582e-15
2.10826833e-15
1.95500862e-15
1.81280617e-15
1.68097778e-15
1.55891527e-15
1.44565657e-15
1.34056730e-15
1.24305550e-15
1.15242213e-15
1.06880384e-15
9.91084344e-16
9.18942055e-16
8.51974715e-16
7.89807791e-16
7.32182400e-16
6.78737209e-16
6.29087922e-16
5.82950874e-16
5.39866883e-16
5.00256614e-16
4.63259015e-16
4.28814239e-16
3.96728465e-16
3.66877772e-16
3.39071330e-16
3.13104946e-16
2.88874191e-16
2.66248202e-16
2.45062006e-16
2.25264003e-16
2.06702048e-16
1.89266320e-16
1.72998341e-16
1.57691570e-16
1.43318899e-16
1.29827537e-16
1.17158172e-16
1.05265681e-16
9.41041183e-17
8.35987122e-17
7.36446860e-17
