1.26190541e-13
1.22244123e-13
1.18798800e-13
1.15772152e-13
1.13096796e-13
1.10715684e-13
1.08579940e-13
1.06647787e-13
1.04884585e-13
1.03260630e-13
1.01752184e-13
1.00339561e-13
9.90077953e-14
9.77423406e-14
9.65336470e-14
9.53717877e-14
9.42505176e-14
9.31625470e-14
9.21037065e-14
9.10678527e-14
9.00529642e-14
8.90542879e-14
8.80689290e-14
8.70960733e-14
8.61307040e-14
8.51731020e-14
8.42192828e-14
8.32689117e-14
8.23209605e-14
8.13729442e-14
8.04236680e-14
7.94718922e-14
7.85163459e-14
7.75573114e-14
7.65928886e-14
7.56213656e-14
7.46414320e-14
7.36547951e-14
7.26586316e-14
7.16507115e-14
7.06348684e-14
6.96053728e-14
6.85645008e-14
6.75101802e-14
6.64418491e-14
6.53595480e-14
6.42612835e-14
6.31479941e-14
6.20173084e-14
6.08702204e-14
5.97046425e-14
5.85211899e-14
5.73182969e-14
5.60962017e-14
5.48536515e-14
5.35909645e-14
5.23065341e-14
5.10016733e-14
4.96733055e-14
4.83250956e-14
4.69521307e-14
4.55586810e-14
4.41418367e-14
4.27009760e-14
4.12401243e-14
3.97562425e-14
3.82499444e-14
3.67222178e-14
3.51746613e-14
3.36081787e-14
3.20233349e-14
3.04217176e-14
2.88056682e-14
2.71777022e-14
2.55395411e-14
2.38939101e-14
2.22466390e-14
2.05996712e-14
1.89587326e-14
1.73298055e-14
1.57189480e-14
1.41333171e-14
1.25809110e-14
1.10711595e-14
9.61418922e-15
8.22115887e-15
6.90418715e-15
5.67626072e-15
4.55059785e-15
3.54058124e-15
2.65832399e-15
1.91369609e-15
1.31236322e-15
8.53647736e-16
5.28373641e-16
3.17678786e-16
1.94568437e-16
1.28938116e-16
9.48973515e-17
7.58936471e-17
