2.57082000e-07
2.43898004e-07
2.33528758e-07
2.25236442e-07
2.18511222e-07
2.12978817e-07
2.08356865e-07
2.04422366e-07
2.01008864e-07
1.97992103e-07
1.95278642e-07
1.92801777e-07
1.90505905e-07
1.88360466e-07
1.86329607e-07
1.84396381e-07
1.82534637e-07
1.80733926e-07
1.78984768e-07
1.77276898e-07
1.75599669e-07
1.73942395e-07
1.72315401e-07
1.70692162e-07
1.69090632e-07
1.67489666e-07
1.65888845e-07
1.64297750e-07
1.62701871e-07
1.61099857e-07
1.59490336e-07
1.57871916e-07
1.56243194e-07
1.54606664e-07
1.52956168e-07
1.51290146e-07
1.49607220e-07
1.47906013e-07
1.46185148e-07
1.44443251e-07
1.42678945e-07
1.40890851e-07
1.39077589e-07
1.37241361e-07
1.35378095e-07
1.33485954e-07
1.31563473e-07
1.29609176e-07
1.27621572e-07
1.25599151e-07
1.23540389e-07
1.21443740e-07
1.19307638e-07
1.17130494e-07
1.14910696e-07
1.12646608e-07
1.10336571e-07
1.07979998e-07
1.05577305e-07
1.03122926e-07
1.00614990e-07
9.80516012e-08
9.54308385e-08
9.27507652e-08
9.00094321e-08
8.72048867e-08
8.43351843e-08
8.13984605e-08
7.84010430e-08
7.53349924e-08
7.21987548e-08
6.89909204e-08
6.57102946e-08
6.23559988e-08
5.89495645e-08
5.54731116e-08
5.19272755e-08
4.83435232e-08
4.46977052e-08
4.10296041e-08
3.73310806e-08
3.36237779e-08
2.99309223e-08
2.62772643e-08
2.26903951e-08
1.92048056e-08
1.58657904e-08
1.27206076e-08
9.82288779e-09
7.22981506e-09
4.99961680e-09
3.18249517e-09
1.81025322e-09
8.80704278e-10
3.43344607e-10
9.74998781e-11
1.78606239e-11
2.13350003e-12
3.91660243e-13
1.89933464e-13
