6.59193778e-14
5.72661074e-14
4.91932777e-14
4.17084496e-14
3.48387341e-14
2.86402137e-14
2.31777588e-14
1.84604267e-14
1.44980884e-14
1.12555450e-14
8.66318554e-15
6.62926988e-15
5.05503070e-15
3.84726907e-15
2.92544288e-15
2.22373047e-15
1.69015611e-15
1.28454653e-15
9.76235394e-16
7.41917626e-16
5.63862357e-16
4.28557606e-16
3.25721180e-16
2.47552583e-16
1.88138651e-16
1.42985859e-16
1.08671471e-16
8.25906608e-17
6.27665110e-17
4.76997594e-17
3.62506450e-17
2.75506926e-17
2.09387885e-17
1.59132043e-17
1.20935980e-17
9.19099667e-18
6.98529161e-18
5.30893128e-18
4.03473816e-18
3.06606026e-18
2.32957045e-18
1.77004857e-18
1.34616411e-18
1.02309170e-18
7.77531896e-19
5.90917208e-19
4.49105243e-19
3.41327078e-19
2.59405671e-19
1.97141401e-19
1.49825038e-19
1.13869743e-19
8.65440417e-20
6.57738192e-20
4.99868623e-20
3.79893737e-20
2.88723187e-20
2.19434068e-20
1.66768228e-20
1.26739108e-20
9.63194568e-21
7.32039820e-21
5.56368086e-21
4.22841988e-21
3.21351301e-21
2.44221530e-21
1.85610092e-21
1.41066777e-21
1.07210456e-21
8.14775408e-22
6.19218694e-22
4.70617363e-22
3.57684286e-22
2.71843697e-22
2.06543204e-22
1.56925676e-22
1.19329428e-22
9.06903740e-23
6.89223622e-23
5.23772110e-23
3.98037247e-23
3.02492907e-23
2.29879999e-23
1.74680675e-23
1.32711728e-23
1.00799863e-23
7.65308666e-24
5.80658451e-24
4.40072947e-24
3.32962219e-24
2.51301765e-24
1.88971604e-24
1.41429139e-24
1.05076363e-24
7.73029693e-25
5.61179015e-25
4.00092771e-25
2.78290341e-25
1.87038500e-25
1.19476275e-25
