1.48898749e-21
2.24622657e-21
3.99744706e-21
9.37151446e-21
2.66377890e-20
7.35090901e-20
1.77593835e-19
3.73867153e-19
7.01468747e-19
1.20375785e-18
1.92775012e-18
2.92661315e-18
4.25719984e-18
5.98986526e-18
8.20256715e-18
1.09840355e-17
1.44449978e-17
1.87038340e-17
2.39122295e-17
3.02378066e-17
3.78843161e-17
4.70832812e-17
5.80612361e-17
7.12261860e-17
8.68114263e-17
1.05403784e-16
1.27330186e-16
1.53262253e-16
1.83925532e-16
2.20047324e-16
2.62370023e-16
3.12119947e-16
3.70516285e-16
4.38972312e-16
5.19126139e-16
6.12876299e-16
7.22422926e-16
8.50315402e-16
9.99507447e-16
1.17342083e-15
1.37601896e-15
1.61189203e-15
1.88635521e-15
2.20556213e-15
2.57663593e-15
3.00782034e-15
3.50865411e-15
4.09017210e-15
4.76513720e-15
5.54830761e-15
6.45674492e-15
7.51016912e-15
8.73136777e-15
1.01466675e-14
1.17864776e-14
1.36859170e-14
1.58855374e-14
1.84321598e-14
2.13798402e-14
2.47909895e-14
2.87376733e-14
3.33031236e-14
3.85835028e-14
4.46899698e-14
5.17511067e-14
5.99157847e-14
6.93565611e-14
8.02737270e-14
9.29001540e-14
1.07507124e-13
1.24349152e-13
1.43801107e-13
1.66308976e-13
1.92372068e-13
2.22404653e-13
2.57142987e-13
2.97352274e-13
3.43731697e-13
3.97419980e-13
4.59540507e-13
5.31244972e-13
6.14245670e-13
7.10313978e-13
8.21570548e-13
9.50255540e-13
1.09952987e-12
1.27255317e-12
1.47331373e-12
1.70667428e-12
1.97818981e-12
2.29474447e-12
2.66465494e-12
3.09820237e-12
3.60838430e-12
4.21152424e-12
4.92873470e-12
5.78750253e-12
6.82381202e-12
8.08600044e-12
9.64051584e-12
