3.07982489e-13
3.66459663e-13
4.43261480e-13
5.47905187e-13
6.96180999e-13
9.11848022e-13
1.22586920e-12
1.67355501e-12
2.29188867e-12
3.11725240e-12
4.18765105e-12
5.53683744e-12
7.20505166e-12
9.23197035e-12
1.16577398e-11
1.45280229e-11
1.78968484e-11
2.18180464e-11
2.63465639e-11
3.15513442e-11
3.75213283e-11
4.43108668e-11
5.20563537e-11
6.07868322e-11
7.06687670e-11
8.18190067e-11
9.43678443e-11
1.08461445e-10
1.24264531e-10
1.41963333e-10
1.61768797e-10
1.83920097e-10
2.08688436e-10
2.36175298e-10
2.66819488e-10
3.01025684e-10
3.39136198e-10
3.81264929e-10
4.28260140e-10
4.80530270e-10
5.38236405e-10
6.02600130e-10
6.73739817e-10
7.52606403e-10
8.40355515e-10
9.36877049e-10
1.04447460e-09
1.16289195e-09
1.29437206e-09
1.43975666e-09
1.60027201e-09
1.77856171e-09
1.97436014e-09
2.19222407e-09
2.43148442e-09
2.69681303e-09
2.98976479e-09
3.31267402e-09
3.67118603e-09
4.06414414e-09
4.49979638e-09
4.98110682e-09
5.51037935e-09
6.09648469e-09
6.74353679e-09
7.45514609e-09
8.24202606e-09
9.11157199e-09
1.00702835e-08
1.11261958e-08
1.22922032e-08
1.35793581e-08
1.49999503e-08
1.65677101e-08
1.82980430e-08
2.02082954e-08
2.23180408e-08
2.46459891e-08
2.72155154e-08
3.00579742e-08
3.31935956e-08
3.66621815e-08
4.04977100e-08
4.47405636e-08
4.94375553e-08
5.46404725e-08
6.04088229e-08
6.68105267e-08
7.39240189e-08
8.18390561e-08
9.06645729e-08
1.00521871e-07
1.11564474e-07
1.23969002e-07
1.37950731e-07
1.53766912e-07
1.71731784e-07
1.92224617e-07
2.15715250e-07
2.42791929e-07
