1.02575685e-25
1.73903899e-25
3.91390856e-25
1.29744926e-24
4.66187763e-24
1.40906408e-23
3.48361378e-23
7.33652303e-23
1.37118103e-22
2.34799309e-22
3.76636955e-22
5.75233704e-22
8.45466444e-22
1.20611634e-21
1.67992637e-21
2.29595689e-21
3.08594132e-21
4.09672210e-21
5.37446593e-21
6.98776564e-21
9.01369746e-21
1.15469216e-20
1.47041268e-20
1.86296138e-20
2.35023002e-20
2.95321520e-20
3.69506845e-20
4.61167480e-20
5.74169829e-20
7.12403708e-20
8.82900252e-20
1.09095922e-19
1.34661214e-19
1.65857570e-19
2.04079686e-19
2.50636234e-19
3.07651258e-19
3.76866967e-19
4.61756571e-19
5.64348551e-19
6.89912080e-19
8.42239604e-19
1.02754121e-18
1.25345550e-18
1.52641453e-18
1.85952488e-18
2.26260015e-18
2.75183666e-18
3.34778151e-18
4.06554215e-18
4.93959177e-18
5.99786585e-18
7.27752922e-18
8.83521663e-18
1.07098732e-17
1.29866802e-17
1.57448216e-17
1.90712632e-17
2.31169563e-17
2.79823655e-17
3.38872535e-17
4.10224610e-17
4.96395615e-17
6.00884508e-17
7.26627121e-17
8.79407868e-17
1.06291081e-16
1.28595600e-16
1.55384608e-16
1.87900122e-16
2.27039179e-16
2.74387350e-16
3.31653576e-16
4.00568780e-16
4.83991283e-16
5.84894681e-16
7.06324906e-16
8.53045213e-16
1.03030525e-15
1.24440593e-15
1.50301380e-15
1.81551985e-15
2.19300208e-15
2.64841734e-15
3.19967630e-15
3.86571611e-15
4.67109005e-15
5.64477001e-15
6.82452250e-15
8.25321737e-15
9.98652854e-15
1.20919217e-14
1.46541644e-14
1.77811259e-14
2.16107918e-14
2.63239638e-14
3.21591243e-14
3.94371980e-14
4.85958930e-14
6.02476289e-14
