6.77655409e-14
6.21084460e-14
5.77117037e-14
5.42094859e-14
5.13641812e-14
4.90133422e-14
4.70408402e-14
4.53609486e-14
4.39088561e-14
4.26359206e-14
4.15032664e-14
4.04851803e-14
3.95571588e-14
3.87028776e-14
3.79098821e-14
3.71674339e-14
3.64668685e-14
3.58016043e-14
3.51669974e-14
3.45580542e-14
3.39696280e-14
3.34023115e-14
3.28489110e-14
3.23113158e-14
3.17857410e-14
3.12701582e-14
3.07634837e-14
3.02646175e-14
2.97724585e-14
2.92859171e-14
2.88039276e-14
2.83254574e-14
2.78506482e-14
2.73801259e-14
2.69107751e-14
2.64417077e-14
2.59748345e-14
2.55094552e-14
2.50423563e-14
2.45762219e-14
2.41101651e-14
2.36406963e-14
2.31734690e-14
2.27027459e-14
2.22302954e-14
2.17571426e-14
2.12787742e-14
2.08021378e-14
2.03194536e-14
1.98361136e-14
1.93485571e-14
1.88576002e-14
1.83645191e-14
1.78652945e-14
1.73661923e-14
1.68601983e-14
1.63526294e-14
1.58403214e-14
1.53231162e-14
1.48044819e-14
1.42796231e-14
1.37524459e-14
1.32218744e-14
1.26861216e-14
1.21486449e-14
1.16084249e-14
1.10644698e-14
1.05175970e-14
9.97082284e-15
9.42253953e-15
8.87336505e-15
8.32431467e-15
7.77645599e-15
7.23091848e-15
6.68890984e-15
6.15174081e-15
5.62085986e-15
5.09813177e-15
4.58649037e-15
4.08666412e-15
3.60243630e-15
3.13573782e-15
2.68996341e-15
2.26840243e-15
1.87443060e-15
1.51166490e-15
1.18372385e-15
8.94010659e-16
6.45486717e-16
4.40276967e-16
2.79049061e-16
1.60652693e-16
8.12722250e-17
3.44197377e-17
1.13332153e-17
2.57745494e-18
3.30736280e-19
1.63625131e-20
1.42012632e-22
3.02512052e-25
