2.51004699e-07
2.28872155e-07
2.07584651e-07
1.87183788e-07
1.67738317e-07
1.49397938e-07
1.32343541e-07
1.16643443e-07
1.02401686e-07
8.96414327e-08
7.83218288e-08
6.83529536e-08
5.96158351e-08
5.19805477e-08
4.53183653e-08
3.95087537e-08
3.44431966e-08
3.00265635e-08
2.61762313e-08
2.28200216e-08
1.98944496e-08
1.73438891e-08
1.51200878e-08
1.31813266e-08
1.14912567e-08
1.00179566e-08
8.73346836e-09
7.61353450e-09
6.63717457e-09
5.78609990e-09
5.04423394e-09
4.39747860e-09
3.83359303e-09
3.34199461e-09
2.91346975e-09
2.53992684e-09
2.21427055e-09
1.93033827e-09
1.68280200e-09
1.46699086e-09
1.27880545e-09
1.11475706e-09
9.72021761e-10
8.47381272e-10
7.38729155e-10
6.44016772e-10
5.61446331e-10
4.89454763e-10
4.26690696e-10
3.71978959e-10
3.24287885e-10
2.82711625e-10
2.46462160e-10
2.14858328e-10
1.87308338e-10
1.63293106e-10
1.42356898e-10
1.24103101e-10
1.08188796e-10
9.43160713e-11
8.22235855e-11
7.16817462e-11
6.24906140e-11
5.44773296e-11
4.74918560e-11
4.14026925e-11
3.60943349e-11
3.14661569e-11
2.74311325e-11
2.39137230e-11
2.08477087e-11
1.81748866e-11
1.58445167e-11
1.38127243e-11
1.20405680e-11
1.04958557e-11
9.15172990e-12
7.97821033e-12
6.95506718e-12
6.06315609e-12
5.28569817e-12
4.60792784e-12
4.01694563e-12
3.50157925e-12
3.05213483e-12
2.66011514e-12
2.31803249e-12
2.01932723e-12
1.75829898e-12
1.52998830e-12
1.33004278e-12
1.15458644e-12
1.00046015e-12
8.64625599e-13
7.44722322e-13
6.38685051e-13
5.44742298e-13
4.61446066e-13
3.87538936e-13
3.21825940e-13
