6.27327743e-03
6.07484586e-03
5.89666391e-03
5.73594741e-03
5.59037756e-03
5.45799638e-03
5.33713210e-03
5.22623193e-03
5.12401765e-03
5.02920928e-03
4.94082965e-03
4.85790911e-03
4.77965009e-03
4.70531912e-03
4.63448164e-03
4.56663120e-03
4.50117149e-03
4.43796665e-03
4.37656437e-03
4.31688322e-03
4.25841693e-03
4.20125789e-03
4.14500148e-03
4.08957773e-03
4.03489518e-03
3.98084428e-03
3.92730105e-03
3.87413076e-03
3.82119172e-03
3.76846722e-03
3.71608238e-03
3.66357411e-03
3.61125824e-03
3.55881336e-03
3.50635770e-03
3.45368217e-03
3.40098536e-03
3.34778961e-03
3.29473772e-03
3.24115923e-03
3.18722683e-03
3.13314401e-03
3.07849064e-03
3.02339673e-03
2.96808916e-03
2.91216466e-03
2.85560976e-03
2.79884802e-03
2.74147188e-03
2.68342246e-03
2.62484314e-03
2.56586545e-03
2.50617945e-03
2.44577708e-03
2.38499668e-03
2.32357775e-03
2.26142478e-03
2.19873106e-03
2.13553818e-03
2.07161387e-03
2.00715382e-03
1.94221479e-03
1.87657754e-03
1.81058509e-03
1.74402333e-03
1.67702122e-03
1.60964032e-03
1.54187556e-03
1.47383283e-03
1.40557585e-03
1.33710857e-03
1.26866657e-03
1.20022545e-03
1.13192335e-03
1.06390141e-03
9.96303928e-04
9.29284924e-04
8.63015709e-04
7.97693063e-04
7.33547214e-04
6.70797286e-04
6.09742629e-04
5.50616868e-04
4.93776301e-04
4.39516782e-04
3.88231950e-04
3.40244265e-04
2.95902743e-04
2.55579644e-04
2.19548944e-04
1.88022870e-04
1.61071758e-04
1.38629987e-04
1.20414792e-04
1.05945705e-04
9.45901275e-05
8.56660096e-05
7.85572492e-05
7.27845501e-05
6.80102881e-05
