2.10403420e-17
2.60584508e-17
3.20443133e-17
3.91830902e-17
4.76967171e-17
5.78635150e-17
7.00036205e-17
8.45075075e-17
1.01844710e-16
1.22596585e-16
1.47452422e-16
1.77245874e-16
2.12977000e-16
2.55842408e-16
3.07278949e-16
3.69017859e-16
4.43141372e-16
5.32142419e-16
6.39002435e-16
7.67301656e-16
9.21355802e-16
1.10635885e-15
1.32853142e-15
1.59531172e-15
1.91562797e-15
2.30024108e-15
2.76210673e-15
3.31675050e-15
3.98274391e-15
4.78238166e-15
5.74253837e-15
6.89557736e-15
8.28028449e-15
9.94304075e-15
1.19384852e-14
1.43360498e-14
1.72153186e-14
2.06721297e-14
2.48225904e-14
2.98058638e-14
3.57893173e-14
4.29745564e-14
5.16032899e-14
6.19645432e-14
7.44049516e-14
8.93421403e-14
1.07279248e-13
1.28819715e-13
1.54685225e-13
1.85741227e-13
2.23030347e-13
2.67808931e-13
3.21584084e-13
3.86158013e-13
4.63691034e-13
5.56784967e-13
6.68575280e-13
8.02824469e-13
9.64032400e-13
1.15759240e-12
1.38999938e-12
1.66908171e-12
2.00423568e-12
2.40669919e-12
2.88993759e-12
3.47016271e-12
4.16691656e-12
5.00366182e-12
6.00846318e-12
7.21439170e-12
8.66324743e-12
1.04031597e-11
1.24919470e-11
1.50001897e-11
1.80117852e-11
2.16276681e-11
2.59695194e-11
3.11835076e-11
3.74445170e-11
4.49620152e-11
5.39880798e-11
6.48266407e-11
7.78428386e-11
9.34734589e-11
1.12241310e-10
1.34774905e-10
1.61830705e-10
1.94313368e-10
2.33292291e-10
2.80014488e-10
3.35908196e-10
4.02563812e-10
4.81684977e-10
5.75024820e-10
6.84304885e-10
8.11254785e-10
9.57683176e-10
1.12545545e-09
1.31677403e-09
1.53422830e-09
