3.10432775e-13
3.64519768e-13
4.25775796e-13
4.95393325e-13
5.74491535e-13
6.64426693e-13
7.66770738e-13
8.83481216e-13
1.01650824e-12
1.16845926e-12
1.34219169e-12
1.54101449e-12
1.76871187e-12
2.02959415e-12
2.32859725e-12
2.67140373e-12
3.06454030e-12
3.51545429e-12
4.03263208e-12
4.62580537e-12
5.30619884e-12
6.08672837e-12
6.98214869e-12
8.00927609e-12
9.18738916e-12
1.05387269e-11
1.20889004e-11
1.38671981e-11
1.59070248e-11
1.82454725e-11
2.09297335e-11
2.40090013e-11
2.75404976e-11
3.15914375e-11
3.62378493e-11
4.15674168e-11
4.76811657e-11
5.46946871e-11
6.27397837e-11
7.19674700e-11
8.25519067e-11
9.46938089e-11
1.08622878e-10
1.24600954e-10
1.42927841e-10
1.63949164e-10
1.88063355e-10
2.15726634e-10
2.47459190e-10
2.83856556e-10
3.25605238e-10
3.73496815e-10
4.28437901e-10
4.91461968e-10
5.63751427e-10
6.46668727e-10
7.41785138e-10
8.50901154e-10
9.76069692e-10
1.11963916e-09
1.28431521e-09
1.47321890e-09
1.68992786e-09
1.93834712e-09
2.22354251e-09
2.55067637e-09
2.92588920e-09
3.35625263e-09
3.84993295e-09
4.41619296e-09
5.06569907e-09
5.81075828e-09
6.66548613e-09
7.64597630e-09
8.77061484e-09
1.00605603e-08
1.15402282e-08
1.32376430e-08
1.51847799e-08
1.74181804e-08
1.99798980e-08
2.29184663e-08
2.62895966e-08
3.01568266e-08
3.45926863e-08
3.96805115e-08
4.55162036e-08
5.22090382e-08
5.98813104e-08
6.86669998e-08
7.87088155e-08
9.01521333e-08
1.03135701e-07
1.17781737e-07
1.34180282e-07
1.52436816e-07
1.72596374e-07
1.94732436e-07
2.18933803e-07
2.45331072e-07
