4.53352929e-09
5.00590879e-09
5.51879559e-09
6.07703965e-09
6.68470277e-09
7.34673545e-09
8.06803778e-09
8.85572194e-09
9.71503379e-09
1.06541895e-08
1.16811453e-08
1.28047519e-08
1.40346802e-08
1.53814153e-08
1.68563726e-08
1.84720704e-08
2.02422368e-08
2.21818314e-08
2.43071080e-08
2.66358271e-08
2.91875427e-08
3.19837769e-08
3.50480428e-08
3.84059189e-08
4.20853643e-08
4.61171764e-08
5.05352887e-08
5.53768251e-08
6.06822102e-08
6.64943547e-08
7.28651841e-08
7.98463955e-08
8.74954723e-08
9.58774471e-08
1.05062121e-07
1.15126350e-07
1.26154838e-07
1.38240303e-07
1.51483704e-07
1.65995355e-07
1.81896700e-07
1.99321612e-07
2.18416676e-07
2.39341469e-07
2.62270227e-07
2.87394671e-07
3.14926191e-07
3.45096393e-07
3.78157515e-07
4.14384932e-07
4.54081606e-07
4.97581629e-07
5.45251152e-07
5.97488871e-07
6.54729779e-07
7.17452186e-07
7.86183612e-07
8.61502512e-07
9.44038993e-07
1.03448046e-06
1.13358264e-06
1.24217911e-06
1.36118427e-06
1.49155489e-06
1.63446928e-06
1.79107076e-06
1.96266072e-06
2.15067679e-06
2.35671014e-06
2.58247709e-06
2.82986329e-06
3.10094872e-06
3.39801622e-06
3.72355319e-06
4.08027021e-06
4.47114312e-06
4.89945442e-06
5.36880974e-06
5.88314127e-06
6.44673562e-06
7.06429870e-06
7.74102143e-06
8.48260606e-06
9.29526885e-06
1.01857792e-05
1.11615575e-05
1.22307702e-05
1.34023386e-05
1.46858453e-05
1.60913833e-05
1.76293442e-05
1.93100707e-05
2.11433643e-05
2.31379620e-05
2.53003804e-05
2.76390784e-05
3.01580735e-05
3.28634434e-05
3.57633955e-05
3.88684616e-05
