1.04047654e-11
9.28350228e-12
8.20406531e-12
7.16707170e-12
6.18010935e-12
5.25972075e-12
4.41407530e-12
3.65515939e-12
2.99071247e-12
2.42316414e-12
1.94896316e-12
1.55979417e-12
1.24455667e-12
9.91386685e-13
7.89095858e-13
6.27889457e-13
4.99567121e-13
3.97452317e-13
3.16199336e-13
2.51555477e-13
2.00133300e-13
1.59228063e-13
1.26683533e-13
1.00787841e-13
8.01838503e-14
6.37923565e-14
5.07523037e-14
4.03772655e-14
3.21220452e-14
2.55541934e-14
2.03296527e-14
1.61737718e-14
1.28675067e-14
1.02368688e-14
8.14391351e-15
6.47897340e-15
5.15455062e-15
4.10086775e-15
3.26248978e-15
2.59506513e-15
2.06408580e-15
1.64179212e-15
1.30711925e-15
1.03992596e-15
8.27330340e-16
6.58201480e-16
5.23659322e-16
4.16619458e-16
3.31450793e-16
2.63687850e-16
2.09781611e-16
1.66900758e-16
1.32786193e-16
1.05642098e-16
8.40447127e-17
6.68630404e-17
5.31951560e-17
4.23214118e-17
3.36695741e-17
2.67858480e-17
2.13097183e-17
1.69536626e-17
1.34882194e-17
1.07309041e-17
8.53702693e-18
6.79169519e-18
5.40331637e-18
4.29879640e-18
3.41998912e-18
2.72077811e-18
2.16453914e-18
1.72207256e-18
1.37007212e-18
1.08986648e-18
8.66855623e-19
6.89469874e-19
5.48881044e-19
4.36677978e-19
3.47401605e-19
2.76367900e-19
2.19856964e-19
1.74902838e-19
1.39136939e-19
1.10673454e-19
8.80164875e-20
6.99789219e-20
5.56150258e-20
4.41699003e-20
3.50426324e-20
2.77568312e-20
2.19350169e-20
1.72777071e-20
1.35484820e-20
1.05555267e-20
8.15275507e-21
6.22412998e-21
4.67774154e-21
3.44439243e-21
2.46504441e-21
1.69333464e-21
