1.62155773e-09
1.46729718e-09
1.31744630e-09
1.17207487e-09
1.03217541e-09
8.99968316e-10
7.76577725e-10
6.63702859e-10
5.62559444e-10
4.73734350e-10
3.97071851e-10
3.31802864e-10
2.76766622e-10
2.30643566e-10
1.92127174e-10
1.60019262e-10
1.33270540e-10
1.10989453e-10
9.24314089e-11
7.69768928e-11
6.41082224e-11
5.33918448e-11
4.44662967e-11
3.70319577e-11
3.08403736e-11
2.56843098e-11
2.13903476e-11
1.78138953e-11
1.48350424e-11
1.23543015e-11
1.02886383e-11
8.56851326e-12
7.13590702e-12
5.94270181e-12
4.94900388e-12
4.12154923e-12
3.43249429e-12
2.85860675e-12
2.38061468e-12
1.98233011e-12
1.65064403e-12
1.37447634e-12
1.14526204e-12
9.53784464e-13
7.94312853e-13
6.61514868e-13
5.50926847e-13
4.58821749e-13
3.82106142e-13
3.18215734e-13
2.65013658e-13
2.20710945e-13
1.83813357e-13
1.53080540e-13
1.27484754e-13
1.06170198e-13
8.84207084e-14
7.36380304e-14
6.13253713e-14
5.10710112e-14
4.25320919e-14
3.54216377e-14
2.94998232e-14
2.45674569e-14
2.04595180e-14
1.70386857e-14
1.41900765e-14
1.18176737e-14
9.84169824e-15
8.19603901e-15
6.82567615e-15
5.68456922e-15
4.73422451e-15
3.94232843e-15
3.28260781e-15
2.73329346e-15
2.27737528e-15
1.89661897e-15
1.57947714e-15
1.31534098e-15
1.09538309e-15
9.12214589e-16
7.59650810e-16
6.32545505e-16
5.26633251e-16
4.38366911e-16
3.64778560e-16
3.03383115e-16
2.52111295e-16
2.09247792e-16
1.73367852e-16
1.43285757e-16
1.18026198e-16
9.67523658e-17
7.88130665e-17
6.36670350e-17
5.08682929e-17
4.00772896e-17
3.09894459e-17
2.33492113e-17
