6.26315455e-03
6.03339406e-03
5.80471498e-03
5.57752797e-03
5.35220196e-03
5.12995216e-03
4.91228393e-03
4.69981831e-03
4.49382770e-03
4.29511899e-03
4.10415828e-03
3.92112630e-03
3.74598963e-03
3.57857015e-03
3.41859990e-03
3.26576718e-03
3.11975598e-03
2.98026809e-03
2.84702211e-03
2.71974200e-03
2.59815413e-03
2.48199654e-03
2.37102722e-03
2.26502036e-03
2.16375636e-03
2.06701860e-03
1.97460004e-03
1.88630950e-03
1.80196866e-03
1.72140364e-03
1.64444209e-03
1.57091832e-03
1.50067902e-03
1.43358153e-03
1.36948745e-03
1.30825983e-03
1.24976694e-03
1.19388677e-03
1.14050592e-03
1.08951047e-03
1.04078682e-03
9.94239761e-04
9.49823727e-04
9.07357712e-04
8.66792175e-04
8.28040822e-04
7.91020288e-04
7.55653166e-04
7.21867720e-04
6.89594702e-04
6.58765436e-04
6.29313360e-04
6.01176548e-04
5.74297722e-04
5.48621818e-04
5.24094359e-04
5.00662530e-04
4.78277148e-04
4.56892735e-04
4.36465590e-04
4.16952397e-04
3.98311008e-04
3.80502085e-04
3.63489303e-04
3.47237904e-04
3.31713536e-04
3.16882768e-04
3.02714360e-04
2.89179459e-04
2.76250458e-04
2.63900008e-04
2.52101380e-04
2.40829531e-04
2.30061374e-04
2.19772270e-04
2.09943404e-04
2.00563548e-04
1.91595965e-04
1.83029203e-04
1.74845833e-04
1.67028536e-04
1.59560219e-04
1.52424646e-04
1.45606651e-04
1.39091584e-04
1.32864654e-04
1.26910872e-04
1.21215439e-04
1.15763844e-04
1.10541412e-04
1.05532838e-04
1.00721657e-04
9.60953650e-05
9.16357297e-05
8.73298232e-05
8.31643801e-05
7.91267937e-05
7.52078882e-05
7.13948657e-05
6.76744523e-05
