2.08384611e-17
2.64121686e-17
3.44409851e-17
4.67635201e-17
6.68096314e-17
9.99904022e-17
1.53384991e-16
2.35093483e-16
3.53601516e-16
5.18167432e-16
7.38650084e-16
1.02623750e-15
1.39264732e-15
1.85275151e-15
2.42274773e-15
3.12095796e-15
3.97047888e-15
4.99546149e-15
6.22722234e-15
7.69984008e-15
9.45476359e-15
1.15386455e-14
1.39959487e-14
1.69103243e-14
2.03251492e-14
2.43598532e-14
2.90753214e-14
3.46051227e-14
4.10915271e-14
4.86746376e-14
5.74955864e-14
6.77935338e-14
7.98021477e-14
9.37912617e-14
1.10072476e-13
1.29005622e-13
1.51006226e-13
1.76554109e-13
2.06203324e-13
2.40593597e-13
2.80463526e-13
3.26665792e-13
3.80184677e-13
4.42156254e-13
5.13891621e-13
5.96903656e-13
6.92937800e-13
8.04007478e-13
9.32434830e-13
1.08089756e-12
1.25248279e-12
1.45074896e-12
1.67979705e-12
1.94435238e-12
2.24985872e-12
2.60258663e-12
3.00975810e-12
3.47969025e-12
4.02196112e-12
4.64760130e-12
5.36931579e-12
6.20174160e-12
7.16174766e-12
8.26878515e-12
9.54529839e-12
1.10172087e-11
1.27144869e-11
1.46718340e-11
1.69294942e-11
1.95342306e-11
2.25294503e-11
2.59795495e-11
2.99609462e-11
3.45587929e-11
3.98425532e-11
4.59375360e-11
5.29729213e-11
6.10651342e-11
7.04058264e-11
8.11819313e-11
9.35831569e-11
1.07893427e-10
1.24403093e-10
1.43458048e-10
1.65419048e-10
1.90796570e-10
2.20090768e-10
2.53929280e-10
2.93069011e-10
3.38357870e-10
3.90830333e-10
4.51707475e-10
5.22459832e-10
6.04892699e-10
7.01189856e-10
8.14069554e-10
9.46920077e-10
1.10395696e-09
1.29053191e-09
1.51352379e-09
