9.57136866e-26
1.39220337e-25
2.17658422e-25
3.78780788e-25
7.21792588e-25
1.39731951e-24
2.59268615e-24
4.52976705e-24
7.47303341e-24
1.17571171e-23
1.78074268e-23
2.61536295e-23
3.75031181e-23
5.27400919e-23
7.30257842e-23
9.97743618e-23
1.34869434e-22
1.80638281e-22
2.40295182e-22
3.17543423e-22
4.17578844e-22
5.46196799e-22
7.12037247e-22
9.25369014e-22
1.19831781e-21
1.54759914e-21
1.99442130e-21
2.56528737e-21
3.29380961e-21
4.22260925e-21
5.40572427e-21
6.91166073e-21
8.82726020e-21
1.12626014e-20
1.43572131e-20
1.82879488e-20
2.32789681e-20
2.96065810e-20
3.76149990e-20
4.77656256e-20
6.06290663e-20
7.69278104e-20
9.75766613e-20
1.23733920e-19
1.56866116e-19
1.98623009e-19
2.51451324e-19
3.18284178e-19
4.02831589e-19
5.09785930e-19
6.45081499e-19
8.15528167e-19
1.03072675e-18
1.30266455e-18
1.64629528e-18
2.08050644e-18
2.62914935e-18
3.32085242e-18
4.19233462e-18
5.29248435e-18
6.68122597e-18
8.43413175e-18
1.06464820e-17
1.34383701e-17
1.69611184e-17
2.14024367e-17
2.69952698e-17
3.40483726e-17
4.29427897e-17
5.41581888e-17
6.82994416e-17
8.61293503e-17
1.08611599e-16
1.36962896e-16
1.72713252e-16
2.17695681e-16
2.74363826e-16
3.45820479e-16
4.35998789e-16
5.49655727e-16
6.92604946e-16
8.73377119e-16
1.10037157e-15
1.38700496e-15
1.74843667e-15
2.20380198e-15
2.77767516e-15
3.50209855e-15
4.41476962e-15
5.56702808e-15
7.02012897e-15
8.85508565e-15
1.11739421e-14
1.41064047e-14
1.78207033e-14
2.25351621e-14
2.85363035e-14
3.62037448e-14
4.60460286e-14
5.87526418e-14
