1.63596711e-09
1.52216971e-09
1.43130955e-09
1.35736695e-09
1.29623965e-09
1.24500502e-09
1.20149592e-09
1.16406071e-09
1.13141579e-09
1.10257765e-09
1.07674215e-09
1.05337760e-09
1.03196158e-09
1.01214666e-09
9.93666315e-10
9.76287580e-10
9.59821068e-10
9.44122697e-10
9.29091530e-10
9.14616349e-10
9.00580379e-10
8.87002606e-10
8.73714817e-10
8.60765626e-10
8.48066851e-10
8.35571773e-10
8.23256053e-10
8.11094627e-10
7.99062070e-10
7.87132935e-10
7.75282047e-10
7.63484759e-10
7.51745212e-10
7.40079612e-10
7.28411195e-10
7.16717953e-10
7.05047704e-10
6.93383251e-10
6.81643957e-10
6.69897151e-10
6.58120525e-10
6.46225511e-10
6.34355179e-10
6.22363594e-10
6.10295213e-10
5.98175930e-10
5.85889476e-10
5.73613884e-10
5.61148296e-10
5.48631203e-10
5.35969829e-10
5.23184499e-10
5.10307798e-10
4.97233795e-10
4.84125867e-10
4.70798968e-10
4.57392105e-10
4.43820882e-10
4.30079894e-10
4.16260413e-10
4.02233597e-10
3.88102637e-10
3.73837775e-10
3.59389646e-10
3.44850309e-10
3.30191232e-10
3.15384216e-10
3.00450086e-10
2.85470179e-10
2.70399465e-10
2.55253667e-10
2.40059568e-10
2.24845583e-10
2.09642034e-10
1.94481622e-10
1.79400133e-10
1.64437454e-10
1.49645513e-10
1.35107082e-10
1.20842775e-10
1.06960775e-10
9.35171664e-11
8.06109311e-11
6.83392911e-11
5.68034041e-11
4.61132313e-11
3.63809916e-11
2.77152321e-11
2.02146107e-11
1.39565762e-11
8.97882332e-12
5.26806476e-12
2.73247598e-12
1.19807667e-12
4.15379928e-13
1.02863841e-13
1.55991807e-14
1.22435758e-15
8.80537279e-17
2.76591145e-17
