1.71553554e-21
3.96301531e-21
2.53475083e-20
2.55849252e-19
1.70987340e-18
7.43684706e-18
2.35546581e-17
5.93761733e-17
1.26629303e-16
2.38386857e-16
4.07908480e-16
6.48372895e-16
9.72319019e-16
1.39199704e-15
1.91807240e-15
2.56153010e-15
3.33421035e-15
4.24525446e-15
5.30743233e-15
6.52795421e-15
7.92258307e-15
9.49939334e-15
1.12749910e-14
1.32601908e-14
1.54667496e-14
1.79078903e-14
2.05988095e-14
2.35571455e-14
2.68033935e-14
3.03612580e-14
3.42193726e-14
3.84319185e-14
4.30069263e-14
4.79607699e-14
5.33338724e-14
5.91328782e-14
6.53966643e-14
7.21645435e-14
7.94256704e-14
8.72750597e-14
9.56894423e-14
1.04726714e-13
1.14462264e-13
1.24874337e-13
1.36030907e-13
1.48018528e-13
1.60855983e-13
1.74549544e-13
1.89235445e-13
2.04979341e-13
2.21748854e-13
2.39677267e-13
2.58874858e-13
2.79397020e-13
3.01233145e-13
3.24598419e-13
3.49598252e-13
3.76191395e-13
4.04604839e-13
4.35000508e-13
4.67351145e-13
5.01909597e-13
5.38868015e-13
5.78189227e-13
6.20274075e-13
6.65137441e-13
7.13096692e-13
7.64286158e-13
8.19025749e-13
8.77463723e-13
9.40008292e-13
1.00686340e-12
1.07840593e-12
1.15502798e-12
1.23712353e-12
1.32514212e-12
1.41959350e-12
1.52105054e-12
1.63014926e-12
1.74758539e-12
1.87424397e-12
2.01095990e-12
2.15890344e-12
2.31928338e-12
2.49367832e-12
2.68359586e-12
2.89133887e-12
3.11941397e-12
3.37070496e-12
3.64904295e-12
3.95904322e-12
4.30673541e-12
4.69933167e-12
5.14637538e-12
5.65990061e-12
6.25594052e-12
6.95544883e-12
7.78722286e-12
8.79155751e-12
1.00269126e-11
