1.38612472e-21
1.77537903e-21
2.26351621e-21
2.87624477e-21
3.64573852e-21
4.60954801e-21
5.81918670e-21
7.33714823e-21
9.24381275e-21
1.16376443e-20
1.46410283e-20
1.84141862e-20
2.31552902e-20
2.91130491e-20
3.66000881e-20
4.60100044e-20
5.78381538e-20
7.27067067e-20
9.13922355e-20
1.14875398e-19
1.44392030e-19
1.81495460e-19
2.28136568e-19
2.86763123e-19
3.60450625e-19
4.53070588e-19
5.69495909e-19
7.15848096e-19
8.99808960e-19
1.13103044e-18
1.42166284e-18
1.78700096e-18
2.24626061e-18
2.82355407e-18
3.54917154e-18
4.46123851e-18
5.60774990e-18
7.04901423e-18
8.86071305e-18
1.11379148e-17
1.40002770e-17
1.75984457e-17
2.21217386e-17
2.78077266e-17
3.49547924e-17
4.39384504e-17
5.52314873e-17
6.94281391e-17
8.72742158e-17
1.09706808e-16
1.37902802e-16
1.73347703e-16
2.17906245e-16
2.73907054e-16
3.44287593e-16
4.32748843e-16
5.43943901e-16
6.83721538e-16
8.59421501e-16
1.08026025e-15
1.35783431e-15
1.70674513e-15
2.14534898e-15
2.69668279e-15
3.38967078e-15
4.26070202e-15
5.35559597e-15
6.73196311e-15
8.46211063e-15
1.06368198e-14
1.33702929e-14
1.68063345e-14
2.11257775e-14
2.65555892e-14
3.33806797e-14
4.19593945e-14
5.27429547e-14
6.62988535e-14
8.33394882e-14
1.04759184e-13
1.31682791e-13
1.65526801e-13
2.08072896e-13
2.61557953e-13
3.28790457e-13
4.13294595e-13
5.19517083e-13
6.53036149e-13
8.20796419e-13
1.03149119e-12
1.29589876e-12
1.62724392e-12
2.04140905e-12
2.55721296e-12
3.19767874e-12
3.98955666e-12
4.96419363e-12
6.15927091e-12
7.62093742e-12
9.40442371e-12
