4.55639828e-09
5.10450579e-09
5.76725430e-09
6.58353127e-09
7.60966116e-09
8.92222470e-09
1.06153708e-08
1.27933394e-08
1.55600752e-08
1.90142603e-08
2.32407510e-08
2.83202769e-08
3.43225696e-08
4.13163018e-08
4.93489282e-08
5.84786753e-08
6.87765765e-08
8.02787152e-08
9.30683590e-08
1.07161623e-07
1.22673932e-07
1.39631229e-07
1.58150691e-07
1.78284607e-07
2.00094829e-07
2.23656498e-07
2.49061331e-07
2.76420358e-07
3.05866062e-07
3.37553908e-07
3.71328443e-07
4.07608124e-07
4.46400750e-07
4.87786682e-07
5.32041970e-07
5.79158550e-07
6.29389054e-07
6.82980142e-07
7.39779842e-07
8.00460142e-07
8.64766644e-07
9.33069496e-07
1.00585596e-06
1.08288098e-06
1.16456617e-06
1.25145305e-06
1.34358066e-06
1.44090089e-06
1.54428062e-06
1.65406696e-06
1.76992257e-06
1.89265370e-06
2.02288435e-06
2.16085098e-06
2.30634568e-06
2.46065419e-06
2.62430317e-06
2.79685438e-06
2.97960338e-06
3.17338793e-06
3.37782593e-06
3.59429462e-06
3.82374634e-06
4.06569231e-06
4.32231688e-06
4.59339970e-06
4.88052492e-06
5.18413003e-06
5.50571130e-06
5.84570182e-06
6.20599268e-06
6.58722194e-06
6.99094923e-06
7.41872484e-06
7.87200740e-06
8.35244853e-06
8.86189356e-06
9.40236777e-06
9.97604437e-06
1.05851901e-05
1.12327840e-05
1.19212261e-05
1.26542239e-05
1.34351841e-05
1.42687184e-05
1.51583690e-05
1.61105006e-05
1.71311796e-05
1.82266863e-05
1.94055385e-05
2.06770672e-05
2.20531374e-05
2.35460216e-05
2.51713204e-05
2.69462775e-05
2.88920337e-05
3.10321584e-05
3.33952328e-05
3.60151435e-05
3.89329090e-05
