3.05360861e-13
3.54287439e-13
4.10078366e-13
4.73716311e-13
5.46318499e-13
6.29277679e-13
7.24064169e-13
8.32408561e-13
9.56300904e-13
1.09813024e-12
1.26055105e-12
1.44663775e-12
1.65991829e-12
1.90442413e-12
2.18477175e-12
2.50626647e-12
2.87500360e-12
3.29796022e-12
3.78310797e-12
4.33958059e-12
4.97788429e-12
5.71010183e-12
6.55007406e-12
7.51361774e-12
8.61885204e-12
9.88661783e-12
1.13408922e-11
1.30091571e-11
1.49228307e-11
1.71179098e-11
1.96358008e-11
2.25241480e-11
2.58375638e-11
2.96384697e-11
3.39976369e-11
3.89989721e-11
4.47361663e-11
5.13164759e-11
5.88643357e-11
6.75220263e-11
7.74527678e-11
8.88443876e-11
1.01912253e-10
1.16902547e-10
1.34097128e-10
1.53820027e-10
1.76444164e-10
2.02397284e-10
2.32168440e-10
2.66317505e-10
3.05488051e-10
3.50420827e-10
4.01965653e-10
4.61094111e-10
5.28918106e-10
6.06715376e-10
6.95956660e-10
7.98329753e-10
9.15764641e-10
1.05046988e-09
1.20498310e-09
1.38222547e-09
1.58555003e-09
1.81879120e-09
2.08633588e-09
2.39322340e-09
2.74525486e-09
3.14909055e-09
3.61234812e-09
4.14366362e-09
4.75323735e-09
5.45248966e-09
6.25446333e-09
7.17442191e-09
8.22966740e-09
9.44006099e-09
1.08284653e-08
1.24211390e-08
1.42481249e-08
1.63437892e-08
1.87475922e-08
2.15049586e-08
2.46680661e-08
2.82966053e-08
3.24588223e-08
3.72330180e-08
4.27092287e-08
4.89905951e-08
5.61942509e-08
6.44519018e-08
7.39099576e-08
8.47284492e-08
9.70783207e-08
1.11138076e-07
1.27086761e-07
1.45111381e-07
1.65413998e-07
1.88200997e-07
2.13721005e-07
2.42253507e-07
