4.00061458e-05
3.81950208e-05
3.66796191e-05
3.53979239e-05
3.43037429e-05
3.33613992e-05
3.25423770e-05
3.18234363e-05
3.11854230e-05
3.06130155e-05
3.00930461e-05
2.96168633e-05
2.91753443e-05
2.87624624e-05
2.83735441e-05
2.80043755e-05
2.76514732e-05
2.73121786e-05
2.69846621e-05
2.66667889e-05
2.63562200e-05
2.60535737e-05
2.57552602e-05
2.54625005e-05
2.51734208e-05
2.48870454e-05
2.46028882e-05
2.43204313e-05
2.40391335e-05
2.37584382e-05
2.34777797e-05
2.31965907e-05
2.29149814e-05
2.26333576e-05
2.23498693e-05
2.20639625e-05
2.17767934e-05
2.14879328e-05
2.11953550e-05
2.09007061e-05
2.06034052e-05
2.03011679e-05
1.99975939e-05
1.96889148e-05
1.93762126e-05
1.90601130e-05
1.87375142e-05
1.84130369e-05
1.80813108e-05
1.77459429e-05
1.74043798e-05
1.70570806e-05
1.67048545e-05
1.63447049e-05
1.59810480e-05
1.56086565e-05
1.52313051e-05
1.48465220e-05
1.44540259e-05
1.40563190e-05
1.36495718e-05
1.32366412e-05
1.28165408e-05
1.23876661e-05
1.19526058e-05
1.15103762e-05
1.10599660e-05
1.06018325e-05
1.01383209e-05
9.66788765e-06
9.19084364e-06
8.70784985e-06
8.21962731e-06
7.72696641e-06
7.23074270e-06
6.73194149e-06
6.23169333e-06
5.73154753e-06
5.23413877e-06
4.74000842e-06
4.25275251e-06
3.77421994e-06
3.30783947e-06
2.85708817e-06
2.42571427e-06
2.01795953e-06
1.63837500e-06
1.29166223e-06
9.82514176e-07
7.15263577e-07
4.93210172e-07
3.18223308e-07
1.89488035e-07
1.03065963e-07
5.15257466e-08
2.49228696e-08
1.30803128e-08
8.20145580e-09
6.01183339e-09
4.83050532e-09
