1.04554143e-25
1.51237164e-25
2.13192488e-25
2.95003367e-25
4.02588546e-25
5.43919427e-25
7.29267434e-25
9.72163550e-25
1.29040784e-24
1.70784141e-24
2.25575598e-24
2.97542542e-24
3.92105357e-24
5.16389021e-24
6.79792680e-24
8.94723826e-24
1.17750542e-23
1.54954745e-23
2.03897326e-23
2.68287072e-23
3.53020078e-23
4.64538327e-23
6.11289784e-23
8.04365163e-23
1.05838259e-22
1.39263752e-22
1.83252466e-22
2.41135783e-22
3.17288142e-22
4.17476232e-22
5.49314003e-22
7.22824861e-22
9.51157724e-22
1.25157212e-21
1.64634233e-21
2.16656146e-21
2.85128950e-21
3.75198003e-21
4.93679140e-21
6.49551467e-21
8.54654897e-21
1.12458164e-20
1.47978895e-20
1.94712116e-20
2.56193835e-20
3.37092384e-20
4.43556793e-20
5.83656444e-20
7.67980392e-20
1.01047614e-19
1.32955952e-19
1.74949326e-19
2.30212005e-19
3.02921537e-19
3.98578442e-19
5.24444465e-19
6.90088410e-19
9.08070812e-19
1.19487002e-18
1.57218038e-18
2.06864399e-18
2.72201167e-18
3.58184547e-18
4.71315921e-18
6.20152451e-18
8.15990962e-18
1.07372360e-17
1.41290585e-17
1.85919002e-17
2.44570655e-17
3.21849761e-17
4.23567891e-17
5.57360327e-17
7.33392039e-17
9.64969985e-17
1.26965396e-16
1.67059860e-16
2.19821952e-16
2.89241242e-16
3.80566446e-16
5.00726284e-16
6.58859436e-16
8.66971244e-16
1.14080325e-15
1.50104820e-15
1.97498295e-15
2.59846394e-15
3.41817859e-15
4.49406256e-15
5.90157607e-15
7.73287469e-15
1.00953840e-14
1.31070447e-14
1.68896278e-14
2.15617231e-14
2.72387246e-14
3.40370847e-14
4.20760934e-14
5.14958666e-14
6.24673769e-14
