6.69446832e-14
5.90625453e-14
5.15291398e-14
4.43488880e-14
3.75765983e-14
3.13299664e-14
2.56654134e-14
2.06638725e-14
1.63721523e-14
1.27955468e-14
9.89418766e-15
7.59339856e-15
5.79989668e-15
4.41798348e-15
3.36072228e-15
2.55497201e-15
1.94201244e-15
1.47600929e-15
1.12178090e-15
8.52543649e-16
6.47936131e-16
4.92454327e-16
3.74290865e-16
2.84474705e-16
2.16203587e-16
1.64315118e-16
1.24881375e-16
9.49112757e-17
7.21314612e-17
5.48172897e-17
4.16592921e-17
3.16607637e-17
2.40625234e-17
1.82875343e-17
1.38981705e-17
1.05623418e-17
8.02740495e-18
6.10095938e-18
4.63675048e-18
3.52311435e-18
2.67672442e-18
2.03372198e-18
1.54713039e-18
1.17587001e-18
8.93667586e-19
6.79184686e-19
5.16189146e-19
3.92317181e-19
2.98166736e-19
2.26604391e-19
1.72217065e-19
1.30887230e-19
9.94786277e-20
7.56062320e-20
5.74607217e-20
4.36695641e-20
3.31890678e-20
2.52243333e-20
1.91707471e-20
1.45695189e-20
1.10725629e-20
8.41517546e-21
6.39573765e-21
4.86088352e-21
3.69424600e-21
2.80756333e-21
2.13373909e-21
1.62167313e-21
1.23248840e-21
9.36678722e-22
7.11860521e-22
5.41016769e-22
4.11186864e-22
3.12459927e-22
2.37397658e-22
1.80361759e-22
1.37192225e-22
1.04266875e-22
7.92420073e-23
6.02208261e-23
4.57641654e-23
3.47778723e-23
2.64284468e-23
2.00814918e-23
1.52554595e-23
1.15852298e-23
8.79345490e-24
6.66900663e-24
5.05126502e-24
3.81838121e-24
2.87807503e-24
2.16044907e-24
1.61265793e-24
1.19393398e-24
8.74147659e-25
6.30374878e-25
4.45194941e-25
3.05810113e-25
2.01811162e-25
1.25408357e-25
