1.51963211e-21
2.06920837e-21
2.75866802e-21
3.62365192e-21
4.70503388e-21
6.05488539e-21
7.74112339e-21
9.84802139e-21
1.24788832e-20
1.57706467e-20
1.98938663e-20
2.50636640e-20
3.15498378e-20
3.96910345e-20
4.99141669e-20
6.27578837e-20
7.88989712e-20
9.91846297e-20
1.24677305e-19
1.56715988e-19
1.96990497e-19
2.47624623e-19
3.11276534e-19
3.91277696e-19
4.91824332e-19
6.18211883e-19
7.77098741e-19
9.76823043e-19
1.22783838e-18
1.54296565e-18
1.93967263e-18
2.43843453e-18
3.06511700e-18
3.85275948e-18
4.84266448e-18
6.08696311e-18
7.65123645e-18
9.61762229e-18
1.20890490e-17
1.51951205e-17
1.90994449e-17
2.40078965e-17
3.01783313e-17
3.79337548e-17
4.76807001e-17
5.99323049e-17
7.53344385e-17
9.46962794e-17
1.19031498e-16
1.49615823e-16
1.88059717e-16
2.36390767e-16
2.97149403e-16
3.73516999e-16
4.69495526e-16
5.90136203e-16
7.41799898e-16
9.32458332e-16
1.17209443e-15
1.47326448e-15
1.85181787e-15
2.32771907e-15
2.92599309e-15
3.67685383e-15
4.62220666e-15
5.81059537e-15
7.30430230e-15
9.18153536e-15
1.15410549e-14
1.45064736e-14
1.82338115e-14
2.29196766e-14
2.88105771e-14
3.62150380e-14
4.55206917e-14
5.72166242e-14
7.19192770e-14
9.04019386e-14
1.13632847e-13
1.42828779e-13
1.79525328e-13
2.25658458e-13
2.83656761e-13
3.56559458e-13
4.48181693e-13
5.63329030e-13
7.08033187e-13
8.89773527e-13
1.11765834e-12
1.40250890e-12
1.75669716e-12
2.19355061e-12
2.72631698e-12
3.36699990e-12
4.12487022e-12
5.00974761e-12
6.02634497e-12
7.18132493e-12
8.48242526e-12
9.94078231e-12
