1.68232434e+08
1.77371620e+08
1.86579507e+08
1.95815631e+08
2.05045381e+08
2.14248709e+08
2.23425671e+08
2.32597147e+08
2.41798079e+08
2.51075012e+08
2.60478805e+08
2.70062806e+08
2.79882237e+08
2.89991394e+08
3.00444550e+08
3.11302952e+08
3.22617286e+08
3.34450620e+08
3.46867438e+08
3.59923209e+08
3.73948202e+08
3.92328404e+08
4.12108380e+08
4.33412743e+08
4.56304424e+08
4.81047454e+08
5.07524099e+08
5.36166032e+08
5.67436841e+08
6.00826123e+08
6.36866130e+08
6.75598360e+08
7.17041674e+08
7.62333863e+08
8.11881572e+08
8.64615146e+08
9.22148373e+08
9.84984153e+08
1.05136981e+09
1.12360475e+09
1.20221106e+09
1.28723641e+09
1.37750717e+09
1.47766457e+09
1.58429318e+09
1.69900737e+09
1.82335332e+09
1.95809024e+09
2.10403778e+09
2.26207917e+09
2.43316405e+09
2.61831111e+09
2.81861083e+09
3.03436352e+09
3.26684729e+09
3.51358029e+09
3.78616320e+09
4.08053860e+09
4.39834018e+09
4.73997625e+09
5.10844802e+09
5.50622516e+09
5.93559830e+09
6.39904445e+09
6.89924614e+09
7.43911267e+09
8.02180359e+09
8.65075483e+09
9.32878842e+09
1.00574895e+10
1.08521503e+10
1.17056591e+10
1.26199440e+10
1.36199282e+10
1.46919089e+10
1.58469149e+10
1.70979824e+10
1.84449877e+10
1.98984229e+10
2.14664706e+10
2.31578349e+10
2.49815137e+10
2.69485102e+10
2.90685317e+10
3.13538665e+10
3.38163986e+10
3.64693114e+10
3.93257045e+10
4.24006498e+10
4.57091256e+10
4.92670527e+10
5.30910303e+10
5.71982225e+10
6.16062558e+10
6.63329949e+10
7.13964548e+10
7.68146774e+10
8.26049618e+10
8.87847414e+10
9.53727380e+10
