2.94026279e-21
2.74677420e-21
2.55556678e-21
2.36600706e-21
2.17869134e-21
1.99366195e-21
1.81253659e-21
1.63652859e-21
1.46677105e-21
1.30497611e-21
1.15275335e-21
1.01136205e-21
8.81726800e-22
7.64399292e-22
6.59521722e-22
5.66830025e-22
4.85707686e-22
4.15422656e-22
3.54785435e-22
3.02683180e-22
2.58057908e-22
2.19943179e-22
1.87470085e-22
1.59763850e-22
1.36134543e-22
1.15986405e-22
9.88403928e-23
8.42295445e-23
7.17711164e-23
6.11498897e-23
5.21007912e-23
4.44024781e-23
3.78379382e-23
3.22404451e-23
2.74679962e-23
2.34065644e-23
1.99466124e-23
1.69966623e-23
1.44817512e-23
1.23343954e-23
1.05154757e-23
8.96070587e-24
7.63500793e-24
6.50482669e-24
5.54300458e-24
4.72376662e-24
4.02523546e-24
3.42964592e-24
2.92131393e-24
2.49020159e-24
2.12200501e-24
1.80809121e-24
1.54048705e-24
1.31270722e-24
1.11869946e-24
9.53259616e-25
8.12197604e-25
6.91872430e-25
5.89711211e-25
5.02530243e-25
4.28199975e-25
3.64828172e-25
3.10874268e-25
2.64924643e-25
2.25743334e-25
1.92339083e-25
1.63862269e-25
1.39653776e-25
1.19008285e-25
1.01403516e-25
8.63928427e-26
7.36110271e-26
6.27276770e-26
5.34474814e-26
4.55346999e-26
3.87877721e-26
3.30475531e-26
2.81516775e-26
2.39749533e-26
2.04117877e-26
1.73673559e-26
1.47844507e-26
1.25739040e-26
1.06855171e-26
9.07173689e-27
7.69211499e-27
6.51220973e-27
5.50203404e-27
4.63769790e-27
3.89776053e-27
3.26285170e-27
2.71820179e-27
2.25093579e-27
1.85073725e-27
1.50817523e-27
1.21562907e-27
9.66548595e-28
7.55505579e-28
5.77513264e-28
4.27571535e-28
