2.95533886e-21
2.80606284e-21
2.68295256e-21
2.58010229e-21
2.49318778e-21
2.41890845e-21
2.35467141e-21
2.29841365e-21
2.24851181e-21
2.20368294e-21
2.16293041e-21
2.12547640e-21
2.09070895e-21
2.05815047e-21
2.02742260e-21
1.99820552e-21
1.97026995e-21
1.94340301e-21
1.91743195e-21
1.89223568e-21
1.86611673e-21
1.81921926e-21
1.77176767e-21
1.72371306e-21
1.67539916e-21
1.62614334e-21
1.57728855e-21
1.52747009e-21
1.47551344e-21
1.42455585e-21
1.37313476e-21
1.32194407e-21
1.27173074e-21
1.21936797e-21
1.16478079e-21
1.11247894e-21
1.05852348e-21
1.00294529e-21
9.51245193e-22
8.98636164e-22
8.45257119e-22
7.92266930e-22
7.43032002e-22
6.89956511e-22
6.40661368e-22
5.93159743e-22
5.46361291e-22
5.00504557e-22
4.55834569e-22
4.12598412e-22
3.71039697e-22
3.31392000e-22
2.93871523e-22
2.59172798e-22
2.27251364e-22
2.00099522e-22
1.72272832e-22
1.47128488e-22
1.24650254e-22
1.05090968e-22
8.79624840e-23
7.30436191e-23
6.01853584e-23
4.92188024e-23
3.99617187e-23
3.22254272e-23
2.58214776e-23
2.05676231e-23
1.63217347e-23
1.29675162e-23
1.00770977e-23
7.86992711e-24
6.19771488e-24
4.73997614e-24
3.65527089e-24
2.81838375e-24
2.14406832e-24
1.63036635e-24
1.23320371e-24
9.27533227e-25
6.93619792e-25
5.15068706e-25
3.79883511e-25
2.78087738e-25
2.01902561e-25
1.45299145e-25
1.03566749e-25
7.30652131e-26
5.09734872e-26
3.51368822e-26
2.39109446e-26
1.60508852e-26
1.06217274e-26
6.92719981e-27
4.45387161e-27
2.82726740e-27
1.77773644e-27
1.11400599e-27
7.02511699e-28
4.51623546e-28
