4.77086298e-13
4.58962879e-13
4.43652543e-13
4.30601236e-13
4.19381939e-13
4.09652253e-13
4.01130732e-13
3.93584543e-13
3.86824881e-13
3.80698727e-13
3.75084995e-13
3.69887727e-13
3.65030414e-13
3.60452765e-13
3.56106585e-13
3.51950557e-13
3.47955191e-13
3.44092567e-13
3.40339878e-13
3.36681298e-13
3.32883461e-13
3.26198546e-13
3.19394820e-13
3.12463570e-13
3.05451051e-13
2.98259384e-13
2.91076493e-13
2.83707233e-13
2.75979050e-13
2.68339674e-13
2.60577315e-13
2.52791180e-13
2.45090705e-13
2.37012260e-13
2.28536133e-13
2.20333409e-13
2.11810304e-13
2.02962606e-13
1.94632287e-13
1.86083685e-13
1.77331152e-13
1.68551149e-13
1.60280764e-13
1.51300075e-13
1.42832989e-13
1.34563471e-13
1.26310517e-13
1.18110304e-13
1.10001208e-13
1.02023314e-13
9.42177476e-14
8.66258126e-14
7.92879579e-14
7.23383317e-14
6.57794553e-14
6.00191743e-14
5.39935105e-14
4.83658556e-14
4.31488276e-14
3.84197218e-14
3.40960002e-14
3.01499940e-14
2.65706456e-14
2.33426720e-14
2.04472797e-14
1.78630049e-14
1.55666082e-14
1.35339530e-14
1.17519367e-14
1.02164153e-14
8.78290769e-15
7.57232611e-15
6.55731246e-15
5.59424790e-15
4.79266954e-15
4.10503437e-15
3.49199285e-15
2.96937763e-15
2.51792806e-15
2.12881981e-15
1.79448960e-15
1.50734942e-15
1.26186874e-15
1.05255020e-15
8.74554759e-16
7.23735472e-16
5.96405500e-16
4.89362192e-16
3.99747435e-16
3.25088641e-16
2.63214030e-16
2.12226232e-16
1.70470976e-16
1.36508471e-16
1.09088654e-16
8.71280609e-17
6.96900540e-17
5.59684480e-17
4.52673694e-17
3.69807662e-17
