1.68430893e+08
1.78291799e+08
1.88878159e+08
2.00261018e+08
2.12490013e+08
2.25661884e+08
2.39811666e+08
2.55004668e+08
2.71336312e+08
2.88859180e+08
3.07624922e+08
3.27702861e+08
3.49172224e+08
3.72118420e+08
3.96632292e+08
4.22810839e+08
4.50758341e+08
4.80519194e+08
5.12258888e+08
5.46121538e+08
5.82247908e+08
6.20761841e+08
6.61763302e+08
7.05501374e+08
7.52159983e+08
8.01935331e+08
8.54927790e+08
9.11413661e+08
9.71669265e+08
1.03594893e+09
1.10448467e+09
1.17743602e+09
1.25525514e+09
1.33826894e+09
1.42682686e+09
1.52112163e+09
1.62162022e+09
1.72882714e+09
1.84319415e+09
1.96521252e+09
2.09494338e+09
2.23339603e+09
2.38109041e+09
2.53864996e+09
2.70644159e+09
2.88525020e+09
3.07599344e+09
3.27947303e+09
3.49655701e+09
3.72740488e+09
3.97373564e+09
4.23651225e+09
4.51684327e+09
4.81541959e+09
5.13355471e+09
5.47291859e+09
5.83493966e+09
6.22115672e+09
6.63194342e+09
7.07021783e+09
7.53775323e+09
8.03651633e+09
8.56780763e+09
9.13382311e+09
9.73761015e+09
1.03817176e+10
1.10688687e+10
1.17998810e+10
1.25796905e+10
1.34115661e+10
1.42990175e+10
1.52445366e+10
1.62517770e+10
1.73263361e+10
1.84727902e+10
1.96960326e+10
2.09980462e+10
2.23870491e+10
2.38693809e+10
2.54515602e+10
2.71407196e+10
2.89391487e+10
3.08608125e+10
3.29138308e+10
3.51078711e+10
3.74534473e+10
3.99620329e+10
4.26462698e+10
4.55199499e+10
4.85985203e+10
5.18996098e+10
5.54428564e+10
5.92501881e+10
6.33403796e+10
6.77408490e+10
7.24772632e+10
7.75790999e+10
8.30770170e+10
8.90130912e+10
9.54331935e+10
