3.66672164e-28
4.51621319e-28
5.56985678e-28
6.87222011e-28
8.47428042e-28
1.04373275e-27
1.28341463e-27
1.57485740e-27
1.92870260e-27
2.35565068e-27
2.87095231e-27
3.49081471e-27
4.23520180e-27
5.12876496e-27
6.19384004e-27
7.46831743e-27
8.99321038e-27
1.08025872e-26
1.29623494e-26
1.55105686e-26
1.85483157e-26
2.21549552e-26
2.64230279e-26
3.14830103e-26
3.74656151e-26
4.45523927e-26
5.29103737e-26
6.27934835e-26
7.45178147e-26
8.82407744e-26
1.04477525e-25
1.23629280e-25
1.46208993e-25
1.72819095e-25
2.04167102e-25
2.41406500e-25
2.84852246e-25
3.36026945e-25
3.96297937e-25
4.67274345e-25
5.50849890e-25
6.47928883e-25
7.63097051e-25
8.98500451e-25
1.05767805e-24
1.24478778e-24
1.46471465e-24
1.72319741e-24
2.02697667e-24
2.38446360e-24
2.80696923e-24
3.29437411e-24
3.87196715e-24
4.55018458e-24
5.34637033e-24
6.28074925e-24
7.38287276e-24
8.65733990e-24
1.01589377e-23
1.19162896e-23
1.39709402e-23
1.63704100e-23
1.91875560e-23
2.24154793e-23
2.61951592e-23
3.05811461e-23
3.56611741e-23
4.15334885e-23
4.83078493e-23
5.61084529e-23
6.50795202e-23
7.53511209e-23
8.70952999e-23
1.00524235e-22
1.15839338e-22
1.33280330e-22
1.53183962e-22
1.75614366e-22
2.01192472e-22
2.29991981e-22
2.62631489e-22
2.99491720e-22
3.41163926e-22
3.87944235e-22
4.40729667e-22
5.00312803e-22
5.66955652e-22
6.42074938e-22
7.26506165e-22
8.21489803e-22
9.28129111e-22
1.04788871e-21
1.18243269e-21
1.33394729e-21
1.50434925e-21
1.69668406e-21
1.91267568e-21
2.15432488e-21
2.43362158e-21
2.75849157e-21
