4.75482526e-13
4.52516168e-13
4.29532006e-13
4.06454120e-13
3.83342440e-13
3.60180756e-13
3.37144419e-13
3.14358521e-13
2.91937764e-13
2.70076966e-13
2.48968660e-13
2.28772810e-13
2.09621226e-13
1.91614360e-13
1.74816532e-13
1.59254048e-13
1.44917884e-13
1.31797992e-13
1.19808543e-13
1.08872543e-13
9.89133610e-14
8.98588911e-14
8.16416551e-14
7.41702331e-14
6.73778003e-14
6.12031754e-14
5.56014120e-14
5.05129384e-14
4.58876971e-14
4.16838694e-14
3.78651813e-14
3.44014876e-14
3.12525768e-14
2.83900362e-14
2.57881316e-14
2.34276220e-14
2.12838991e-14
1.93353155e-14
1.75641030e-14
1.59521049e-14
1.44951743e-14
1.31682809e-14
1.19621877e-14
1.08660126e-14
9.87142147e-15
8.96822815e-15
8.14715373e-15
7.40076321e-15
6.72175200e-15
6.10752241e-15
5.54850090e-15
5.04038938e-15
4.57855574e-15
4.15941865e-15
3.77881744e-15
3.43282054e-15
3.11832224e-15
2.83236128e-15
2.57344409e-15
2.33792677e-15
2.12383393e-15
1.92922026e-15
1.75257174e-15
1.59219832e-15
1.44642202e-15
1.31392561e-15
1.19349702e-15
1.08433815e-15
9.85090472e-16
8.94865053e-16
8.12850244e-16
7.38399434e-16
6.70819040e-16
6.09382703e-16
5.53529052e-16
5.02747536e-16
4.56682057e-16
4.14794286e-16
3.76694759e-16
3.42037156e-16
3.10466424e-16
2.81874978e-16
2.55784869e-16
2.32005616e-16
2.10320268e-16
1.90531540e-16
1.72458997e-16
1.55929407e-16
1.40805553e-16
1.26950068e-16
1.14221793e-16
1.02517132e-16
9.17380312e-17
8.18106157e-17
7.26525678e-17
6.42011994e-17
5.64004489e-17
4.92054861e-17
4.25614135e-17
3.63905309e-17
