3.64438063e-28
4.41231362e-28
5.30836572e-28
6.35832937e-28
7.59005527e-28
9.03136011e-28
1.07177036e-27
1.26922247e-27
1.50023725e-27
1.77084914e-27
2.08769073e-27
2.45864573e-27
2.89305719e-27
3.40198663e-27
3.99851403e-27
4.69807115e-27
5.51881304e-27
6.48042876e-27
7.60784284e-27
8.93095356e-27
1.04840456e-26
1.23075107e-26
1.44439815e-26
1.69511533e-26
1.98952298e-26
2.33525749e-26
2.74102982e-26
3.21644680e-26
3.77464577e-26
4.43014874e-26
5.20003882e-26
6.10259453e-26
7.16147985e-26
8.40484573e-26
9.86489950e-26
1.15789261e-25
1.35869006e-25
1.59448157e-25
1.87139829e-25
2.19663196e-25
2.57795790e-25
3.02518869e-25
3.55031133e-25
4.16698074e-25
4.89116713e-25
5.73945459e-25
6.73557293e-25
7.90531603e-25
9.27898565e-25
1.08898194e-24
1.27787431e-24
1.49968789e-24
1.76019687e-24
2.06616036e-24
2.42454908e-24
2.84528916e-24
3.33932128e-24
3.91948381e-24
4.60003160e-24
5.39799706e-24
6.33507308e-24
7.43555623e-24
8.72771133e-24
1.02418588e-23
1.20188407e-23
1.41055329e-23
1.65562962e-23
1.94319678e-23
2.28029698e-23
2.67611854e-23
3.14091003e-23
3.68674171e-23
4.32629834e-23
5.07693788e-23
5.95847374e-23
6.99379611e-23
8.20877425e-23
9.63255948e-23
1.13042446e-22
1.32672290e-22
1.55725372e-22
1.82741160e-22
2.14431370e-22
2.51617464e-22
2.95226386e-22
3.46302154e-22
4.05923967e-22
4.75538329e-22
5.56613202e-22
6.50728347e-22
7.59564829e-22
8.84914766e-22
1.02871227e-21
1.19303910e-21
1.38006791e-21
1.59222889e-21
1.83222892e-21
2.10298038e-21
2.40809796e-21
2.75155700e-21
