4.12762640e-21
5.32459008e-21
6.80797462e-21
8.64575907e-21
1.09238727e-20
1.37413069e-20
1.72337303e-20
2.15555102e-20
2.69118192e-20
3.35511124e-20
4.17855333e-20
5.20060747e-20
6.46867480e-20
8.04243325e-20
9.99744623e-20
1.24268210e-19
1.54467335e-19
1.91953079e-19
2.38530739e-19
2.96431492e-19
3.68412336e-19
4.57843159e-19
5.68882140e-19
7.06936455e-19
8.78578334e-19
1.09196146e-18
1.35676016e-18
1.68589609e-18
2.09514040e-18
2.60400305e-18
3.23593179e-18
4.02071731e-18
4.99637662e-18
6.20956821e-18
7.71773261e-18
9.58931144e-18
1.19157219e-17
1.48080097e-17
1.84045915e-17
2.28698210e-17
2.84178087e-17
3.53145047e-17
4.38889492e-17
5.45432086e-17
6.77722338e-17
8.42187445e-17
1.04664968e-16
1.30083850e-16
1.61629900e-16
2.00843227e-16
2.49598528e-16
3.10216324e-16
3.85491751e-16
4.78983067e-16
5.95222406e-16
7.39759511e-16
9.19421763e-16
1.14236507e-15
1.41950144e-15
1.76408005e-15
2.19257610e-15
2.72451973e-15
3.38540360e-15
4.20696005e-15
5.22846705e-15
6.49781379e-15
8.07384424e-15
1.00330110e-14
1.24685905e-14
1.54967604e-14
1.92551134e-14
2.39268870e-14
2.97349445e-14
3.69557711e-14
4.59230229e-14
5.70613467e-14
7.09100430e-14
8.81287972e-14
1.09530214e-13
1.36088027e-13
1.69104521e-13
2.10157715e-13
2.61206099e-13
3.24572124e-13
4.03295737e-13
5.01160164e-13
6.22828537e-13
7.73935836e-13
9.61301519e-13
1.19357461e-12
1.48081154e-12
1.83463789e-12
2.26807476e-12
2.79540872e-12
3.43240064e-12
4.19652277e-12
5.10642644e-12
6.18390132e-12
7.45326012e-12
8.94558004e-12
