2.64344234e+04
2.85722933e+04
3.09305798e+04
3.35336052e+04
3.64040173e+04
3.95701587e+04
4.30601477e+04
4.68896063e+04
5.10934644e+04
5.56995261e+04
6.07365300e+04
6.62355771e+04
7.22415631e+04
7.87987420e+04
8.59562066e+04
9.37566938e+04
1.02263837e+05
1.11547749e+05
1.21679592e+05
1.32729894e+05
1.44771143e+05
1.57911350e+05
1.72251534e+05
1.87901827e+05
2.04948531e+05
2.23547238e+05
2.43843756e+05
2.65994218e+05
2.90141311e+05
3.16466448e+05
3.45194126e+05
3.76544854e+05
4.10761784e+05
4.48010322e+05
4.88671831e+05
5.33045418e+05
5.81471631e+05
6.34236642e+05
6.91788478e+05
7.54594582e+05
8.23136232e+05
8.97879465e+05
9.79337826e+05
1.06823172e+06
1.16524377e+06
1.27111800e+06
1.38642056e+06
1.51223957e+06
1.64954600e+06
1.79939541e+06
1.96272595e+06
2.14081314e+06
2.33515379e+06
2.54724189e+06
2.77860287e+06
3.03067206e+06
3.30574464e+06
3.60592881e+06
3.93353216e+06
4.29043636e+06
4.67977567e+06
5.10465709e+06
5.56833718e+06
6.07389580e+06
6.62496134e+06
7.22633215e+06
7.88261917e+06
8.59886914e+06
9.37875323e+06
1.02299175e+07
1.11588036e+07
1.21725420e+07
1.32773024e+07
1.44820509e+07
1.57967726e+07
1.72315840e+07
1.87965622e+07
2.05018857e+07
2.23628950e+07
2.43939360e+07
2.66107365e+07
2.90259866e+07
3.16616911e+07
3.45390983e+07
3.76810364e+07
4.11108416e+07
4.48537484e+07
4.89454182e+07
5.34209455e+07
5.83197871e+07
6.36866144e+07
6.95724091e+07
7.60359598e+07
8.31456692e+07
9.09724180e+07
9.96042368e+07
1.09135176e+08
1.19671660e+08
1.31340853e+08
1.44292007e+08
