2.63746176e+04
2.82909127e+04
3.02181740e+04
3.21403325e+04
3.40429906e+04
3.59168709e+04
3.77601330e+04
3.95786835e+04
4.13834374e+04
4.31887978e+04
4.50095329e+04
4.68614832e+04
4.87594286e+04
5.07190061e+04
5.27557903e+04
5.48840407e+04
5.71216618e+04
5.99001872e+04
6.36597520e+04
6.77889944e+04
7.23251094e+04
7.73077498e+04
8.28495247e+04
8.89775470e+04
9.56061406e+04
1.03005420e+05
1.11223883e+05
1.20298420e+05
1.30611570e+05
1.41499118e+05
1.53747342e+05
1.67540021e+05
1.83103915e+05
1.99882288e+05
2.17805867e+05
2.38778870e+05
2.61168242e+05
2.87304846e+05
3.15329854e+05
3.46363417e+05
3.79394221e+05
4.17777949e+05
4.60486459e+05
5.07621454e+05
5.58026582e+05
6.16313075e+05
6.77776333e+05
7.49150479e+05
8.24509892e+05
9.11762247e+05
1.00739281e+06
1.11057652e+06
1.22805546e+06
1.35349679e+06
1.49741266e+06
1.65483598e+06
1.82580379e+06
2.02007216e+06
2.23304282e+06
2.46417152e+06
2.72646604e+06
3.01672372e+06
3.33666324e+06
3.69029635e+06
4.08204973e+06
4.51606865e+06
4.99696078e+06
5.52985234e+06
6.12045252e+06
6.77512757e+06
7.50043928e+06
8.30031113e+06
9.19671055e+06
1.01859980e+07
1.12735059e+07
1.24985165e+07
1.38464881e+07
1.53344776e+07
1.69967501e+07
1.88372919e+07
2.08750782e+07
2.31422387e+07
2.56510405e+07
2.84224128e+07
3.15122986e+07
3.49301775e+07
3.87102828e+07
4.29133636e+07
4.75574649e+07
5.26982745e+07
5.83841202e+07
6.46704309e+07
7.16139608e+07
7.92767940e+07
8.77225981e+07
9.70212114e+07
1.07242950e+08
1.18454338e+08
1.30724873e+08
1.44122314e+08
