4.17404839e-21
5.54418109e-21
7.37322886e-21
9.79531022e-21
1.29795725e-20
1.71372603e-20
2.25405133e-20
2.95048423e-20
3.84674717e-20
4.99549076e-20
6.46062804e-20
8.32762728e-20
1.06926610e-19
1.37011624e-19
1.74836912e-19
2.22661358e-19
2.83035021e-19
3.58637863e-19
4.53826409e-19
5.73920643e-19
7.23010202e-19
9.10561281e-19
1.14543419e-18
1.43875397e-18
1.80548343e-18
2.26366117e-18
2.84003443e-18
3.55215132e-18
4.44077451e-18
5.54970358e-18
6.93280060e-18
8.65664483e-18
1.08069283e-17
1.34878558e-17
1.68300638e-17
2.09419015e-17
2.60953197e-17
3.25083718e-17
4.04883259e-17
5.04174632e-17
6.27714255e-17
7.81915223e-17
9.72189264e-17
1.20960432e-16
1.50488313e-16
1.87213718e-16
2.32892564e-16
2.90077018e-16
3.60133532e-16
4.47815764e-16
5.56851660e-16
6.92450095e-16
8.62270228e-16
1.07004752e-15
1.33021145e-15
1.65371226e-15
2.05633689e-15
2.55511076e-15
3.17571560e-15
3.94732614e-15
4.90675781e-15
6.10542769e-15
7.57840867e-15
9.41805060e-15
1.17046458e-14
1.45464912e-14
1.81094391e-14
2.24413467e-14
2.78647238e-14
3.45844495e-14
4.29311804e-14
5.31350283e-14
6.57551689e-14
8.12605792e-14
1.00253529e-13
1.23440905e-13
1.51731097e-13
1.85986531e-13
2.27279375e-13
2.76855826e-13
3.36345055e-13
4.07561655e-13
4.92783323e-13
5.93387530e-13
7.13012037e-13
8.54461224e-13
1.02151979e-12
1.21832520e-12
1.44913640e-12
1.72058725e-12
2.03900040e-12
2.41218625e-12
2.84940873e-12
3.36204898e-12
3.96195938e-12
4.66606460e-12
5.49287064e-12
6.46545562e-12
7.60162361e-12
8.98801949e-12
