2.44981185e-07
2.28644164e-07
2.12232121e-07
1.95759911e-07
1.79336376e-07
1.63107546e-07
1.47265404e-07
1.32078830e-07
1.17730475e-07
1.04406503e-07
9.22343402e-08
8.12678315e-08
7.14767866e-08
6.27976806e-08
5.51398084e-08
4.84103473e-08
4.24994847e-08
3.73068256e-08
3.27458728e-08
2.87426124e-08
2.52319913e-08
2.21490500e-08
1.94417728e-08
1.70642624e-08
1.49800786e-08
1.31498795e-08
1.15426828e-08
1.01314208e-08
8.89342736e-09
7.80712768e-09
6.85302432e-09
6.01518378e-09
5.27890070e-09
4.63500652e-09
4.06871985e-09
3.57135404e-09
3.13459644e-09
2.75168249e-09
2.41557644e-09
2.12037910e-09
1.86111615e-09
1.63361032e-09
1.43408707e-09
1.25886952e-09
1.10499026e-09
9.69848270e-10
8.51401910e-10
7.47382752e-10
6.56040172e-10
5.75827858e-10
5.05468560e-10
4.43721845e-10
3.89494287e-10
3.41877270e-10
3.00082946e-10
2.63436302e-10
2.31247395e-10
2.02978300e-10
1.78155964e-10
1.56396490e-10
1.37292300e-10
1.20512624e-10
1.05776347e-10
9.28480888e-11
8.15083901e-11
7.15493823e-11
6.28026123e-11
5.51185546e-11
4.83901041e-11
4.24783358e-11
3.72867726e-11
3.27274395e-11
2.87286763e-11
2.52191093e-11
2.21371346e-11
1.94307934e-11
1.70554817e-11
1.49722586e-11
1.31424633e-11
1.15355091e-11
1.01243228e-11
8.88700140e-12
7.80007309e-12
6.84488730e-12
6.00537802e-12
5.26769961e-12
4.61942264e-12
4.04841023e-12
3.54491545e-12
3.10040023e-12
2.70732725e-12
2.35900293e-12
2.04951928e-12
1.77375464e-12
1.52760173e-12
1.30734084e-12
1.10996267e-12
9.32954884e-13
7.74219386e-13
6.31602717e-13
