9.88086163e-12
9.25792177e-12
8.77244527e-12
8.38636735e-12
8.07413853e-12
7.81760044e-12
7.60329623e-12
7.42103788e-12
7.26319181e-12
7.12401919e-12
6.99931594e-12
6.88590126e-12
6.78144421e-12
6.68412803e-12
6.59256501e-12
6.50573841e-12
6.42272793e-12
6.30140681e-12
6.10873527e-12
5.91357679e-12
5.71614236e-12
5.51677294e-12
5.31076968e-12
5.10094703e-12
4.89705944e-12
4.68572053e-12
4.46965660e-12
4.25219283e-12
4.02015186e-12
3.81016678e-12
3.59106633e-12
3.36316573e-12
3.12696071e-12
2.90704328e-12
2.70740373e-12
2.48168392e-12
2.28008734e-12
2.05634136e-12
1.85746742e-12
1.66609195e-12
1.50156613e-12
1.32201889e-12
1.15183562e-12
9.95518888e-13
8.65170307e-13
7.29705424e-13
6.24324746e-13
5.14977351e-13
4.32372600e-13
3.48901743e-13
2.80447193e-13
2.27492531e-13
1.78723882e-13
1.43460337e-13
1.10641530e-13
8.56664350e-14
6.72055805e-14
5.10507453e-14
3.90138798e-14
3.03828976e-14
2.29172385e-14
1.72640533e-14
1.30482663e-14
9.86429152e-15
7.44010577e-15
5.59846976e-15
4.20235124e-15
3.14621202e-15
2.34899871e-15
1.74860075e-15
1.29889164e-15
9.69403643e-16
7.07383101e-16
5.19246771e-16
3.85472627e-16
2.76306196e-16
2.00166034e-16
1.45881041e-16
1.03947027e-16
7.39033868e-17
5.24075751e-17
3.65602105e-17
2.54696478e-17
1.77821116e-17
1.20745225e-17
8.16577319e-18
5.49501732e-18
3.59757266e-18
2.34197580e-18
1.50040578e-18
9.44435333e-19
5.82859207e-19
3.51970517e-19
2.07521523e-19
1.19380753e-19
6.67959166e-20
3.63701772e-20
1.94309140e-20
1.03103867e-20
5.57254205e-21
