9.78612248e-12
8.89726241e-12
8.01954959e-12
7.15457698e-12
6.30958384e-12
5.49401004e-12
4.71960428e-12
4.00132416e-12
3.34893639e-12
2.77094767e-12
2.27130207e-12
1.84881319e-12
1.49739600e-12
1.20890794e-12
9.74181199e-13
7.84491628e-13
6.31519522e-13
5.08254604e-13
4.08986902e-13
3.29106042e-13
2.64877148e-13
2.13161330e-13
1.71528793e-13
1.38015349e-13
1.11082993e-13
8.93984102e-14
7.19389842e-14
5.78844760e-14
4.65830294e-14
3.74921326e-14
3.01715492e-14
2.42775120e-14
1.95280748e-14
1.57227390e-14
1.26536136e-14
1.01823453e-14
8.19271500e-15
6.59345986e-15
5.30654518e-15
4.27042513e-15
3.43621423e-15
2.76507857e-15
2.22541893e-15
1.79093235e-15
1.44115328e-15
1.15956414e-15
9.33293445e-16
7.51093585e-16
6.04408437e-16
4.86331310e-16
3.91389314e-16
3.15000460e-16
2.53489497e-16
2.03969915e-16
1.64126761e-16
1.32101691e-16
1.06312952e-16
8.55478732e-17
6.88313129e-17
5.53974115e-17
4.45851307e-17
3.58792291e-17
2.88696458e-17
2.32314750e-17
1.86974909e-17
1.50471564e-17
1.21082679e-17
9.74120617e-18
7.84125200e-18
6.31046183e-18
5.07810734e-18
4.08604194e-18
3.28839847e-18
2.64652444e-18
2.12971090e-18
1.71367513e-18
1.37896525e-18
1.10985945e-18
8.93143915e-19
7.18646514e-19
5.78168475e-19
4.65265486e-19
3.74350802e-19
3.01111312e-19
2.42105816e-19
1.94586904e-19
1.56323363e-19
1.25450329e-19
1.00521165e-19
8.03748497e-20
6.40794915e-20
5.08850309e-20
4.01874745e-20
3.15032686e-20
2.44557778e-20
1.87395032e-20
1.41153243e-20
1.03914654e-20
7.41426677e-21
5.05548258e-21
