2.46544067e-07
2.34760307e-07
2.25307491e-07
2.17614919e-07
2.11276660e-07
2.05988513e-07
2.01514155e-07
1.97667454e-07
1.94304762e-07
1.91315516e-07
1.88617430e-07
1.86147310e-07
1.83858438e-07
1.81713987e-07
1.79685610e-07
1.77752501e-07
1.75895499e-07
1.73212120e-07
1.68976520e-07
1.64655117e-07
1.60250896e-07
1.55769731e-07
1.51105758e-07
1.46317836e-07
1.41622895e-07
1.36718956e-07
1.31663205e-07
1.26528260e-07
1.21004319e-07
1.15942045e-07
1.10613047e-07
1.05015995e-07
9.91525185e-08
9.36158897e-08
8.85145420e-08
8.26948966e-08
7.74067305e-08
7.14694736e-08
6.60863198e-08
6.08129871e-08
5.61768524e-08
5.10415430e-08
4.60600039e-08
4.13625043e-08
3.73208755e-08
3.30161444e-08
2.95310888e-08
2.58066185e-08
2.28532246e-08
1.97557773e-08
1.70716463e-08
1.48646982e-08
1.27158296e-08
1.10397031e-08
9.37656959e-09
7.99649955e-09
6.87997669e-09
5.81863452e-09
4.94237248e-09
4.24457459e-09
3.58284934e-09
3.02297146e-09
2.55547881e-09
2.16057624e-09
1.82430902e-09
1.53827038e-09
1.29521091e-09
1.08889077e-09
9.13946555e-10
7.65773389e-10
6.40784746e-10
5.37445686e-10
4.45333184e-10
3.70089975e-10
3.09317941e-10
2.53757424e-10
2.09289086e-10
1.73097298e-10
1.41464828e-10
1.15449173e-10
9.40632477e-11
7.59822586e-11
6.13136951e-11
4.95102391e-11
3.94204114e-11
3.13153132e-11
2.48084734e-11
1.93942437e-11
1.51197560e-11
1.17007961e-11
8.98537015e-12
6.84438530e-12
5.17095475e-12
3.87535782e-12
2.88435390e-12
2.13336448e-12
1.57205293e-12
1.16018560e-12
8.62367029e-13
6.50447198e-13
