2.70074625e+04
3.08682617e+04
3.54255925e+04
4.07984318e+04
4.71049346e+04
5.44606179e+04
6.30278450e+04
7.29443434e+04
8.44385373e+04
9.77558651e+04
1.13162646e+05
1.30992525e+05
1.51646295e+05
1.75562187e+05
2.03215952e+05
2.35248771e+05
2.72358951e+05
3.15268445e+05
3.64949968e+05
4.22502829e+05
4.89111779e+05
5.66165787e+05
6.55424062e+05
7.58823966e+05
8.78334356e+05
1.01676722e+06
1.17713936e+06
1.36264858e+06
1.57735395e+06
1.82607524e+06
2.11404981e+06
2.44705113e+06
2.83279353e+06
3.27967285e+06
3.79632414e+06
4.39459149e+06
5.08764990e+06
5.88965800e+06
6.81754078e+06
7.89240316e+06
9.13740085e+06
1.05765385e+07
1.22435651e+07
1.41747175e+07
1.64083380e+07
1.89938207e+07
2.19888926e+07
2.54563776e+07
2.94665129e+07
3.41116457e+07
3.94943553e+07
4.57137787e+07
5.29179755e+07
6.12635662e+07
7.09205290e+07
8.20941341e+07
9.50373349e+07
1.10028222e+08
1.27358381e+08
1.47432431e+08
1.70687780e+08
1.97583324e+08
2.28717050e+08
2.64782999e+08
3.06533986e+08
3.54822497e+08
4.10758730e+08
4.75572757e+08
5.50467584e+08
6.37219259e+08
7.37717852e+08
8.53993798e+08
9.88541940e+08
1.14440494e+09
1.32490714e+09
1.53358986e+09
1.77532156e+09
2.05536567e+09
2.37921044e+09
2.75412963e+09
3.18844883e+09
3.69115790e+09
4.27263338e+09
4.94621247e+09
5.72659539e+09
6.62847676e+09
7.67319647e+09
8.88350607e+09
1.02838356e+10
1.19048746e+10
1.37838314e+10
1.59615804e+10
1.84857871e+10
2.14218387e+10
2.48389019e+10
2.88340500e+10
3.35156956e+10
3.90265382e+10
4.55386235e+10
5.32640274e+10
