2.68225068e+04
2.99659223e+04
3.30783453e+04
3.60882804e+04
3.89396863e+04
4.16082553e+04
4.41085449e+04
4.64791354e+04
4.87672457e+04
5.10176443e+04
5.32685992e+04
5.55546600e+04
5.86043650e+04
6.42204119e+04
7.08390029e+04
7.84159187e+04
8.74884158e+04
9.78078811e+04
1.10108781e+05
1.25133668e+05
1.41410357e+05
1.61411340e+05
1.86134871e+05
2.12877729e+05
2.45128666e+05
2.84053431e+05
3.31074278e+05
3.83450595e+05
4.45697845e+05
5.19563996e+05
6.07072690e+05
7.10566365e+05
8.32762673e+05
9.65057837e+05
1.13254102e+06
1.32958942e+06
1.56127772e+06
1.81217442e+06
2.12835502e+06
2.49988480e+06
2.93419737e+06
3.41109671e+06
4.00718858e+06
4.70773246e+06
5.52906015e+06
6.43119831e+06
7.55706585e+06
8.88065640e+06
1.04368125e+07
1.22662025e+07
1.43945406e+07
1.67895557e+07
1.97393644e+07
2.32096352e+07
2.72926982e+07
3.20973936e+07
3.77520633e+07
4.44080956e+07
5.22441324e+07
6.14710669e+07
7.23379877e+07
8.51392607e+07
1.00222978e+08
1.18001062e+08
1.38961365e+08
1.63682201e+08
1.93749208e+08
2.28583132e+08
2.69409547e+08
3.17579970e+08
3.76112882e+08
4.43943850e+08
5.25220044e+08
6.20855581e+08
7.34645156e+08
8.68728446e+08
1.02929852e+09
1.21902310e+09
1.44249970e+09
1.71058097e+09
2.02859353e+09
2.40592106e+09
2.85831971e+09
3.39366592e+09
4.03013699e+09
4.78585995e+09
5.68867160e+09
6.76068261e+09
8.04234102e+09
9.56389277e+09
1.13747190e+10
1.35286711e+10
1.60890561e+10
1.91300243e+10
2.27371246e+10
2.70082794e+10
3.20540032e+10
3.79958264e+10
4.49627403e+10
5.30849948e+10
