1.02137950e-11
9.32920758e-12
8.72265820e-12
8.28984858e-12
7.97153799e-12
7.73058292e-12
7.54200296e-12
7.38898928e-12
7.26035527e-12
7.14878341e-12
7.04950074e-12
6.95925315e-12
6.82012865e-12
6.51511445e-12
6.19521342e-12
5.87434108e-12
5.53260754e-12
5.19632933e-12
4.84327920e-12
4.46304024e-12
4.12217420e-12
3.75298705e-12
3.35695069e-12
3.01355753e-12
2.66128821e-12
2.30583817e-12
1.95435371e-12
1.65331738e-12
1.36927601e-12
1.10817311e-12
8.75064810e-13
6.73510287e-13
5.05112045e-13
3.86054573e-13
2.76628554e-13
1.94001897e-13
1.33608383e-13
9.57763068e-14
6.44484126e-14
4.30557197e-14
2.87466845e-14
2.01150278e-14
1.33364501e-14
8.83738228e-15
5.86555126e-15
4.10207419e-15
2.71676444e-15
1.79908999e-15
1.19125409e-15
7.88803799e-16
5.26833099e-16
3.65156424e-16
2.41624139e-16
1.59854253e-16
1.05736261e-16
6.99249486e-17
4.62317554e-17
3.05589879e-17
2.01937419e-17
1.33401642e-17
8.80962861e-18
5.81553423e-18
3.83741327e-18
2.53094853e-18
1.66839840e-18
1.09915874e-18
6.95807786e-19
4.52942041e-19
2.97496623e-19
1.95468463e-19
1.23104391e-19
8.00445200e-20
5.08870204e-20
3.26683857e-20
2.07336376e-20
1.32737098e-20
8.30506127e-21
5.21874453e-21
3.31901061e-21
2.05120281e-21
1.26498052e-21
7.78128241e-22
4.64421097e-22
2.79323092e-22
1.66320610e-22
9.87875877e-23
5.71384363e-23
3.28575281e-23
1.82358975e-23
1.00369374e-23
5.39484786e-24
2.82054146e-24
1.42728637e-24
6.94761433e-25
3.22891500e-25
1.41996103e-25
5.84985896e-26
2.23864813e-26
7.97511640e-27
2.75072585e-27
