9.93147776e-12
8.33282249e-12
6.78115412e-12
5.32326576e-12
4.02289867e-12
2.93779992e-12
2.08891711e-12
1.46422629e-12
1.01868435e-12
7.06835345e-13
4.90311498e-13
3.40107191e-13
2.35851304e-13
1.63553773e-13
1.13467269e-13
7.86949795e-14
5.45655812e-14
3.78507726e-14
2.62521979e-14
1.82038951e-14
1.26249224e-14
8.75749627e-15
6.07337866e-15
4.21116580e-15
2.92147696e-15
2.02625444e-15
1.40506923e-15
9.74557311e-16
6.75972898e-16
4.68772626e-16
3.25061714e-16
2.25489944e-16
1.56389471e-16
1.08437157e-16
7.52198530e-17
5.21732524e-17
3.61790444e-17
2.50903764e-17
1.74046282e-17
1.20705931e-17
8.36926595e-18
5.80608523e-18
4.02705920e-18
2.79232760e-18
1.93683298e-18
1.34354096e-18
9.31703504e-19
6.46069298e-19
4.48171965e-19
3.10804045e-19
2.15402915e-19
1.49487564e-19
1.03688656e-19
7.19004974e-20
4.98680602e-20
3.45925111e-20
2.39889076e-20
1.66337161e-20
1.15397442e-20
8.00334905e-21
5.54939064e-21
3.84934004e-21
2.66994722e-21
1.85148070e-21
1.28401199e-21
8.90709027e-22
6.17706356e-22
4.28185511e-22
2.97101272e-22
2.06058310e-22
1.42890170e-22
9.91075094e-23
6.87469663e-23
4.76771067e-23
3.30604809e-23
2.29345301e-23
1.59067101e-23
1.10297154e-23
7.65044909e-24
5.30635055e-24
3.67964353e-24
2.55165988e-24
1.77003189e-24
1.22760657e-24
8.51091966e-25
5.90480418e-25
4.09554565e-25
2.83973141e-25
1.96929776e-25
1.36563234e-25
9.46356599e-26
6.55197966e-26
4.52965736e-26
3.11934311e-26
2.13485457e-26
1.44446240e-26
9.59447581e-27
6.18214410e-27
3.79419857e-27
2.14861485e-27
