1.63130657e+02
1.73368842e+02
1.84922093e+02
1.97886811e+02
2.12291145e+02
2.28092108e+02
2.45307681e+02
2.63876040e+02
2.83900535e+02
3.05467937e+02
3.28659306e+02
3.53604608e+02
3.80460608e+02
4.09363034e+02
4.40425030e+02
4.73866939e+02
5.09875008e+02
5.48572523e+02
5.90215424e+02
6.35050853e+02
6.83279132e+02
7.35132700e+02
7.90960180e+02
8.51067849e+02
9.15637335e+02
9.85153102e+02
1.06000311e+03
1.14047412e+03
1.22703752e+03
1.32024035e+03
1.42053429e+03
1.52832309e+03
1.64437568e+03
1.76933155e+03
1.90359843e+03
2.04810866e+03
2.20370215e+03
2.37104078e+03
2.55098241e+03
2.74472313e+03
2.95328307e+03
3.17735063e+03
3.41859446e+03
3.67832852e+03
3.95753482e+03
4.25793185e+03
4.58136177e+03
4.92936993e+03
5.30345000e+03
5.70618963e+03
6.13996734e+03
6.60568108e+03
7.10715196e+03
7.64706051e+03
8.22771629e+03
8.85217251e+03
9.52446512e+03
1.02481439e+04
1.10257294e+04
1.18628751e+04
1.27642260e+04
1.37331108e+04
1.47755249e+04
1.58978387e+04
1.71053758e+04
1.84034473e+04
1.98009956e+04
2.13061724e+04
2.29224328e+04
2.46625881e+04
2.65362203e+04
2.85509922e+04
3.07178417e+04
3.30508635e+04
3.55619779e+04
3.82602045e+04
4.11652707e+04
4.42932605e+04
4.76551398e+04
5.12726533e+04
5.51676139e+04
5.93575249e+04
6.38618772e+04
6.87116425e+04
7.39337879e+04
7.95427121e+04
8.55819970e+04
9.20847415e+04
9.90775258e+04
1.06602314e+05
1.14710931e+05
1.23450118e+05
1.32875325e+05
1.43085616e+05
1.54168654e+05
1.66279835e+05
1.79579310e+05
1.94292431e+05
2.10682189e+05
2.29064872e+05
