6.24300312e-03
6.05414150e-03
5.91057891e-03
5.80013209e-03
5.71420345e-03
5.64630154e-03
5.59134035e-03
5.54551614e-03
5.50610876e-03
5.47125308e-03
5.43969424e-03
5.41055307e-03
5.36698261e-03
5.27317676e-03
5.17174727e-03
5.06656895e-03
4.95087009e-03
4.83272373e-03
4.70417104e-03
4.56034441e-03
4.42513032e-03
4.27267876e-03
4.10130851e-03
3.94357437e-03
3.77297833e-03
3.59008506e-03
3.39609859e-03
3.21539266e-03
3.02999373e-03
2.84232953e-03
2.65507305e-03
2.47093626e-03
2.29243098e-03
2.14256060e-03
1.97986606e-03
1.82719563e-03
1.68494807e-03
1.56893572e-03
1.44580686e-03
1.33215815e-03
1.22817412e-03
1.14219229e-03
1.05226041e-03
9.69384036e-04
8.93305760e-04
8.30793529e-04
7.65284386e-04
7.04917571e-04
6.49289869e-04
5.98045442e-04
5.51665236e-04
5.12144244e-04
4.71632770e-04
4.34302127e-04
3.99902538e-04
3.68203772e-04
3.38993624e-04
3.12076512e-04
2.87272180e-04
2.64414490e-04
2.43350316e-04
2.23938512e-04
2.06048967e-04
1.89561728e-04
1.74366201e-04
1.60360410e-04
1.46505097e-04
1.34452862e-04
1.23561886e-04
1.13545709e-04
1.03621318e-04
9.50397912e-05
8.68467371e-05
7.94711090e-05
7.25818070e-05
6.63667621e-05
6.04593217e-05
5.51040918e-05
5.03012806e-05
4.57095807e-05
4.15135139e-05
3.76774766e-05
3.40393502e-05
3.07760883e-05
2.77779811e-05
2.50526601e-05
2.25067372e-05
2.01963437e-05
1.80371404e-05
1.60881888e-05
1.43072736e-05
1.26839089e-05
1.12087132e-05
9.87344294e-06
8.67127401e-06
7.59658135e-06
6.64484763e-06
5.81259563e-06
5.09705482e-06
4.49538320e-06
