2.49765429e-07
2.33088149e-07
2.21227851e-07
2.12543230e-07
2.06034280e-07
2.01036721e-07
1.97082320e-07
1.93845470e-07
1.91104527e-07
1.88712334e-07
1.86571960e-07
1.84616756e-07
1.81632813e-07
1.75124664e-07
1.68226694e-07
1.61228307e-07
1.53690928e-07
1.46178966e-07
1.38193970e-07
1.29478843e-07
1.21537998e-07
1.12815137e-07
1.03302081e-07
9.48816740e-08
8.60805865e-08
7.70063317e-08
6.78048256e-08
5.96845458e-08
5.17856475e-08
4.42623388e-08
3.72604121e-08
3.09023356e-08
2.52737500e-08
2.10164659e-08
1.68237338e-08
1.33533987e-08
1.05331134e-08
8.54645723e-09
6.69817958e-09
5.24147339e-09
4.10713261e-09
3.30949904e-09
2.58629322e-09
2.02091399e-09
1.58070156e-09
1.27399776e-09
9.95246915e-10
7.77427163e-10
6.07229807e-10
4.74292247e-10
3.72279422e-10
2.98440639e-10
2.32993122e-10
1.81874949e-10
1.41952329e-10
1.10776219e-10
8.64328150e-11
6.74266749e-11
5.25893386e-11
4.10078912e-11
3.19691184e-11
2.49158556e-11
1.94128718e-11
1.51202071e-11
1.17723373e-11
9.16189249e-12
6.97206363e-12
5.38885579e-12
4.18564677e-12
3.25128512e-12
2.46635527e-12
1.90418686e-12
1.45170757e-12
1.11255941e-12
8.47137214e-13
6.47978925e-13
4.89335814e-13
3.70322875e-13
2.82007051e-13
2.11368123e-13
1.58188273e-13
1.18178606e-13
8.68376437e-14
6.40402861e-14
4.69529335e-14
3.43559771e-14
2.47746047e-14
1.77974833e-14
1.25443412e-14
8.79675206e-15
6.08995607e-15
4.15486786e-15
2.78787522e-15
1.83566112e-15
1.18350100e-15
7.45862708e-16
4.59366559e-16
2.77413678e-16
1.66043523e-16
1.00788177e-16
