3.93480011e-05
3.73235609e-05
3.58429260e-05
3.47363614e-05
3.38942696e-05
3.32401509e-05
3.27178399e-05
3.22871572e-05
3.19202193e-05
3.15982773e-05
3.13088782e-05
3.10433966e-05
3.06415713e-05
2.97693949e-05
2.88372872e-05
2.78830254e-05
2.68461855e-05
2.58023873e-05
2.46820096e-05
2.34464266e-05
2.23059562e-05
2.10393574e-05
1.96402509e-05
1.83815154e-05
1.70467136e-05
1.56474568e-05
1.42010603e-05
1.28949153e-05
1.15948451e-05
1.03233978e-05
9.10335158e-06
7.95565539e-06
6.89735046e-06
6.05835218e-06
5.19371935e-06
4.43468260e-06
3.77632326e-06
3.27891365e-06
2.78510673e-06
2.36438397e-06
2.00947252e-06
1.73912426e-06
1.47571455e-06
1.25213387e-06
1.06310922e-06
9.20209558e-07
7.80654579e-07
6.62225978e-07
5.61729197e-07
4.76478840e-07
4.05439453e-07
3.49689034e-07
2.96515798e-07
2.51404106e-07
2.13133624e-07
1.80668528e-07
1.53129648e-07
1.29770806e-07
1.09958728e-07
9.31559756e-08
7.89064513e-08
6.68230977e-08
5.65774507e-08
4.78907748e-08
4.05265386e-08
3.42840305e-08
2.85929734e-08
2.40816388e-08
2.03440398e-08
1.71859723e-08
1.43023422e-08
1.20344275e-08
1.00455194e-08
8.41214068e-09
7.01533010e-09
5.86642754e-09
4.86625850e-09
4.04152161e-09
3.36899186e-09
2.78055227e-09
2.29243530e-09
1.88759889e-09
1.53835687e-09
1.25623794e-09
1.02201708e-09
8.30223620e-10
6.68389774e-10
5.36734340e-10
4.26111849e-10
3.37211018e-10
2.64838244e-10
2.06260887e-10
1.59169633e-10
1.21616735e-10
9.19677098e-11
6.88453642e-11
5.10872168e-11
3.77101261e-11
2.78767889e-11
2.08645692e-11
