6.56560661e-14
5.95447209e-14
5.54040796e-14
5.24738837e-14
5.03316958e-14
4.87172748e-14
4.74580589e-14
4.64390855e-14
4.55843667e-14
4.48444209e-14
4.41870698e-14
4.35904304e-14
4.26677727e-14
4.06419995e-14
3.85245270e-14
3.64083813e-14
3.41627687e-14
3.19619734e-14
2.96606017e-14
2.71926145e-14
2.49916094e-14
2.26185719e-14
2.00865214e-14
1.79054428e-14
1.56814629e-14
1.34530349e-14
1.12674065e-14
9.41351377e-15
7.68163036e-15
6.10810792e-15
4.72257603e-15
3.54416503e-15
2.57887914e-15
1.91213865e-15
1.31436661e-15
8.77989747e-16
5.71705810e-16
3.88539805e-16
2.44094920e-16
1.51436964e-16
9.36066420e-17
6.11372460e-17
3.73623727e-17
2.28045303e-17
1.39431675e-17
9.08595679e-18
5.54031807e-18
3.37786506e-18
2.05917906e-18
1.25535767e-18
7.73413426e-19
4.98587735e-19
3.03718210e-19
1.84975293e-19
1.12632227e-19
6.85660768e-20
4.17296052e-20
2.53896663e-20
1.54431290e-20
9.38999201e-21
5.70730036e-21
3.46747620e-21
2.10568122e-21
1.27803985e-21
7.75250029e-22
4.69952498e-22
2.71262567e-22
1.62051725e-22
9.78877319e-23
5.91613561e-23
3.39408532e-23
2.02547623e-23
1.17573510e-23
6.90853959e-24
4.00286889e-24
2.34471375e-24
1.33519200e-24
7.64525800e-25
4.44447493e-25
2.49406035e-25
1.39622445e-25
7.79396662e-26
4.19132747e-26
2.27651530e-26
1.22158431e-26
6.53829454e-27
3.38667574e-27
1.74266099e-27
8.58010339e-28
4.18369710e-28
1.98138421e-28
9.06773141e-29
3.98422321e-29
1.66695780e-29
6.57257003e-30
2.41011657e-30
8.08478981e-31
2.43518384e-31
6.50208598e-32
1.58315667e-32
