6.20330210e-03
5.89809881e-03
5.57708625e-03
5.24447260e-03
4.90807771e-03
4.57766475e-03
4.26018310e-03
3.96163635e-03
3.68247245e-03
3.42252299e-03
3.18102495e-03
2.95660637e-03
2.74790947e-03
2.55391112e-03
2.37379107e-03
2.20626927e-03
2.05046429e-03
1.90581233e-03
1.77134131e-03
1.64628601e-03
1.53008330e-03
1.42215420e-03
1.32178034e-03
1.22842837e-03
1.14179896e-03
1.06123326e-03
9.86297674e-04
9.16702404e-04
8.52033047e-04
7.91883855e-04
7.35971506e-04
6.84065763e-04
6.35789272e-04
5.90886365e-04
5.49209196e-04
5.10459296e-04
4.74416614e-04
4.40933646e-04
4.09832485e-04
3.80903492e-04
3.54003690e-04
3.29040265e-04
3.05820336e-04
2.84225296e-04
2.64174273e-04
2.45537349e-04
2.28202599e-04
2.12091795e-04
1.97131404e-04
1.83216798e-04
1.70269888e-04
1.58268822e-04
1.47101472e-04
1.36715867e-04
1.27067795e-04
1.18103755e-04
1.09767216e-04
1.02016292e-04
9.48215051e-05
8.81299608e-05
8.19068427e-05
7.61281035e-05
7.07570898e-05
6.57622110e-05
6.11198550e-05
5.68086591e-05
5.27991662e-05
4.90685593e-05
4.56089977e-05
4.23909532e-05
3.93980011e-05
3.66177437e-05
3.40347894e-05
3.16324225e-05
2.93987237e-05
2.73254523e-05
2.53971688e-05
2.36035701e-05
2.19383776e-05
2.03905440e-05
1.89508521e-05
1.76130942e-05
1.63708500e-05
1.52153888e-05
1.41406132e-05
1.31435785e-05
1.22160706e-05
1.13533536e-05
1.05520214e-05
9.80708435e-06
9.11354879e-06
8.46778758e-06
7.86586379e-06
7.30194661e-06
6.77211504e-06
6.27017315e-06
5.79127384e-06
5.32989570e-06
4.88132670e-06
4.44160774e-06
