1.59393354e-09
1.46945200e-09
1.38274762e-09
1.32019406e-09
1.27381971e-09
1.23850490e-09
1.21073885e-09
1.18812674e-09
1.16905978e-09
1.15247906e-09
1.13769106e-09
1.12422131e-09
1.10354415e-09
1.05830632e-09
1.01064735e-09
9.62610732e-10
9.11205927e-10
8.60347366e-10
8.06669229e-10
7.48527743e-10
6.96045348e-10
6.38858425e-10
5.77077480e-10
5.23036863e-10
4.67154164e-10
4.10243217e-10
3.53356612e-10
3.04006260e-10
2.56827026e-10
2.12787850e-10
1.72754520e-10
1.37392498e-10
1.07086914e-10
8.50131130e-11
6.40856723e-11
4.76119760e-11
3.49689324e-11
2.66042472e-11
1.92827377e-11
1.39254903e-11
1.00660163e-11
7.55567736e-12
5.43803507e-12
3.91300483e-12
2.81941471e-12
2.11649805e-12
1.52242264e-12
1.09499489e-12
7.87491825e-13
5.66350830e-13
4.10061605e-13
3.05633011e-13
2.19675501e-13
1.57868601e-13
1.13432354e-13
8.14889394e-14
5.85293165e-14
4.20293569e-14
3.01735744e-14
2.16563063e-14
1.55386412e-14
1.11454732e-14
7.99143433e-15
5.72761069e-15
4.10321265e-15
2.93800537e-15
2.03940208e-15
1.44659421e-15
1.03319012e-15
7.38071513e-16
5.10201342e-16
3.61476537e-16
2.51664015e-16
1.76520965e-16
1.22713907e-16
8.58690574e-17
5.90274728e-17
4.07054140e-17
2.83251047e-17
1.92783962e-17
1.30970970e-17
8.87825124e-18
5.88014475e-18
3.91614315e-18
2.58751908e-18
1.70569413e-18
1.10160956e-18
7.08003404e-19
4.42866769e-19
2.75139390e-19
1.67841304e-19
1.00246830e-19
5.84208514e-20
3.30822615e-20
1.81184204e-20
9.54939179e-21
4.82273461e-21
2.33227909e-21
1.09103878e-21
5.11339563e-22
