6.36107643e-14
5.24246301e-14
4.16928666e-14
3.17584912e-14
2.30757256e-14
1.60343885e-14
1.07400211e-14
7.04193147e-15
4.56387875e-15
2.94490441e-15
1.89883532e-15
1.22425688e-15
7.89044376e-16
5.08529616e-16
3.27925112e-16
2.11385813e-16
1.36218133e-16
8.78265957e-17
5.66164765e-17
3.64862628e-17
2.35181721e-17
1.51633271e-17
9.77344774e-18
6.29810979e-18
4.06126688e-18
2.61798610e-18
1.68719553e-18
1.08769774e-18
7.01219544e-19
4.51943751e-19
2.91270637e-19
1.87798043e-19
1.21053067e-19
7.80093767e-20
5.02965202e-20
3.24239850e-20
2.08968509e-20
1.34693917e-20
8.68412720e-21
5.59761124e-21
3.60714564e-21
2.32590387e-21
1.49939006e-21
9.66271273e-22
6.22937013e-22
4.01632915e-22
2.58865603e-22
1.66830744e-22
1.07564051e-22
6.93306067e-23
4.46500992e-23
2.88037807e-23
1.85697931e-23
1.19677825e-23
7.71461652e-24
4.97407402e-24
3.20592556e-24
2.06593700e-24
1.33219128e-24
8.58750456e-25
5.53384619e-25
3.56775121e-25
2.30008560e-25
1.48236838e-25
9.55456001e-26
6.16059512e-26
3.97078150e-26
2.55786719e-26
1.64977173e-26
1.06346502e-26
6.85371086e-27
4.41833754e-27
2.84865615e-27
1.83611268e-27
1.18332970e-27
7.63008237e-28
4.91844477e-28
3.16965658e-28
2.04347289e-28
1.31731724e-28
8.48985444e-29
5.47177412e-29
3.52782945e-29
2.27402750e-29
1.46522505e-29
9.44886784e-30
6.09118821e-30
3.92528545e-30
2.52993747e-30
1.63052108e-30
1.05002188e-30
6.75420764e-31
4.33686507e-31
2.77159032e-31
1.75780091e-31
1.09913325e-31
6.71575336e-32
3.94725898e-32
2.17644463e-32
1.07440400e-32
