2.45165111e-07
2.16187218e-07
1.87142622e-07
1.58736980e-07
1.32019193e-07
1.08072369e-07
8.74937640e-08
7.04815132e-08
5.66347550e-08
4.54721280e-08
3.65105859e-08
2.93154330e-08
2.35351509e-08
1.88944344e-08
1.51722216e-08
1.21813276e-08
9.77868391e-09
7.85173780e-09
6.30410259e-09
5.06095225e-09
4.06317551e-09
3.26253292e-09
2.61934708e-09
2.10266894e-09
1.68844290e-09
1.35565433e-09
1.08829758e-09
8.73788519e-10
7.01595294e-10
5.63257255e-10
4.52170843e-10
3.63083946e-10
2.91513370e-10
2.34008806e-10
1.87900651e-10
1.50869712e-10
1.21115553e-10
9.72372925e-11
7.80790996e-11
6.26852761e-11
5.03198192e-11
4.04076696e-11
3.24429879e-11
2.60438376e-11
2.09116626e-11
1.67910755e-11
1.34798896e-11
1.08216425e-11
8.68944736e-12
6.97611731e-12
5.59889947e-12
4.49677128e-12
3.61050480e-12
2.89848308e-12
2.32716233e-12
1.86858644e-12
1.50014533e-12
1.20427917e-12
9.67037644e-13
7.76404700e-13
6.23274388e-13
5.00446698e-13
4.01815177e-13
3.22585826e-13
2.58982425e-13
2.07952468e-13
1.66954813e-13
1.34004372e-13
1.07613630e-13
8.64030508e-14
6.93646854e-14
5.56919037e-14
4.47181325e-14
3.59019882e-14
2.88209689e-14
2.31430202e-14
1.85814178e-14
1.49162609e-14
1.19766118e-14
9.61627841e-15
7.71983738e-15
6.19755108e-15
4.97652029e-15
3.99547077e-15
3.20713078e-15
2.57547089e-15
2.06783826e-15
1.65993173e-15
1.33266041e-15
1.06987792e-15
8.58546149e-16
6.88610260e-16
5.51856149e-16
4.41270644e-16
3.51648848e-16
2.78495478e-16
2.18439658e-16
1.68771500e-16
1.27490126e-16
9.31332854e-17
