1.55661158e-09
1.33539763e-09
1.11757213e-09
9.09166458e-10
7.18704806e-10
5.54397206e-10
4.19998858e-10
3.15363454e-10
2.35724135e-10
1.75930313e-10
1.31295467e-10
9.79844754e-11
7.31103494e-11
5.45508294e-11
4.07157195e-11
3.03823509e-11
2.26674240e-11
1.69169227e-11
1.26239103e-11
9.41891232e-12
7.02829075e-12
5.24526932e-12
3.91394078e-12
2.92004584e-12
2.17943923e-12
1.62638498e-12
1.21346098e-12
9.05538885e-13
6.75785565e-13
5.04240137e-13
3.76213788e-13
2.80781124e-13
2.09525315e-13
1.56317169e-13
1.16662413e-13
8.70618934e-14
6.49576389e-14
4.84696994e-14
3.61745346e-14
2.69929118e-14
2.01378722e-14
1.50305937e-14
1.12164935e-14
8.36827339e-15
6.24514498e-15
4.66087929e-15
3.47761941e-15
2.59469771e-15
1.93651357e-15
1.44494068e-15
1.07765760e-15
8.04557307e-16
6.00415234e-16
4.47973822e-16
3.34293557e-16
2.49487675e-16
1.86153852e-16
1.38886872e-16
1.03662556e-16
7.73535074e-17
5.77118085e-17
4.30699443e-17
3.21413741e-17
2.39819488e-17
1.78946324e-17
1.33551929e-17
9.96533239e-18
7.43326863e-18
5.54863489e-18
4.14057894e-18
3.08940258e-18
2.30542568e-18
1.72056028e-18
1.28385985e-18
9.57877864e-19
7.14916132e-19
5.33497523e-19
3.98027945e-19
2.97036553e-19
2.21668218e-19
1.65389780e-19
1.23401751e-19
9.20992613e-20
6.87253753e-20
5.12681872e-20
3.82677736e-20
2.85573069e-20
2.13051235e-20
1.58970599e-20
1.18614405e-20
8.84525200e-21
6.59135153e-21
4.90626210e-21
3.64075044e-21
2.68878699e-21
1.96840127e-21
1.42104963e-21
1.00317390e-21
6.83993657e-22
4.41598233e-22
