1.62281197e+02
1.69606870e+02
1.75985279e+02
1.81465340e+02
1.86129581e+02
1.90095791e+02
1.93506690e+02
1.96499770e+02
1.99190333e+02
2.01665837e+02
2.03989212e+02
2.06207516e+02
2.09355852e+02
2.15807768e+02
2.23092966e+02
2.31021349e+02
2.40139514e+02
2.49959366e+02
2.61174192e+02
2.74354956e+02
2.87628359e+02
3.03361003e+02
3.22074748e+02
3.40762046e+02
3.62294191e+02
3.87058874e+02
4.15469702e+02
4.44685990e+02
4.77446333e+02
5.14006707e+02
5.54605570e+02
5.99466492e+02
6.48807503e+02
6.96934140e+02
7.55392662e+02
8.19080788e+02
8.88345486e+02
9.55526122e+02
1.03653496e+03
1.12446987e+03
1.21924428e+03
1.31270584e+03
1.42423122e+03
1.54528787e+03
1.67624967e+03
1.80503354e+03
1.95873636e+03
2.12562905e+03
2.30685851e+03
2.50362127e+03
2.71404029e+03
2.92772290e+03
3.17825876e+03
3.45049660e+03
3.74636035e+03
4.06795275e+03
4.41757362e+03
4.79774028e+03
5.21121068e+03
5.66100939e+03
6.15045723e+03
6.68320487e+03
7.26327133e+03
7.89508817e+03
8.58355040e+03
9.33407551e+03
1.01977393e+04
1.11072299e+04
1.20873981e+04
1.31562902e+04
1.43868890e+04
1.56818522e+04
1.71356612e+04
1.87093661e+04
2.04533613e+04
2.23463736e+04
2.44708537e+04
2.67906718e+04
2.93069362e+04
3.21438551e+04
3.52667059e+04
3.87070288e+04
4.25829070e+04
4.68247695e+04
5.15253965e+04
5.67126258e+04
6.25220979e+04
6.89424061e+04
7.61498475e+04
8.41156767e+04
9.29747252e+04
1.02822435e+05
1.13760129e+05
1.25892996e+05
1.39323401e+05
1.54144889e+05
1.70431786e+05
1.88221733e+05
2.07492342e+05
2.28134080e+05
