3.88493962e-05
3.54373981e-05
3.19424033e-05
2.84329357e-05
2.50189577e-05
2.18237237e-05
1.89260973e-05
1.63745488e-05
1.41499863e-05
1.22230820e-05
1.05590605e-05
9.12172187e-06
7.87940246e-06
6.80616859e-06
5.87999809e-06
5.07935541e-06
4.38730511e-06
3.79012376e-06
3.27412141e-06
2.82814373e-06
2.44299077e-06
2.11048920e-06
1.82309440e-06
1.57467840e-06
1.36041017e-06
1.17520246e-06
1.01510073e-06
8.76896855e-07
7.57537223e-07
6.54358330e-07
5.65214235e-07
4.88298513e-07
4.21811215e-07
3.64333774e-07
3.14749941e-07
2.71902933e-07
2.34861164e-07
2.02878386e-07
1.75268358e-07
1.51398552e-07
1.30769266e-07
1.12976768e-07
9.75944113e-08
8.42977258e-08
7.28236342e-08
6.29113599e-08
5.43418188e-08
4.69396922e-08
4.05513068e-08
3.50284484e-08
3.02522033e-08
2.61385237e-08
2.25800287e-08
1.95041838e-08
1.68485763e-08
1.45552435e-08
1.25728990e-08
1.08600245e-08
9.38223242e-09
8.10471740e-09
7.00054902e-09
6.04759219e-09
5.22432475e-09
4.51277548e-09
3.89814150e-09
3.36760113e-09
2.90901107e-09
2.51243313e-09
2.17065471e-09
1.87514469e-09
1.61971671e-09
1.39918048e-09
1.20874939e-09
1.04413692e-09
9.01881425e-10
7.79158594e-10
6.73075623e-10
5.81365425e-10
5.02227764e-10
4.33860237e-10
3.74756757e-10
3.23713162e-10
2.79661049e-10
2.41578064e-10
2.08653299e-10
1.80267728e-10
1.55723983e-10
1.34505118e-10
1.16187831e-10
1.00362008e-10
8.66679233e-11
7.48184464e-11
6.45549941e-11
5.56204014e-11
4.78219566e-11
4.09606831e-11
3.48827351e-11
2.94496085e-11
2.45545189e-11
2.01178411e-11
