4.82538234e-17
5.42629479e-17
6.14390872e-17
7.01305970e-17
8.07998475e-17
9.40055217e-17
1.10361234e-16
1.30478915e-16
1.54951065e-16
1.84308453e-16
2.19081061e-16
2.59712954e-16
3.06707551e-16
3.60527968e-16
4.21673417e-16
4.90635874e-16
5.68007258e-16
6.54320365e-16
7.50114703e-16
8.56149716e-16
9.73173256e-16
1.10199840e-15
1.24319026e-15
1.39788223e-15
1.56674837e-15
1.75097778e-15
1.95195375e-15
2.17042215e-15
2.40791486e-15
2.66554258e-15
2.94555122e-15
3.24799022e-15
3.57571338e-15
3.93055279e-15
4.31436582e-15
4.72906340e-15
5.17617500e-15
5.65886100e-15
6.17965852e-15
6.74130111e-15
7.34673265e-15
7.99912170e-15
8.70187629e-15
9.45865906e-15
1.02734031e-14
1.11499353e-14
1.20920804e-14
1.31054696e-14
1.41952956e-14
1.53671202e-14
1.66268963e-14
1.79809932e-14
1.94362227e-14
2.09998690e-14
2.26797221e-14
2.44841141e-14
2.64219620e-14
2.85021228e-14
3.07349078e-14
3.31323790e-14
3.57064802e-14
3.84700653e-14
4.14369879e-14
4.46209015e-14
4.80368783e-14
5.17034448e-14
5.56394364e-14
5.98653219e-14
6.44033602e-14
6.92717381e-14
7.44956236e-14
8.01089666e-14
8.61293905e-14
9.25992015e-14
9.95407840e-14
1.06999665e-13
1.15012218e-13
1.23619619e-13
1.32868224e-13
1.42809623e-13
1.53500243e-13
1.64999420e-13
1.77373675e-13
1.90696345e-13
2.05048547e-13
2.20519818e-13
2.37210639e-13
2.55233545e-13
2.74715615e-13
2.95800095e-13
3.18657735e-13
3.43472341e-13
3.70465658e-13
3.99890479e-13
4.32040887e-13
4.67255758e-13
5.05922985e-13
5.48494192e-13
5.95493911e-13
6.47538894e-13
