2.22717651e+16
2.13044559e+16
2.02944447e+16
1.92613859e+16
1.82179607e+16
1.71754893e+16
1.61415177e+16
1.51203434e+16
1.41207161e+16
1.31480876e+16
1.22061785e+16
1.13000101e+16
1.04335245e+16
9.60974262e+15
8.83031440e+15
8.10054405e+15
7.41739022e+15
6.78111486e+15
6.19096407e+15
5.64560470e+15
5.14455566e+15
4.68486635e+15
4.26338079e+15
3.87768696e+15
3.52525573e+15
3.20523007e+15
2.91337640e+15
2.64746478e+15
2.40532962e+15
2.18536136e+15
1.98568592e+15
1.80400866e+15
1.63876112e+15
1.48821973e+15
1.35238898e+15
1.22865677e+15
1.11612239e+15
1.01378708e+15
9.20882500e+14
8.36652225e+14
7.60057263e+14
6.90411375e+14
6.26887505e+14
5.69713587e+14
5.17578530e+14
4.70167144e+14
4.27059154e+14
3.87914192e+14
3.52439420e+14
3.20177771e+14
2.90839644e+14
2.64042198e+14
2.39984104e+14
2.18024293e+14
1.98056074e+14
1.79900721e+14
1.63407408e+14
1.48464514e+14
1.34873821e+14
1.22514702e+14
1.11277525e+14
1.01090208e+14
9.18418780e+13
8.34318291e+13
7.57843981e+13
6.88338118e+13
6.25389521e+13
5.68141352e+13
5.16086486e+13
4.68759951e+13
4.25838392e+13
3.86884094e+13
3.51456548e+13
3.19240141e+13
2.89949994e+13
2.63436925e+13
2.39326644e+13
2.17403209e+13
1.97469109e+13
1.79381490e+13
1.62970627e+13
1.48044952e+13
1.34471279e+13
1.22109020e+13
1.10940403e+13
1.00757251e+13
9.14746135e+12
8.30008750e+12
7.52275497e+12
6.81500263e+12
6.16094144e+12
5.55497231e+12
4.98880022e+12
4.46165877e+12
3.96180871e+12
3.48707742e+12
3.03349021e+12
2.59849608e+12
2.18146267e+12
1.78527329e+12
