8.68326505e-05
8.48327241e-05
8.29817125e-05
8.12643667e-05
7.96672546e-05
7.81782924e-05
7.67861598e-05
7.54800390e-05
7.42497627e-05
7.30864779e-05
7.19816410e-05
7.09274895e-05
6.99173867e-05
6.89454423e-05
6.80074885e-05
6.70976573e-05
6.62137925e-05
6.53511652e-05
6.45071816e-05
6.36795776e-05
6.28658483e-05
6.20647847e-05
6.12737028e-05
6.04909476e-05
5.97168986e-05
5.89483328e-05
5.81846189e-05
5.74250298e-05
5.66691630e-05
5.59148743e-05
5.51618296e-05
5.44098330e-05
5.36586343e-05
5.29068274e-05
5.21538980e-05
5.13993414e-05
5.06436785e-05
4.98856529e-05
4.91247163e-05
4.83603456e-05
4.75920517e-05
4.68198931e-05
4.60450737e-05
4.52652143e-05
4.44799726e-05
4.36904646e-05
4.28966007e-05
4.20965970e-05
4.12908536e-05
4.04810964e-05
3.96647531e-05
3.88418338e-05
3.80149966e-05
3.71814528e-05
3.63413382e-05
3.54963670e-05
3.46455150e-05
3.37883916e-05
3.29253157e-05
3.20578233e-05
3.11846287e-05
3.03060955e-05
2.94226090e-05
2.85345750e-05
2.76425697e-05
2.67469087e-05
2.58479067e-05
2.49461432e-05
2.40422581e-05
2.31370179e-05
2.22312027e-05
2.13256176e-05
2.04213066e-05
1.95193693e-05
1.86210111e-05
1.77276655e-05
1.68409392e-05
1.59621575e-05
1.50935015e-05
1.42370420e-05
1.33947388e-05
1.25693388e-05
1.17633926e-05
1.09799820e-05
1.02223868e-05
9.49342783e-06
8.79718426e-06
8.13707381e-06
7.51667593e-06
6.93978198e-06
6.40914897e-06
5.92732452e-06
5.49549609e-06
5.11339550e-06
4.77901406e-06
4.48858833e-06
4.23685359e-06
4.01799479e-06
3.82646953e-06
3.65760973e-06
