6.89321032e-28
9.56799283e-28
1.49188159e-27
2.75594869e-27
5.82325558e-27
1.25833549e-26
2.56764378e-26
4.82233797e-26
8.35527302e-26
1.34955366e-25
2.05682667e-25
2.98746048e-25
4.17220424e-25
5.64054651e-25
7.42277902e-25
9.54906645e-25
1.20529839e-24
1.49667462e-24
1.83231017e-24
2.21631938e-24
2.65289403e-24
3.14657793e-24
3.70103969e-24
4.32226399e-24
5.01452983e-24
5.78431716e-24
6.63911682e-24
7.58385335e-24
8.62694905e-24
9.77515466e-24
1.10404796e-23
1.24251661e-23
1.39443597e-23
1.56088377e-23
1.74296975e-23
1.94184845e-23
2.15850731e-23
2.39474594e-23
2.65209440e-23
2.93220713e-23
3.23687280e-23
3.56802458e-23
3.92775091e-23
4.31830668e-23
4.74212500e-23
5.20162284e-23
5.69925230e-23
6.23846499e-23
6.82253798e-23
7.45500058e-23
8.13965194e-23
8.88058021e-23
9.68218343e-23
1.05491927e-22
1.14866978e-22
1.25001760e-22
1.35955248e-22
1.47787036e-22
1.60566015e-22
1.74372347e-22
1.89286907e-22
2.05397293e-22
2.22798525e-22
2.41586150e-22
2.61865877e-22
2.83766075e-22
3.07419505e-22
3.32971499e-22
3.60581327e-22
3.90386680e-22
4.22571364e-22
4.57378068e-22
4.94953227e-22
5.35602503e-22
5.79513327e-22
6.27026399e-22
6.78433611e-22
7.34067439e-22
7.94305608e-22
8.59574231e-22
9.30348409e-22
1.00714308e-21
1.09054591e-21
1.18122107e-21
1.27992349e-21
1.38751309e-21
1.50498523e-21
1.63349556e-21
1.77440020e-21
1.92929709e-21
2.10014974e-21
2.28923283e-21
2.49938756e-21
2.73406322e-21
2.99751691e-21
3.29500151e-21
3.63301633e-21
4.01974524e-21
4.46560841e-21
4.98415009e-21
