2.81142172e+05
2.77865619e+05
2.75133249e+05
2.72844888e+05
2.70915290e+05
2.69269247e+05
2.67841735e+05
2.66581347e+05
2.65447195e+05
2.64408793e+05
2.63443447e+05
2.62534800e+05
2.61668543e+05
2.60836428e+05
2.60028350e+05
2.59239615e+05
2.58465269e+05
2.57699803e+05
2.56940596e+05
2.56183900e+05
2.55427635e+05
2.54669527e+05
2.53907155e+05
2.53138001e+05
2.52363139e+05
2.51577839e+05
2.50782528e+05
2.49974191e+05
2.49154044e+05
2.48317551e+05
2.47465585e+05
2.46597373e+05
2.45709706e+05
2.44801500e+05
2.43871892e+05
2.42921729e+05
2.41947298e+05
2.40947282e+05
2.39920296e+05
2.38864879e+05
2.37779489e+05
2.36662496e+05
2.35512174e+05
2.34326695e+05
2.33104118e+05
2.31842381e+05
2.30539524e+05
2.29193462e+05
2.27801196e+05
2.26360083e+05
2.24867294e+05
2.23319804e+05
2.21714368e+05
2.20047506e+05
2.18315479e+05
2.16514263e+05
2.14639528e+05
2.12686605e+05
2.10650455e+05
2.08525635e+05
2.06306258e+05
2.03985951e+05
2.01557806e+05
1.99014329e+05
1.96348718e+05
1.93556466e+05
1.90623760e+05
1.87540348e+05
1.84295066e+05
1.80879308e+05
1.77287782e+05
1.73497358e+05
1.69497071e+05
1.65284114e+05
1.60825857e+05
1.56131927e+05
1.51165508e+05
1.45925961e+05
1.40398625e+05
1.34566843e+05
1.28422461e+05
1.21958254e+05
1.15168564e+05
1.08067354e+05
1.00651924e+05
9.29522787e+04
8.50038368e+04
7.68556536e+04
6.85896637e+04
6.03077255e+04
5.21502043e+04
4.42928879e+04
3.69480916e+04
3.03533523e+04
2.47390250e+04
2.02711458e+04
1.69733495e+04
1.46858663e+04
1.31276710e+04
1.20356952e+04
