2.21558907e+16
2.13083034e+16
2.05926610e+16
1.99829087e+16
1.94589785e+16
1.90048653e+16
1.86073231e+16
1.82555639e+16
1.79406147e+16
1.76553042e+16
1.73940274e+16
1.71522327e+16
1.69265004e+16
1.67136498e+16
1.65117681e+16
1.63187280e+16
1.61333404e+16
1.59540393e+16
1.57799134e+16
1.56100119e+16
1.54438150e+16
1.52804295e+16
1.51196753e+16
1.49607383e+16
1.48032926e+16
1.46469888e+16
1.44914603e+16
1.43363293e+16
1.41816490e+16
1.40270424e+16
1.38718530e+16
1.37166273e+16
1.35604589e+16
1.34036992e+16
1.32456244e+16
1.30868164e+16
1.29262027e+16
1.27645180e+16
1.26011113e+16
1.24355866e+16
1.22685983e+16
1.20995028e+16
1.19279552e+16
1.17540260e+16
1.15781175e+16
1.13994062e+16
1.12177692e+16
1.10331454e+16
1.08461237e+16
1.06558078e+16
1.04620650e+16
1.02647596e+16
1.00643307e+16
9.86039231e+15
9.65250720e+15
9.44053213e+15
9.22476626e+15
9.00521331e+15
8.78118881e+15
8.55254716e+15
8.32007424e+15
8.08302004e+15
7.84099313e+15
7.59484831e+15
7.34393870e+15
7.08798239e+15
6.82802988e+15
6.56269161e+15
6.29361662e+15
6.01937429e+15
5.74140603e+15
5.45908533e+15
5.17270379e+15
4.88323281e+15
4.59066114e+15
4.29548301e+15
3.99837453e+15
3.70008172e+15
3.40148199e+15
3.10396943e+15
2.80825043e+15
2.51622133e+15
2.22927171e+15
1.94937533e+15
1.67871481e+15
1.41971220e+15
1.17503627e+15
9.47547649e+14
7.40259741e+14
5.56159981e+14
3.97997763e+14
2.67908055e+14
1.66943169e+14
9.44571349e+13
4.76182046e+13
2.13211310e+13
8.97123633e+12
4.17556864e+12
2.47814733e+12
1.78356106e+12
