2.59963926e-33
3.48070785e-33
4.55470220e-33
5.87000943e-33
7.47056938e-33
9.41676337e-33
1.17754305e-32
1.46307210e-32
1.80819228e-32
2.22504379e-32
2.72865580e-32
3.33693412e-32
4.07175478e-32
4.95982837e-32
6.03369292e-32
7.33249769e-32
8.90337295e-32
1.08047341e-31
1.31066379e-31
1.58941730e-31
1.92702673e-31
2.33575573e-31
2.83104194e-31
3.43128112e-31
4.15872032e-31
5.03982046e-31
6.10705580e-31
7.40038647e-31
8.96796064e-31
1.08680991e-30
1.31694841e-30
1.59586773e-30
1.93389959e-30
2.34356381e-30
2.83984714e-30
3.44104822e-30
4.16977591e-30
5.05313784e-30
6.12325855e-30
7.42059806e-30
8.99183982e-30
1.08960043e-29
1.32039275e-29
1.60005418e-29
1.93886087e-29
2.34952667e-29
2.84725918e-29
3.44977991e-29
4.18096718e-29
5.06613596e-29
6.13904322e-29
7.43963853e-29
9.01576444e-29
1.09248573e-28
1.32384336e-28
1.60422171e-28
1.94345827e-28
2.35564166e-28
2.85445661e-28
3.45909530e-28
4.19197220e-28
5.08001025e-28
6.15544194e-28
7.45873977e-28
9.03840948e-28
1.09489657e-27
1.32730449e-27
1.60839383e-27
1.94905635e-27
2.36190633e-27
2.86218537e-27
3.46807140e-27
4.20246601e-27
5.09268883e-27
6.17178237e-27
7.47888925e-27
9.06235323e-27
1.09812146e-26
1.33066501e-26
1.61245308e-26
1.95356644e-26
2.36657200e-26
2.86609083e-26
3.46920517e-26
4.19516969e-26
5.06584969e-26
6.10532389e-26
7.33835992e-26
8.78951448e-26
1.04804070e-25
1.24366740e-25
1.46696164e-25
1.72045438e-25
2.00464307e-25
2.32101094e-25
2.67063392e-25
3.05483302e-25
3.47488210e-25
3.93338518e-25
4.43336453e-25
