1.33526153e+08
1.40779843e+08
1.48088210e+08
1.55418867e+08
1.62744234e+08
1.70048632e+08
1.77332375e+08
1.84612263e+08
1.91914622e+08
1.99277586e+08
2.06741246e+08
2.14347641e+08
2.22138122e+08
2.30165372e+08
2.38459311e+08
2.47081155e+08
2.56052611e+08
2.65444210e+08
2.75295890e+08
2.85665134e+08
2.96594710e+08
3.08156908e+08
3.20388800e+08
3.33380387e+08
3.47196563e+08
3.61912543e+08
3.77615073e+08
3.94403697e+08
4.12330267e+08
4.31528962e+08
4.52163570e+08
4.74241261e+08
4.98026537e+08
5.23551338e+08
5.51106842e+08
5.80689464e+08
6.12681648e+08
6.47150372e+08
6.84355747e+08
7.24643020e+08
7.68134766e+08
8.15153029e+08
8.66129538e+08
9.21424807e+08
9.81129639e+08
1.04593048e+09
1.11630201e+09
1.19275833e+09
1.27555325e+09
1.36548419e+09
1.46329115e+09
1.56971029e+09
1.68535636e+09
1.81091725e+09
1.94765860e+09
2.09664033e+09
2.25888756e+09
2.43510172e+09
2.62725604e+09
2.83688973e+09
3.06502601e+09
3.31349341e+09
3.58482145e+09
3.88036276e+09
4.20245173e+09
4.55457125e+09
4.93733788e+09
5.35606180e+09
5.81184841e+09
6.31041522e+09
6.85288101e+09
7.44572361e+09
8.09306872e+09
8.79826557e+09
9.56814637e+09
1.04083353e+10
1.13250588e+10
1.23252320e+10
1.34165386e+10
1.46055086e+10
1.59028390e+10
1.73161803e+10
1.88565385e+10
2.05342994e+10
2.23607028e+10
2.43475943e+10
2.65074783e+10
2.88534249e+10
3.13986336e+10
3.41564410e+10
3.71397884e+10
4.03609822e+10
4.38309601e+10
4.75589557e+10
5.15528647e+10
5.58172346e+10
6.03560945e+10
6.51713625e+10
7.02640487e+10
7.56331254e+10
