2.80510650e+05
2.75534688e+05
2.70263694e+05
2.64772060e+05
2.59103105e+05
2.53297307e+05
2.47379159e+05
2.41358018e+05
2.35272843e+05
2.29147221e+05
2.22996738e+05
2.16848319e+05
2.10725605e+05
2.04649759e+05
1.98636553e+05
1.92732278e+05
1.86926848e+05
1.81235125e+05
1.75667434e+05
1.70231382e+05
1.64946377e+05
1.59808660e+05
1.54811135e+05
1.49954383e+05
1.45237264e+05
1.40680842e+05
1.36259309e+05
1.31970193e+05
1.27810162e+05
1.23783669e+05
1.19889014e+05
1.16112671e+05
1.12451660e+05
1.08897853e+05
1.05476294e+05
1.02155744e+05
9.89361783e+04
9.58147232e+04
9.27934272e+04
8.98732403e+04
8.70424037e+04
8.42982026e+04
8.16314698e+04
7.90680802e+04
7.65785935e+04
7.41650037e+04
7.18253047e+04
6.95601015e+04
6.73715960e+04
6.52498229e+04
6.31926827e+04
6.11913697e+04
5.92710206e+04
5.74049958e+04
5.55960896e+04
5.38426191e+04
5.21442122e+04
5.05036938e+04
4.89130301e+04
4.73708355e+04
4.58758255e+04
4.44308384e+04
4.30323824e+04
4.16766447e+04
4.03622676e+04
3.90885334e+04
3.78586628e+04
3.66662857e+04
3.55104040e+04
3.43899787e+04
3.33066063e+04
3.22583834e+04
3.12420413e+04
3.02566615e+04
2.93014572e+04
2.83796475e+04
2.74860311e+04
2.66197542e+04
2.57799474e+04
2.49674848e+04
2.41816014e+04
2.34196016e+04
2.26807878e+04
2.19636010e+04
2.12722416e+04
2.06004962e+04
1.99475721e+04
1.93119444e+04
1.86904498e+04
1.80857964e+04
1.74901063e+04
1.69009787e+04
1.63135767e+04
1.57279708e+04
1.51346124e+04
1.45311031e+04
1.39126091e+04
1.32749130e+04
1.26149195e+04
1.19331114e+04
