2.79800992e+05
2.75165727e+05
2.71086096e+05
2.67483046e+05
2.64288903e+05
2.61443652e+05
2.58892038e+05
2.56585295e+05
2.54479709e+05
2.52538542e+05
2.50732057e+05
2.49035140e+05
2.47428676e+05
2.45893788e+05
2.44419636e+05
2.42993025e+05
2.41607041e+05
2.40251473e+05
2.38920612e+05
2.37608136e+05
2.36310798e+05
2.35022229e+05
2.33741485e+05
2.32462445e+05
2.31182718e+05
2.29899622e+05
2.28610221e+05
2.27311372e+05
2.26003470e+05
2.24683242e+05
2.23344863e+05
2.21992818e+05
2.20618929e+05
2.19225936e+05
2.17806995e+05
2.16366896e+05
2.14895402e+05
2.13398679e+05
2.11870135e+05
2.10305337e+05
2.08709763e+05
2.07076545e+05
2.05401461e+05
2.03684241e+05
2.01927958e+05
2.00123397e+05
1.98268132e+05
1.96360292e+05
1.94404780e+05
1.92390947e+05
1.90315885e+05
1.88176531e+05
1.85976056e+05
1.83708587e+05
1.81367401e+05
1.78948832e+05
1.76454201e+05
1.73881451e+05
1.71220217e+05
1.68466121e+05
1.65626032e+05
1.62688078e+05
1.59644256e+05
1.56502131e+05
1.53250145e+05
1.49880864e+05
1.46404339e+05
1.42797833e+05
1.39079391e+05
1.35224589e+05
1.31248637e+05
1.27137345e+05
1.22889046e+05
1.18512098e+05
1.13999938e+05
1.09353127e+05
1.04574744e+05
9.96686935e+04
9.46407023e+04
8.95051071e+04
8.42641744e+04
7.89408484e+04
7.35492203e+04
6.81142886e+04
6.26658173e+04
5.72395477e+04
5.18783091e+04
4.66322418e+04
4.15599738e+04
3.67274244e+04
3.22067370e+04
2.80721194e+04
2.43939772e+04
2.12276316e+04
1.86005949e+04
1.64995559e+04
1.48664704e+04
1.36105625e+04
1.26355285e+04
1.18631617e+04
