4.65609700e-17
5.04103751e-17
5.47165997e-17
5.95099271e-17
6.48388797e-17
7.07463555e-17
7.72947847e-17
8.45672929e-17
9.26155617e-17
1.01517472e-16
1.11371399e-16
1.22268918e-16
1.34314062e-16
1.47622940e-16
1.62327686e-16
1.78503603e-16
1.96347874e-16
2.16028449e-16
2.37731821e-16
2.61664981e-16
2.87981163e-16
3.16943469e-16
3.48866137e-16
3.84049748e-16
4.22829132e-16
4.65365002e-16
5.12233326e-16
5.63882079e-16
6.20805192e-16
6.83415608e-16
7.52228174e-16
8.28045337e-16
9.11585128e-16
1.00370206e-15
1.10468212e-15
1.21595985e-15
1.33858606e-15
1.47372130e-15
1.62239820e-15
1.78572237e-15
1.96566999e-15
2.16396344e-15
2.38273758e-15
2.62246095e-15
2.88663016e-15
3.17770428e-15
3.49843576e-15
3.85143947e-15
4.23910362e-15
4.66627444e-15
5.13702802e-15
5.65662640e-15
6.22564596e-15
6.85264739e-15
7.54347500e-15
8.30473250e-15
9.14300778e-15
1.00633402e-14
1.10774555e-14
1.21949253e-14
1.34263078e-14
1.47792038e-14
1.62673791e-14
1.79072209e-14
1.97144202e-14
2.17052774e-14
2.38900464e-14
2.62971328e-14
2.89493126e-14
3.18718879e-14
3.50844244e-14
3.86172950e-14
4.25103594e-14
4.68004582e-14
5.15278839e-14
5.67132809e-14
6.24262721e-14
6.87215046e-14
7.56593464e-14
8.32890414e-14
9.16763694e-14
1.00918280e-13
1.11102910e-13
1.22334398e-13
1.34655679e-13
1.48247238e-13
1.63251291e-13
1.79831552e-13
1.98194390e-13
2.18482300e-13
2.41045925e-13
2.66216263e-13
2.94405340e-13
3.25994936e-13
3.61683916e-13
4.02057642e-13
4.47902392e-13
5.00112759e-13
5.59720584e-13
6.27776331e-13
