4.86363315e-17
5.45413926e-17
6.09606972e-17
6.79799081e-17
7.56402450e-17
8.40244787e-17
9.31935988e-17
1.03227581e-16
1.14206811e-16
1.26226226e-16
1.39399569e-16
1.53842669e-16
1.69685730e-16
1.87074255e-16
2.06170243e-16
2.27147594e-16
2.50195272e-16
2.75540002e-16
3.03418453e-16
3.34090292e-16
3.67836499e-16
4.04947820e-16
4.45796857e-16
4.90766539e-16
5.40276804e-16
5.94759396e-16
6.54715212e-16
7.20721056e-16
7.93390522e-16
8.73400908e-16
9.61421251e-16
1.05833572e-15
1.16504472e-15
1.28253440e-15
1.41183464e-15
1.55411827e-15
1.71077267e-15
1.88326152e-15
2.07314981e-15
2.28215050e-15
2.51219561e-15
2.76546885e-15
3.04431805e-15
3.35122893e-15
3.68896502e-15
4.06084070e-15
4.47031128e-15
4.92096570e-15
5.41716629e-15
5.96315983e-15
6.56429110e-15
7.22617484e-15
7.95477711e-15
8.75653088e-15
9.63928990e-15
1.06112064e-14
1.16805809e-14
1.28585717e-14
1.41545356e-14
1.55814961e-14
1.71527422e-14
1.88824409e-14
2.07855198e-14
2.28807118e-14
2.51874686e-14
2.77251325e-14
3.05221060e-14
3.35985887e-14
3.69860008e-14
4.07156463e-14
4.48213306e-14
4.93381224e-14
5.43110709e-14
5.97866315e-14
6.58158972e-14
7.24508566e-14
7.97536020e-14
8.77936567e-14
9.66454317e-14
1.06390230e-13
1.17110152e-13
1.28911562e-13
1.41901360e-13
1.56194028e-13
1.71903354e-13
1.89155501e-13
2.08085691e-13
2.28821294e-13
2.51482954e-13
2.76170381e-13
3.03011771e-13
3.32048035e-13
3.63417023e-13
3.97123672e-13
4.33247625e-13
4.71839927e-13
5.12976074e-13
5.56714348e-13
6.03221126e-13
6.52656949e-13
