2.78131807e+05
2.71711294e+05
2.65769480e+05
2.60257375e+05
2.55131697e+05
2.50353672e+05
2.45886135e+05
2.41696021e+05
2.37750562e+05
2.34019952e+05
2.30476466e+05
2.27097490e+05
2.23859187e+05
2.20744922e+05
2.17738869e+05
2.14823780e+05
2.11992463e+05
2.09229333e+05
2.06526236e+05
2.03875656e+05
2.01270237e+05
1.98705214e+05
1.96172445e+05
1.93666678e+05
1.91187851e+05
1.88728122e+05
1.86282720e+05
1.83852424e+05
1.81432564e+05
1.79017914e+05
1.76607415e+05
1.74202723e+05
1.71798598e+05
1.69392698e+05
1.66983372e+05
1.64568924e+05
1.62148546e+05
1.59723321e+05
1.57288923e+05
1.54843663e+05
1.52385957e+05
1.49914356e+05
1.47434696e+05
1.44940242e+05
1.42428611e+05
1.39900515e+05
1.37361410e+05
1.34802658e+05
1.32223787e+05
1.29632887e+05
1.27021860e+05
1.24389707e+05
1.21742602e+05
1.19076454e+05
1.16389180e+05
1.13684182e+05
1.10962497e+05
1.08220622e+05
1.05459448e+05
1.02682711e+05
9.98892082e+04
9.70784932e+04
9.42518028e+04
9.14104405e+04
8.85557792e+04
8.56895523e+04
8.28129235e+04
7.99273586e+04
7.70349802e+04
7.41382687e+04
7.12393887e+04
6.83411764e+04
6.54469694e+04
6.25601396e+04
5.96847863e+04
5.68251271e+04
5.39866609e+04
5.11734196e+04
4.83922958e+04
4.56500152e+04
4.29525801e+04
4.03092619e+04
3.77277433e+04
3.52180718e+04
3.27906758e+04
3.04545276e+04
2.82228367e+04
2.61061410e+04
2.41164397e+04
2.22653929e+04
2.05624099e+04
1.90153204e+04
1.76279070e+04
1.64000068e+04
1.53252428e+04
1.43914476e+04
1.35821220e+04
1.28786288e+04
1.22631350e+04
1.17206161e+04
