5.85464766e-17
5.49359803e-17
5.18398069e-17
4.91565518e-17
4.68095381e-17
4.47394155e-17
4.28989518e-17
4.12497727e-17
3.97605023e-17
3.84060097e-17
3.71650521e-17
3.60200263e-17
3.49566731e-17
3.39631426e-17
3.30305727e-17
3.21493946e-17
3.13144433e-17
3.05186896e-17
2.97576352e-17
2.90274508e-17
2.83244129e-17
2.76461759e-17
2.69893571e-17
2.63516520e-17
2.57325300e-17
2.51286885e-17
2.45390314e-17
2.39624594e-17
2.33981824e-17
2.28441886e-17
2.22998885e-17
2.17648238e-17
2.12385242e-17
2.07197546e-17
2.02079532e-17
1.97025965e-17
1.92038628e-17
1.87107722e-17
1.82228514e-17
1.77396703e-17
1.72608448e-17
1.67863482e-17
1.63168469e-17
1.58508461e-17
1.53881282e-17
1.49293328e-17
1.44743822e-17
1.40222565e-17
1.35732054e-17
1.31281946e-17
1.26858294e-17
1.22461692e-17
1.18106635e-17
1.13778801e-17
1.09479629e-17
1.05218482e-17
1.00990785e-17
9.67954221e-18
9.26348750e-18
8.85173526e-18
8.44376293e-18
8.03984930e-18
7.64028388e-18
7.24536647e-18
6.85547268e-18
6.47086483e-18
6.09181207e-18
5.71870053e-18
5.35194265e-18
4.99200235e-18
4.63934801e-18
4.29445806e-18
3.95790092e-18
3.63026071e-18
3.31215455e-18
3.00427163e-18
2.70734616e-18
2.42200555e-18
2.14913838e-18
1.88956240e-18
1.64403042e-18
1.41348219e-18
1.19873741e-18
1.00068176e-18
8.20143060e-19
6.57718576e-19
5.14129049e-19
3.89730426e-19
2.84651692e-19
1.98714643e-19
1.31169125e-19
8.07670048e-20
4.55841114e-20
2.30799205e-20
1.02504590e-20
3.95915626e-21
1.40398609e-21
5.54106303e-22
2.94989058e-22
1.99105121e-22
