2.44199706e-33
3.13395169e-33
3.97126334e-33
4.98959037e-33
6.22701376e-33
7.72644556e-33
9.54216740e-33
1.17379467e-32
1.43945789e-32
1.76093387e-32
2.14965474e-32
2.61957488e-32
3.18772908e-32
3.87492015e-32
4.70652773e-32
5.71344164e-32
6.93315593e-32
8.40991043e-32
1.01959921e-31
1.23599808e-31
1.49825144e-31
1.81617164e-31
2.20112787e-31
2.66721961e-31
3.23231578e-31
3.91747686e-31
4.74800260e-31
5.75293224e-31
6.97061961e-31
8.44711571e-31
1.02377512e-30
1.24071614e-30
1.50329862e-30
1.82162938e-30
2.20757426e-30
2.67529856e-30
3.24177067e-30
3.92798872e-30
4.76010703e-30
5.76917875e-30
6.99177800e-30
8.47109305e-30
1.02644684e-29
1.24390315e-29
1.50740753e-29
1.82680627e-29
2.21353206e-29
2.68240151e-29
3.25088708e-29
3.93979839e-29
4.77328859e-29
5.78389532e-29
7.00943815e-29
8.49403671e-29
1.02946028e-28
1.24734052e-28
1.51148135e-28
1.83176493e-28
2.22004954e-28
2.68979198e-28
3.25935237e-28
3.94995259e-28
4.78733102e-28
5.80095823e-28
7.02847927e-28
8.51685375e-28
1.03218417e-27
1.25106499e-27
1.51578123e-27
1.83669006e-27
2.22574741e-27
2.69749899e-27
3.26875413e-27
3.96053144e-27
4.79936427e-27
5.81654989e-27
7.04991466e-27
8.54143657e-27
1.03492538e-26
1.25410758e-26
1.51987567e-26
1.84169154e-26
2.23101763e-26
2.70236171e-26
3.27237406e-26
3.96013744e-26
4.78767363e-26
5.77997343e-26
6.96590829e-26
8.37581697e-26
1.00419171e-25
1.19982828e-25
1.42812414e-25
1.69294628e-25
1.99832371e-25
2.34876353e-25
2.74929696e-25
3.20535513e-25
3.72369397e-25
4.31187854e-25
