1.15225555e+04
1.18183372e+04
1.21294790e+04
1.24575383e+04
1.28029445e+04
1.31676779e+04
1.35515851e+04
1.39551834e+04
1.43790023e+04
1.48231065e+04
1.52869936e+04
1.57704706e+04
1.62734593e+04
1.67959220e+04
1.73378641e+04
1.78993621e+04
1.84807826e+04
1.90799383e+04
1.96998306e+04
2.03405081e+04
2.10025535e+04
2.16855357e+04
2.23903675e+04
2.31185913e+04
2.38709850e+04
2.46484311e+04
2.54491616e+04
2.62766028e+04
2.71314615e+04
2.80146752e+04
2.89258839e+04
2.98660846e+04
3.08374578e+04
3.18410317e+04
3.28778754e+04
3.39461402e+04
3.50497962e+04
3.61900583e+04
3.73681662e+04
3.85837746e+04
3.98378594e+04
4.11334827e+04
4.24720385e+04
4.38549899e+04
4.52800881e+04
4.67522398e+04
4.82732208e+04
4.98446448e+04
5.14662585e+04
5.31389462e+04
5.48670528e+04
5.66524756e+04
5.84971667e+04
6.03983459e+04
6.23620003e+04
6.43907195e+04
6.64866729e+04
6.86498731e+04
7.08809620e+04
7.31860413e+04
7.55676032e+04
7.80281868e+04
8.05643884e+04
8.31835183e+04
8.58894314e+04
8.86850984e+04
9.15757422e+04
9.45471081e+04
9.76219674e+04
1.00798839e+05
1.04081147e+05
1.07465033e+05
1.10959406e+05
1.14570112e+05
1.18301290e+05
1.22159266e+05
1.26129162e+05
1.30237212e+05
1.34484098e+05
1.38875510e+05
1.43411950e+05
1.48100572e+05
1.52954167e+05
1.57980922e+05
1.63189885e+05
1.68591164e+05
1.74197437e+05
1.80013241e+05
1.86066152e+05
1.92372171e+05
1.98939327e+05
2.05796994e+05
2.12969037e+05
2.20473982e+05
2.28341232e+05
2.36597302e+05
2.45272212e+05
2.54396919e+05
2.64021470e+05
2.74213941e+05
