2.18463006e+16
2.07005588e+16
1.96999399e+16
1.88189220e+16
1.80375222e+16
1.73398089e+16
1.67125953e+16
1.61451792e+16
1.56283627e+16
1.51544898e+16
1.47170676e+16
1.43109300e+16
1.39313086e+16
1.35747154e+16
1.32380751e+16
1.29184272e+16
1.26141256e+16
1.23227788e+16
1.20429368e+16
1.17733180e+16
1.15127454e+16
1.12603725e+16
1.10150835e+16
1.07761041e+16
1.05431904e+16
1.03153976e+16
1.00921128e+16
9.87325241e+15
9.65825714e+15
9.44654828e+15
9.23793542e+15
9.03246816e+15
8.82961566e+15
8.62911308e+15
8.43076538e+15
8.23438328e+15
8.03985779e+15
7.84723493e+15
7.65613672e+15
7.46640671e+15
7.27790454e+15
7.09050709e+15
6.90464077e+15
6.71978773e+15
6.53577156e+15
6.35264805e+15
6.17081018e+15
5.98964237e+15
5.80912732e+15
5.62983951e+15
5.45122899e+15
5.27325018e+15
5.09633943e+15
4.92024168e+15
4.74484736e+15
4.57040733e+15
4.39701486e+15
4.22447875e+15
4.05289328e+15
3.88252684e+15
3.71334240e+15
3.54535576e+15
3.37868708e+15
3.21346126e+15
3.04980818e+15
2.88787921e+15
2.72779481e+15
2.56969490e+15
2.41375721e+15
2.26017930e+15
2.10914285e+15
1.96086601e+15
1.81559255e+15
1.67356760e+15
1.53507139e+15
1.40038808e+15
1.26985892e+15
1.14375433e+15
1.02246969e+15
9.06382308e+14
7.95830272e+14
6.91272963e+14
5.93085441e+14
5.01709788e+14
4.17565198e+14
3.40979952e+14
2.72366675e+14
2.11974163e+14
1.59999234e+14
1.16498851e+14
8.13150640e+13
5.40643002e+13
3.40677529e+13
2.03587226e+13
1.17021624e+13
6.72423597e+12
4.10608539e+12
2.78988183e+12
2.09761213e+12
1.68924239e+12
