3.59861117e-06
3.69553696e-06
3.79774697e-06
3.90518441e-06
4.01774949e-06
4.13542668e-06
4.25840231e-06
4.38672435e-06
4.52060212e-06
4.66016718e-06
4.80540969e-06
4.95638447e-06
5.11318443e-06
5.27591985e-06
5.44470415e-06
5.61964830e-06
5.80086429e-06
5.98833377e-06
6.18198009e-06
6.38227986e-06
6.58941616e-06
6.80358247e-06
7.02468006e-06
7.25287543e-06
7.48868196e-06
7.73233509e-06
7.98419580e-06
8.24357601e-06
8.51162522e-06
8.78858683e-06
9.07474569e-06
9.37009108e-06
9.67468564e-06
9.98936427e-06
1.03144815e-05
1.06506697e-05
1.09966969e-05
1.13543132e-05
1.17237755e-05
1.21054690e-05
1.24994908e-05
1.29057825e-05
1.33255600e-05
1.37592848e-05
1.42079356e-05
1.46694464e-05
1.51464415e-05
1.56392215e-05
1.61483370e-05
1.66740535e-05
1.72160652e-05
1.77760675e-05
1.83546362e-05
1.89532868e-05
1.95687493e-05
2.02049729e-05
2.08623048e-05
2.15414787e-05
2.22429618e-05
2.29659968e-05
2.37129623e-05
2.44846466e-05
2.52818997e-05
2.61042636e-05
2.69529941e-05
2.78299118e-05
2.87359292e-05
2.96718335e-05
3.06362124e-05
3.16325047e-05
3.26618332e-05
3.37253586e-05
3.48226692e-05
3.59548958e-05
3.71246264e-05
3.83330768e-05
3.95816964e-05
4.08679752e-05
4.21970033e-05
4.35701968e-05
4.49890287e-05
4.64532418e-05
4.79637852e-05
4.95247189e-05
5.11381843e-05
5.28080930e-05
5.45298919e-05
5.63141253e-05
5.81647422e-05
6.00873060e-05
6.20887322e-05
6.41776853e-05
6.63648573e-05
6.86624864e-05
7.10831430e-05
7.36414548e-05
7.63529473e-05
7.92318220e-05
8.22939684e-05
8.55493707e-05
