4.91120465e-17
5.66853059e-17
6.66335324e-17
8.02062625e-17
9.93563423e-17
1.26773696e-16
1.65691836e-16
2.19529076e-16
2.91609974e-16
3.84949693e-16
5.02201656e-16
6.45557111e-16
8.17047833e-16
1.01823407e-15
1.25051438e-15
1.51546951e-15
1.81384513e-15
2.14731321e-15
2.51695471e-15
2.92386925e-15
3.36928604e-15
3.85413981e-15
4.38018595e-15
4.94889360e-15
5.56062492e-15
6.21774088e-15
6.92219486e-15
7.67445806e-15
8.47670269e-15
9.33163980e-15
1.02407779e-14
1.12045598e-14
1.22262439e-14
1.33082366e-14
1.44528311e-14
1.56625172e-14
1.69394964e-14
1.82850050e-14
1.97034186e-14
2.11979949e-14
2.27721798e-14
2.44295945e-14
2.61689068e-14
2.79975582e-14
2.99205619e-14
3.19408641e-14
3.40574327e-14
3.62811298e-14
3.86167033e-14
4.10609682e-14
4.36259361e-14
4.63177662e-14
4.91353101e-14
5.20882916e-14
5.51851557e-14
5.84284569e-14
6.18235764e-14
6.53822043e-14
6.91112891e-14
7.30141790e-14
7.71014751e-14
8.13836928e-14
8.58696689e-14
9.05688625e-14
9.54914413e-14
1.00647854e-13
1.06050624e-13
1.11713019e-13
1.17648404e-13
1.23870846e-13
1.30396762e-13
1.37243033e-13
1.44427455e-13
1.51970123e-13
1.59891983e-13
1.68216738e-13
1.76967813e-13
1.86177306e-13
1.95873013e-13
2.06088168e-13
2.16865295e-13
2.28241364e-13
2.40267983e-13
2.52995870e-13
2.66483925e-13
2.80812687e-13
2.96051761e-13
3.12302288e-13
3.29671736e-13
3.48283095e-13
3.68290809e-13
3.89869195e-13
4.13232450e-13
4.38619439e-13
4.66319902e-13
4.96676368e-13
5.30085229e-13
5.67019275e-13
6.08051114e-13
6.53877346e-13
