4.66399490e-25
4.40871235e-25
4.19987565e-25
4.02657698e-25
3.88095415e-25
3.75709164e-25
3.65040704e-25
3.55729901e-25
3.47497758e-25
3.40122679e-25
3.33434982e-25
3.27302846e-25
3.21624450e-25
3.16312714e-25
3.11312803e-25
3.06563523e-25
3.02036252e-25
2.97684923e-25
2.93486363e-25
2.89414998e-25
2.85455801e-25
2.81586989e-25
2.77802313e-25
2.74081833e-25
2.70417009e-25
2.66798958e-25
2.63218606e-25
2.59666836e-25
2.56146308e-25
2.52644792e-25
2.49148902e-25
2.45673304e-25
2.42193051e-25
2.38721094e-25
2.35236156e-25
2.31756993e-25
2.28257579e-25
2.24750761e-25
2.21229503e-25
2.17682456e-25
2.14120153e-25
2.10536957e-25
2.06922406e-25
2.03274730e-25
1.99610157e-25
1.95909154e-25
1.92169580e-25
1.88389654e-25
1.84581348e-25
1.80732613e-25
1.76838388e-25
1.72896923e-25
1.68912924e-25
1.64889519e-25
1.60814245e-25
1.56685459e-25
1.52505071e-25
1.48284270e-25
1.44006118e-25
1.39669209e-25
1.35284764e-25
1.30849777e-25
1.26353508e-25
1.21808593e-25
1.17213872e-25
1.12557048e-25
1.07866689e-25
1.03115761e-25
9.83312622e-26
9.34937840e-26
8.86337498e-26
8.37351189e-26
7.88090651e-26
7.38747218e-26
6.89302284e-26
6.39880172e-26
5.90612781e-26
5.41642268e-26
4.93125001e-26
4.45312495e-26
3.98337401e-26
3.52505617e-26
3.08055937e-26
2.65303367e-26
2.24585819e-26
1.86268712e-26
1.50737222e-26
1.18386826e-26
8.96095067e-27
6.47618452e-27
4.41258504e-27
2.78501198e-27
1.58806942e-27
7.88878722e-28
3.23172542e-28
1.00262612e-28
2.04821638e-29
2.17034609e-30
8.67019551e-32
4.70074460e-33
