1.32138761e-11
1.41720336e-11
1.51850000e-11
1.62594088e-11
1.73976943e-11
1.86063487e-11
1.98891328e-11
2.12514234e-11
2.26978071e-11
2.42339993e-11
2.58672090e-11
2.76038989e-11
2.94512294e-11
3.14169831e-11
3.35095488e-11
3.57373319e-11
3.81090774e-11
4.06360442e-11
4.33289283e-11
4.61990469e-11
4.92579753e-11
5.25164117e-11
5.59903033e-11
5.96942305e-11
6.36436804e-11
6.78529208e-11
7.23392771e-11
7.71229718e-11
8.22238014e-11
8.76629431e-11
9.34577915e-11
9.96370577e-11
1.06226387e-10
1.13252933e-10
1.20742397e-10
1.28724461e-10
1.37235844e-10
1.46311986e-10
1.55989706e-10
1.66303088e-10
1.77298765e-10
1.89023670e-10
2.01526156e-10
2.14853234e-10
2.29056453e-10
2.44202152e-10
2.60353149e-10
2.77572829e-10
2.95927233e-10
3.15492278e-10
3.36354693e-10
3.58601258e-10
3.82317692e-10
4.07592305e-10
4.34543844e-10
4.63283229e-10
4.93920241e-10
5.26583464e-10
5.61396751e-10
5.98520021e-10
6.38107585e-10
6.80313632e-10
7.25288216e-10
7.73244780e-10
8.24381380e-10
8.78890137e-10
9.37020440e-10
9.98970142e-10
1.06503094e-09
1.13547507e-09
1.21058035e-09
1.29060494e-09
1.37593586e-09
1.46692829e-09
1.56396106e-09
1.66737479e-09
1.77761217e-09
1.89516002e-09
2.02050248e-09
2.15414543e-09
2.29653345e-09
2.44835948e-09
2.61024051e-09
2.78281808e-09
2.96666712e-09
3.16246442e-09
3.37095642e-09
3.59279558e-09
3.82859200e-09
4.07885058e-09
4.34423581e-09
4.62499602e-09
4.92192084e-09
5.23503995e-09
5.56485854e-09
5.91168121e-09
6.27594754e-09
6.65819723e-09
7.05928895e-09
7.48015144e-09
