1.71539153e-11
1.56502136e-11
1.44383700e-11
1.34417931e-11
1.26084152e-11
1.19016634e-11
1.12946817e-11
1.07674392e-11
1.03043621e-11
9.89346229e-12
9.52522113e-12
9.19218761e-12
8.88843932e-12
8.60903609e-12
8.35043630e-12
8.10918773e-12
7.88310349e-12
7.66970757e-12
7.46765911e-12
7.27547807e-12
7.09160717e-12
6.91539108e-12
6.74545865e-12
6.58197466e-12
6.42358257e-12
6.26983017e-12
6.12025863e-12
5.97441118e-12
5.83184095e-12
5.69291438e-12
5.55661344e-12
5.42251807e-12
5.29111777e-12
5.16174860e-12
5.03408222e-12
4.90859010e-12
4.78428296e-12
4.66190018e-12
4.54059023e-12
4.42065269e-12
4.30200454e-12
4.18396711e-12
4.06768280e-12
3.95190172e-12
3.83695453e-12
3.72322414e-12
3.60993141e-12
3.49745956e-12
3.38598691e-12
3.27491407e-12
3.16457362e-12
3.05518146e-12
2.94618515e-12
2.83788610e-12
2.73052633e-12
2.62359873e-12
2.51747350e-12
2.41223687e-12
2.30751756e-12
2.20388443e-12
2.10101710e-12
1.99900188e-12
1.89814921e-12
1.79813138e-12
1.69951372e-12
1.60189541e-12
1.50580247e-12
1.41101105e-12
1.31782031e-12
1.22632267e-12
1.13659405e-12
1.04885315e-12
9.63268714e-13
8.79971350e-13
7.99159493e-13
7.21035349e-13
6.45810637e-13
5.73711792e-13
5.04952654e-13
4.39791713e-13
3.78467910e-13
3.21244829e-13
2.68347553e-13
2.20009677e-13
1.76473635e-13
1.37900336e-13
1.04440104e-13
7.61351934e-14
5.29618591e-14
3.47443494e-14
2.11602560e-14
1.17086116e-14
5.70902380e-15
2.34770726e-15
7.62404455e-16
1.76526838e-16
2.47358119e-17
1.64190214e-18
5.93809916e-20
1.05526320e-20
