1.09485441e+04
1.07171715e+04
1.05219862e+04
1.03564088e+04
1.02151845e+04
1.00938858e+04
9.98870183e+03
9.89634268e+03
9.81409238e+03
9.73984797e+03
9.67177761e+03
9.60867945e+03
9.54944162e+03
9.49323919e+03
9.43952599e+03
9.38781317e+03
9.33765849e+03
9.28864760e+03
9.24054214e+03
9.19318112e+03
9.14637647e+03
9.09991998e+03
9.05358967e+03
9.00724046e+03
8.96100876e+03
8.91440310e+03
8.86772308e+03
8.82059226e+03
8.77288057e+03
8.72491831e+03
8.67626003e+03
8.62685653e+03
8.57665607e+03
8.52569291e+03
8.47394943e+03
8.42121831e+03
8.36743777e+03
8.31254335e+03
8.25646781e+03
8.19914103e+03
8.14048978e+03
8.08043764e+03
8.01890474e+03
7.95580759e+03
7.89105886e+03
7.82456709e+03
7.75623648e+03
7.68596658e+03
7.61365197e+03
7.53918196e+03
7.46244027e+03
7.38330462e+03
7.30164638e+03
7.21733016e+03
7.13021338e+03
7.04014583e+03
6.94696920e+03
6.85051658e+03
6.75061192e+03
6.64706951e+03
6.53969338e+03
6.42827672e+03
6.31260122e+03
6.19243645e+03
6.06753923e+03
5.93765301e+03
5.80297143e+03
5.66284568e+03
5.51698334e+03
5.36508116e+03
5.20682218e+03
5.04252118e+03
4.87168959e+03
4.69364021e+03
4.50892117e+03
4.31699533e+03
4.11783426e+03
3.91140722e+03
3.69814446e+03
3.47776094e+03
3.25082498e+03
3.01797241e+03
2.77994469e+03
2.53765860e+03
2.29266645e+03
2.04666111e+03
1.80207301e+03
1.56162660e+03
1.32877530e+03
1.10756567e+03
9.02570255e+02
7.18657835e+02
5.60432970e+02
4.31469827e+02
3.33067384e+02
2.63188312e+02
2.16436898e+02
1.85766326e+02
1.65034608e+02
1.50303119e+02
