1.74368634e-11
1.58533394e-11
1.42893580e-11
1.27482913e-11
1.12435876e-11
9.79049479e-12
8.40988124e-12
7.13072065e-12
5.96834387e-12
4.93838883e-12
4.04850638e-12
3.29542587e-12
2.66900504e-12
2.15475043e-12
1.73633058e-12
1.39839337e-12
1.12567857e-12
9.05931214e-13
7.28969844e-13
5.86655718e-13
4.72147707e-13
3.79951158e-13
3.05733049e-13
2.45890554e-13
1.98009513e-13
1.59350821e-13
1.28225654e-13
1.03171299e-13
8.30369981e-14
6.68297801e-14
5.37791132e-14
4.32719456e-14
3.48215787e-14
2.80261588e-14
2.25546419e-14
1.81491112e-14
1.46005891e-14
1.17531500e-14
9.45885773e-15
7.61174087e-15
6.12462280e-15
4.92894404e-15
3.96683497e-15
3.19225451e-15
2.56870700e-15
2.06562329e-15
1.66362645e-15
1.33880589e-15
1.07730847e-15
8.66817908e-16
6.97672583e-16
5.61487189e-16
4.51829664e-16
3.63552442e-16
2.92568527e-16
2.35473761e-16
1.89498799e-16
1.52481019e-16
1.22650861e-16
9.87482639e-17
7.94723455e-17
6.39521620e-17
5.14564525e-17
4.14116354e-17
3.33284218e-17
2.68207999e-17
2.15816837e-17
1.73667120e-17
1.39772509e-17
1.12482088e-17
9.05128170e-18
7.28278016e-18
5.86173218e-18
4.71740926e-18
3.79607250e-18
3.05441892e-18
2.45810660e-18
1.97834211e-18
1.59199239e-18
1.28091713e-18
1.03013652e-18
8.29352881e-19
6.67272368e-19
5.36707397e-19
4.31521294e-19
3.46861816e-19
2.78646208e-19
2.23608555e-19
1.79169050e-19
1.43257215e-19
1.14211192e-19
9.06933870e-20
7.16266632e-20
5.61486297e-20
4.35854489e-20
3.33967551e-20
2.51548222e-20
1.85155031e-20
1.32114558e-20
9.00834249e-21
