2.47435560e-09
2.33470409e-09
2.22449864e-09
2.13597904e-09
2.06382617e-09
2.00414704e-09
1.95403225e-09
1.91121465e-09
1.87397537e-09
1.84104674e-09
1.81142440e-09
1.78444546e-09
1.75951345e-09
1.73621035e-09
1.71425269e-09
1.69340218e-09
1.67343503e-09
1.65417500e-09
1.63550134e-09
1.61733497e-09
1.59959049e-09
1.58217899e-09
1.56501061e-09
1.54805358e-09
1.53130350e-09
1.51463496e-09
1.49809665e-09
1.48161674e-09
1.46512096e-09
1.44869411e-09
1.43225188e-09
1.41574982e-09
1.39917613e-09
1.38251889e-09
1.36581983e-09
1.34901867e-09
1.33209005e-09
1.31502212e-09
1.29780304e-09
1.28042098e-09
1.26286406e-09
1.24512044e-09
1.22717824e-09
1.20902558e-09
1.19065053e-09
1.17204116e-09
1.15318550e-09
1.13407150e-09
1.11468709e-09
1.09502010e-09
1.07505833e-09
1.05478946e-09
1.03420112e-09
1.01328082e-09
9.92016021e-10
9.70394067e-10
9.48402243e-10
9.26027761e-10
9.03257777e-10
8.80079418e-10
8.56479803e-10
8.32446087e-10
8.07965506e-10
7.83025448e-10
7.57613543e-10
7.31717781e-10
7.05349515e-10
6.78557392e-10
6.51264748e-10
6.23463848e-10
5.95148714e-10
5.66367921e-10
5.37207377e-10
5.07548903e-10
4.77492957e-10
4.47116631e-10
4.16385015e-10
3.85450663e-10
3.54365122e-10
3.23202638e-10
2.92119546e-10
2.61278836e-10
2.30855624e-10
2.01045870e-10
1.72109232e-10
1.44336079e-10
1.18068111e-10
9.36552728e-11
7.14885345e-11
5.19669803e-11
3.54598959e-11
2.22538576e-11
1.24694000e-11
5.97063390e-12
2.28597624e-12
6.31262754e-13
1.06935678e-13
8.89242948e-15
4.69517975e-16
1.09213556e-16
