1.08581451e+04
1.05290002e+04
1.02320208e+04
9.96297020e+03
9.71827041e+03
9.49488880e+03
9.29019364e+03
9.10179041e+03
8.92751582e+03
8.76549481e+03
8.61397404e+03
8.47149241e+03
8.33677604e+03
8.20864915e+03
8.08628968e+03
7.96875488e+03
7.85547238e+03
7.74570592e+03
7.63915518e+03
7.53537474e+03
7.43380112e+03
7.33417065e+03
7.23617410e+03
7.13979846e+03
7.04454441e+03
6.95027100e+03
6.85681318e+03
6.76398693e+03
6.67159450e+03
6.57973409e+03
6.48825542e+03
6.39670990e+03
6.30523560e+03
6.21392092e+03
6.12205672e+03
6.03055093e+03
5.93816894e+03
5.84604201e+03
5.75298786e+03
5.65982544e+03
5.56592989e+03
5.47135439e+03
5.37644424e+03
5.28048231e+03
5.18404031e+03
5.08684963e+03
4.98854095e+03
4.88973755e+03
4.79000324e+03
4.68908911e+03
4.58757093e+03
4.48506780e+03
4.38133486e+03
4.27690805e+03
4.17146919e+03
4.06477074e+03
3.95740220e+03
3.84893943e+03
3.73925576e+03
3.62902584e+03
3.51755773e+03
3.40527951e+03
3.29212313e+03
3.17803509e+03
3.06330239e+03
2.94771481e+03
2.83158730e+03
2.71484826e+03
2.59760504e+03
2.48011836e+03
2.36233279e+03
2.24445341e+03
2.12672828e+03
2.00926213e+03
1.89227075e+03
1.77599606e+03
1.66070368e+03
1.54669100e+03
1.43424540e+03
1.32377583e+03
1.21562904e+03
1.11028512e+03
1.00817886e+03
9.09811519e+02
8.15779761e+02
7.26592563e+02
6.42903795e+02
5.65249888e+02
4.94245281e+02
4.30355518e+02
3.73961503e+02
3.25251805e+02
2.84141358e+02
2.50239784e+02
2.22817178e+02
2.00879660e+02
1.83325574e+02
1.69119832e+02
1.57433695e+02
1.47663881e+02
