7.17896707e-25
9.97349634e-25
1.36143641e-24
1.83495239e-24
2.44941092e-24
3.24524656e-24
4.27588940e-24
5.60924416e-24
7.33524241e-24
9.56941140e-24
1.24630953e-23
1.62140157e-23
2.10773979e-23
2.73767609e-23
3.55482539e-23
4.61525099e-23
5.99201567e-23
7.77810197e-23
1.00945442e-22
1.31016525e-22
1.70058131e-22
2.20754354e-22
2.86462056e-22
3.71780891e-22
4.82558302e-22
6.26395079e-22
8.12911951e-22
1.05493520e-21
1.36922852e-21
1.77735916e-21
2.30701738e-21
2.99360752e-21
3.88511305e-21
5.04293056e-21
6.54602275e-21
8.49551758e-21
1.10247076e-20
1.43087901e-20
1.85741732e-20
2.41085565e-20
3.12857439e-20
4.06030672e-20
5.27014995e-20
6.84137029e-20
8.87784330e-20
1.15218026e-19
1.49544184e-19
1.94117118e-19
2.51923446e-19
3.26936043e-19
4.24338008e-19
5.50806062e-19
7.14932837e-19
9.27717608e-19
1.20403173e-18
1.56286374e-18
2.02864618e-18
2.63272459e-18
3.41652351e-18
4.43438247e-18
5.75636097e-18
7.47141117e-18
9.69538089e-18
1.25827067e-17
1.63323608e-17
2.12021682e-17
2.75133038e-17
3.57061444e-17
4.63430278e-17
6.01569458e-17
7.80734319e-17
1.01321248e-16
1.31503992e-16
1.70692570e-16
2.21555649e-16
2.87505783e-16
3.73143887e-16
4.84342301e-16
6.28674335e-16
8.15869407e-16
1.05879269e-15
1.37426594e-15
1.78395077e-15
2.31538146e-15
3.00450512e-15
3.89917769e-15
5.06067686e-15
6.56748226e-15
8.51528212e-15
1.10309297e-14
1.42660555e-14
1.83991323e-14
2.36316939e-14
3.01842883e-14
3.82971200e-14
4.82324163e-14
6.02702209e-14
7.47341606e-14
9.19928962e-14
1.12512243e-13
