8.78084934e-09
9.77601235e-09
1.09659776e-08
1.24120684e-08
1.42006951e-08
1.64461533e-08
1.92850025e-08
2.28648100e-08
2.73313554e-08
3.28174283e-08
3.94439143e-08
4.73144317e-08
5.65200877e-08
6.71497122e-08
7.92700253e-08
9.29686818e-08
1.08305690e-07
1.25376292e-07
1.44223921e-07
1.64921935e-07
1.87589014e-07
2.12300837e-07
2.39156347e-07
2.68179665e-07
2.99550322e-07
3.33360573e-07
3.69720418e-07
4.08760958e-07
4.50637063e-07
4.95375800e-07
5.43120134e-07
5.94202216e-07
6.48658068e-07
7.06534276e-07
7.68415377e-07
8.33812998e-07
9.03754869e-07
9.77537685e-07
1.05626872e-06
1.13944326e-06
1.22779933e-06
1.32151430e-06
1.42045063e-06
1.52559758e-06
1.63659113e-06
1.75398850e-06
1.87855080e-06
2.00979461e-06
2.14860356e-06
2.29571107e-06
2.45065242e-06
2.61438493e-06
2.78776710e-06
2.97036621e-06
3.16320685e-06
3.36731291e-06
3.58212398e-06
3.80907725e-06
4.04915187e-06
4.30156119e-06
4.56864454e-06
4.85024213e-06
5.14741134e-06
5.46129130e-06
5.79214973e-06
6.14175290e-06
6.51041889e-06
6.89974526e-06
7.31091220e-06
7.74465205e-06
8.20299427e-06
8.68719487e-06
9.19846192e-06
9.73881448e-06
1.03100472e-05
1.09140912e-05
1.15530550e-05
1.22292163e-05
1.29453311e-05
1.37038499e-05
1.45081550e-05
1.53612687e-05
1.62672307e-05
1.72303570e-05
1.82548483e-05
1.93467736e-05
2.05114774e-05
2.17567276e-05
2.30897774e-05
2.45204564e-05
2.60594707e-05
2.77192555e-05
2.95147149e-05
3.14626048e-05
3.35827372e-05
3.58981815e-05
3.84349903e-05
4.12242809e-05
4.43026542e-05
4.77141341e-05
