1.23855511e-13
1.13885760e-13
1.06059218e-13
9.97729756e-14
9.46292213e-14
9.03540002e-14
8.67468297e-14
8.36605603e-14
8.09827138e-14
7.86260239e-14
7.65255528e-14
7.46314097e-14
7.29027976e-14
7.13100960e-14
6.98301324e-14
6.84420967e-14
6.71343096e-14
6.58904770e-14
6.47034936e-14
6.35655155e-14
6.24682679e-14
6.14033326e-14
6.03740750e-14
5.93673579e-14
5.83842972e-14
5.74228805e-14
5.64776501e-14
5.55468632e-14
5.46287538e-14
5.37215549e-14
5.28235182e-14
5.19329311e-14
5.10481323e-14
5.01683889e-14
4.92963175e-14
4.84262499e-14
4.75567457e-14
4.66869581e-14
4.58232889e-14
4.49569270e-14
4.40867567e-14
4.32207134e-14
4.23504071e-14
4.14743488e-14
4.06017874e-14
3.97215605e-14
3.88377256e-14
3.79521308e-14
3.70572843e-14
3.61627141e-14
3.52601318e-14
3.43507750e-14
3.34393296e-14
3.25172693e-14
3.15928806e-14
3.06608712e-14
2.97191445e-14
2.87768147e-14
2.78241850e-14
2.68642073e-14
2.59016178e-14
2.49299461e-14
2.39507488e-14
2.29705033e-14
2.19830777e-14
2.09896319e-14
1.99915927e-14
1.89936304e-14
1.79925352e-14
1.69898145e-14
1.59870644e-14
1.49859776e-14
1.39883592e-14
1.29961527e-14
1.20114776e-14
1.10366825e-14
1.00756588e-14
9.13153746e-15
8.20626053e-15
7.30647172e-15
6.43455531e-15
5.59623060e-15
4.79699034e-15
4.04240679e-15
3.33839533e-15
2.69131988e-15
2.10728724e-15
1.59205757e-15
1.15058341e-15
7.86245738e-16
5.00003957e-16
2.89372608e-16
1.47668906e-16
6.34004641e-17
2.13390267e-17
5.02743666e-18
6.84191328e-19
3.76019157e-20
4.10087176e-22
1.87806932e-24
