7.15478816e-21
9.05515038e-21
1.14104217e-20
1.43344044e-20
1.79599244e-20
2.24618934e-20
2.80360970e-20
3.49580267e-20
4.35468829e-20
5.42036161e-20
6.74312768e-20
8.38591739e-20
1.04271951e-19
1.29644244e-19
1.61109822e-19
2.00208794e-19
2.48816672e-19
3.09261646e-19
3.84356158e-19
4.77560508e-19
5.93436917e-19
7.37524295e-19
9.16720196e-19
1.13898947e-18
1.41529212e-18
1.75884187e-18
2.18606997e-18
2.71653489e-18
3.37532902e-18
4.19448724e-18
5.21311017e-18
6.47932075e-18
8.05005814e-18
1.00030863e-17
1.24317549e-17
1.54521002e-17
1.91999558e-17
2.38564066e-17
2.96465249e-17
3.68474036e-17
4.57939522e-17
5.68973868e-17
7.07021937e-17
8.78689274e-17
1.09219239e-16
1.35701054e-16
1.68618591e-16
2.09547427e-16
2.60447488e-16
3.23650859e-16
4.02142063e-16
4.99734650e-16
6.21087898e-16
7.71943948e-16
9.59088959e-16
1.19178263e-15
1.48113326e-15
1.84096140e-15
2.28747258e-15
2.84225610e-15
3.53212361e-15
4.39004833e-15
5.45591132e-15
6.77872487e-15
8.42344297e-15
1.04687822e-14
1.30125348e-14
1.61675360e-14
2.00891594e-14
2.49653731e-14
3.10298325e-14
3.85602919e-14
4.79116729e-14
5.95383452e-14
7.39959904e-14
9.19696782e-14
1.14267202e-13
1.41990634e-13
1.76462597e-13
2.19330865e-13
2.72529343e-13
3.38629416e-13
4.20822454e-13
5.23032903e-13
6.50014239e-13
8.07608789e-13
1.00354877e-12
1.24716476e-12
1.54996605e-12
1.92515662e-12
2.39043558e-12
2.96656912e-12
3.67804786e-12
4.55362845e-12
5.62733680e-12
6.93903980e-12
8.53520853e-12
1.04716682e-11
1.28149687e-11
1.56455187e-11
