9.22616492e-05
9.57030962e-05
9.93890641e-05
1.03311567e-04
1.07478149e-04
1.11895979e-04
1.16574178e-04
1.21514796e-04
1.26726480e-04
1.32213309e-04
1.37981047e-04
1.44035845e-04
1.50382046e-04
1.57019276e-04
1.63965720e-04
1.71232741e-04
1.78832462e-04
1.86769618e-04
1.95055967e-04
2.03715364e-04
2.12764921e-04
2.22221352e-04
2.32083628e-04
2.42388180e-04
2.53154784e-04
2.64405168e-04
2.76145838e-04
2.88405431e-04
3.01215029e-04
3.14598917e-04
3.28576372e-04
3.43159594e-04
3.58398618e-04
3.74321927e-04
3.90968294e-04
4.08312277e-04
4.26439253e-04
4.45381730e-04
4.65175584e-04
4.85837839e-04
5.07401659e-04
5.29933801e-04
5.53479776e-04
5.78082139e-04
6.03737782e-04
6.30542882e-04
6.58551097e-04
6.87819413e-04
7.18362810e-04
7.50254248e-04
7.83574954e-04
8.18390632e-04
8.54752526e-04
8.92691380e-04
9.32334200e-04
9.73754657e-04
1.01705581e-03
1.06217528e-03
1.10933347e-03
1.15861155e-03
1.21010098e-03
1.26384812e-03
1.31994373e-03
1.37856179e-03
1.43981674e-03
1.50381544e-03
1.57055153e-03
1.64028013e-03
1.71314335e-03
1.78928587e-03
1.86874085e-03
1.95169815e-03
2.03837438e-03
2.12894547e-03
2.22354197e-03
2.32223811e-03
2.42536003e-03
2.53310464e-03
2.64574618e-03
2.76312673e-03
2.88580877e-03
3.01399704e-03
3.14793290e-03
3.28774609e-03
3.43367989e-03
3.58618051e-03
3.74554161e-03
3.91206287e-03
4.08579440e-03
4.26753181e-03
4.45787837e-03
4.65761211e-03
4.86776707e-03
5.08975769e-03
5.32551790e-03
5.57745830e-03
5.84815110e-03
6.14061129e-03
6.45778747e-03
6.80266278e-03
