2.42797898e-09
2.20917641e-09
1.99623821e-09
1.78924979e-09
1.58923515e-09
1.39900281e-09
1.21983320e-09
1.05424886e-09
9.03860972e-10
7.69785855e-10
6.52112869e-10
5.50855991e-10
4.64120050e-10
3.90511657e-10
3.28339676e-10
2.76015696e-10
2.32011825e-10
1.95005143e-10
1.63887203e-10
1.37679259e-10
1.15767598e-10
9.73011810e-11
8.17769798e-11
6.87252022e-11
5.77646746e-11
4.85503884e-11
4.08043226e-11
3.42928634e-11
2.88223890e-11
2.42256262e-11
2.03605931e-11
1.71114333e-11
1.43783353e-11
1.20877291e-11
1.01596342e-11
8.53846222e-12
7.17560750e-12
6.03113877e-12
5.06931941e-12
4.26060546e-12
3.58063599e-12
3.00783474e-12
2.52935743e-12
2.12591120e-12
1.78671224e-12
1.50152125e-12
1.26205778e-12
1.06074938e-12
8.91520399e-13
7.49251879e-13
6.29727044e-13
5.29286729e-13
4.44843697e-13
3.73859906e-13
3.14126919e-13
2.64100123e-13
2.21970030e-13
1.86549686e-13
1.56775613e-13
1.31773648e-13
1.10757989e-13
9.30869102e-14
7.82300311e-14
6.57478416e-14
5.52634087e-14
4.64484417e-14
3.90366870e-14
3.28049927e-14
2.75739230e-14
2.31759505e-14
1.94785744e-14
1.63699542e-14
1.37584698e-14
1.15639845e-14
9.71915516e-15
8.16831100e-15
6.86270660e-15
5.77005068e-15
4.84947612e-15
4.07555073e-15
3.42494180e-15
2.87850380e-15
2.41901327e-15
2.03251247e-15
1.70739647e-15
1.43343575e-15
1.20392535e-15
1.01009532e-15
8.46628891e-16
7.08641006e-16
5.92019620e-16
4.93295149e-16
4.09556943e-16
3.38392860e-16
2.77837414e-16
2.26275403e-16
1.82350909e-16
1.44976496e-16
1.13259145e-16
8.63611655e-17
