9.12190673e-05
9.30077550e-05
9.44989491e-05
9.57355791e-05
9.67622939e-05
9.76251608e-05
9.83662067e-05
9.90197413e-05
9.96100644e-05
1.00155496e-04
1.00669320e-04
1.01159951e-04
1.01635839e-04
1.02102261e-04
1.02562123e-04
1.03020283e-04
1.03478970e-04
1.03940752e-04
1.04408444e-04
1.04881811e-04
1.05365232e-04
1.05857869e-04
1.06363921e-04
1.06882755e-04
1.07416004e-04
1.07966346e-04
1.08535112e-04
1.09123731e-04
1.09733743e-04
1.10366805e-04
1.11024707e-04
1.11709385e-04
1.12422938e-04
1.13167645e-04
1.13945990e-04
1.14760684e-04
1.15614695e-04
1.16511279e-04
1.17454016e-04
1.18446857e-04
1.19494166e-04
1.20600784e-04
1.21772089e-04
1.23014070e-04
1.24328976e-04
1.25727832e-04
1.27219187e-04
1.28812425e-04
1.30518130e-04
1.32348274e-04
1.34316428e-04
1.36432391e-04
1.38715818e-04
1.41189056e-04
1.43874921e-04
1.46799595e-04
1.49993189e-04
1.53490405e-04
1.57329005e-04
1.61546764e-04
1.66206766e-04
1.71371413e-04
1.77113393e-04
1.83517532e-04
1.90682995e-04
1.98725914e-04
2.07782520e-04
2.18012884e-04
2.29605401e-04
2.42782177e-04
2.57805512e-04
2.74985752e-04
2.94690824e-04
3.17357891e-04
3.43507682e-04
3.73762226e-04
4.08809732e-04
4.49429689e-04
4.96769375e-04
5.52016764e-04
6.16361621e-04
6.91757400e-04
7.79885469e-04
8.83059056e-04
1.00397615e-03
1.14563638e-03
1.31150419e-03
1.50518918e-03
1.73118643e-03
1.99391480e-03
2.29781756e-03
2.64704381e-03
3.04443730e-03
3.49061006e-03
3.98225792e-03
4.51067629e-03
5.06155784e-03
5.61780669e-03
6.16367272e-03
6.68654387e-03
