1.33276235e+12
1.26862796e+12
1.21721196e+12
1.17539310e+12
1.14095539e+12
1.11223793e+12
1.08795400e+12
1.06708817e+12
1.04885521e+12
1.03267187e+12
1.01805805e+12
1.00469871e+12
9.92317179e+11
9.80711088e+11
9.69745091e+11
9.59301948e+11
9.49279009e+11
9.39583497e+11
9.30160686e+11
9.20972933e+11
9.11978848e+11
9.03134740e+11
8.94395918e+11
8.85733595e+11
8.77171891e+11
8.68619337e+11
8.60130934e+11
8.51638436e+11
8.43119846e+11
8.34635058e+11
8.26106443e+11
8.17527731e+11
8.08892504e+11
8.00209224e+11
7.91477380e+11
7.82664983e+11
7.73765322e+11
7.64771610e+11
7.55676990e+11
7.46474532e+11
7.37157235e+11
7.27718023e+11
7.18149743e+11
7.08445157e+11
6.98596941e+11
6.88597675e+11
6.78439836e+11
6.68115795e+11
6.57617805e+11
6.46937995e+11
6.36068365e+11
6.25000776e+11
6.13726949e+11
6.02238453e+11
5.90526709e+11
5.78582982e+11
5.66398379e+11
5.53963856e+11
5.41270217e+11
5.28308119e+11
5.15068090e+11
5.01540534e+11
4.87715765e+11
4.73584027e+11
4.59135549e+11
4.44360597e+11
4.29301010e+11
4.13905057e+11
3.98163903e+11
3.82069632e+11
3.65615141e+11
3.48859565e+11
3.31780027e+11
3.14338494e+11
2.96620166e+11
2.78605658e+11
2.60327194e+11
2.41818486e+11
2.23155372e+11
2.04352381e+11
1.85500106e+11
1.66694064e+11
1.48038015e+11
1.29649365e+11
1.11691918e+11
9.43351620e+10
7.77939041e+10
6.22912535e+10
4.80810797e+10
3.54274929e+10
2.45860829e+10
1.57712424e+10
9.10354158e+09
4.55021946e+09
1.86415373e+09
5.81386391e+08
1.28973415e+08
2.32256164e+07
6.75819752e+06
3.76801399e+06
