8.69766269e-25
2.58477264e-24
2.70754644e-23
3.13793696e-22
2.07898613e-21
8.75244153e-21
2.67935484e-20
6.55444111e-20
1.36308729e-19
2.51697220e-19
4.24782043e-19
6.69137368e-19
9.98995211e-19
1.42903812e-18
1.97468185e-18
2.65348671e-18
3.48223143e-18
4.48319927e-18
5.67617504e-18
7.08406743e-18
8.73465550e-18
1.06625589e-17
1.28878977e-17
1.54630986e-17
1.84116105e-17
2.17835579e-17
2.56316113e-17
3.00082858e-17
3.49722059e-17
4.05890819e-17
4.69327922e-17
5.40865759e-17
6.21443413e-17
7.12120957e-17
8.13601179e-17
9.27244226e-17
1.05471920e-16
1.19768216e-16
1.35679076e-16
1.53443985e-16
1.73332979e-16
1.95443205e-16
2.20049395e-16
2.47565255e-16
2.78022780e-16
3.11949712e-16
3.49785861e-16
3.91542197e-16
4.38143721e-16
4.89748411e-16
5.46962860e-16
6.10733935e-16
6.80890779e-16
7.59028649e-16
8.45539972e-16
9.41163264e-16
1.04752403e-15
1.16473435e-15
1.29467239e-15
1.43898825e-15
1.59776834e-15
1.77385385e-15
1.96913807e-15
2.18446324e-15
2.42262770e-15
2.68644440e-15
2.97852969e-15
3.30116342e-15
3.65761180e-15
4.05210529e-15
4.48863028e-15
4.97164007e-15
5.50613078e-15
6.09773044e-15
6.75280154e-15
7.47855614e-15
8.28132376e-15
9.17136854e-15
1.01591543e-14
1.12537660e-14
1.24697462e-14
1.38210295e-14
1.53237787e-14
1.69971315e-14
1.88633104e-14
2.09474657e-14
2.32799221e-14
2.58965938e-14
2.88401519e-14
3.21628053e-14
3.59288986e-14
4.02199981e-14
4.51366482e-14
5.08122547e-14
5.74154800e-14
6.51710593e-14
7.43777314e-14
8.54421932e-14
9.89345222e-14
1.15681574e-13
