1.33867600e+12
1.25650423e+12
1.17106434e+12
1.08465132e+12
9.98630895e+11
9.14107765e+11
8.31945911e+11
7.52967841e+11
6.78010697e+11
6.07662506e+11
5.42315604e+11
4.82199452e+11
4.27393687e+11
3.77833883e+11
3.33327384e+11
2.93652021e+11
2.58427877e+11
2.27218954e+11
1.99645941e+11
1.75339856e+11
1.54003069e+11
1.35224535e+11
1.18709488e+11
1.04194070e+11
9.14686493e+10
8.03004688e+10
7.04871251e+10
6.18653761e+10
5.42983594e+10
4.76685450e+10
4.18443191e+10
3.67278416e+10
3.22249883e+10
2.82964318e+10
2.48397151e+10
2.18033216e+10
1.91362095e+10
1.67968601e+10
1.47454674e+10
1.29432982e+10
1.13603757e+10
9.97031001e+09
8.75315180e+09
7.68367512e+09
6.74415572e+09
5.91898094e+09
5.19580980e+09
4.56124607e+09
4.00371292e+09
3.51394314e+09
3.08413115e+09
2.70758093e+09
2.37676329e+09
2.08612736e+09
1.83032199e+09
1.60721550e+09
1.41089270e+09
1.23843203e+09
1.08693272e+09
9.54045425e+08
8.37529058e+08
7.35175215e+08
6.45270974e+08
5.66310988e+08
4.97171907e+08
4.36425288e+08
3.83064766e+08
3.36198770e+08
2.95121644e+08
2.59076190e+08
2.27407259e+08
1.99589845e+08
1.75178066e+08
1.53790776e+08
1.34999385e+08
1.18490354e+08
1.03959181e+08
9.12892602e+07
8.01388183e+07
7.03427754e+07
6.17370569e+07
5.41887740e+07
4.75712017e+07
4.17579794e+07
3.66513837e+07
3.21658918e+07
2.82382540e+07
2.47868606e+07
2.17532751e+07
1.90846732e+07
1.67360307e+07
1.46613700e+07
1.28165010e+07
1.11639234e+07
9.66862400e+06
8.30164789e+06
7.03420283e+06
5.84664329e+06
4.72533167e+06
3.67001802e+06
