7.76871790e-13
8.43868882e-13
9.06801724e-13
9.64768160e-13
1.01750707e-12
1.06550972e-12
1.10973739e-12
1.15128553e-12
1.19105710e-12
1.22985919e-12
1.26836426e-12
1.30703413e-12
1.34644968e-12
1.38703573e-12
1.42907990e-12
1.47311282e-12
1.51949050e-12
1.56866227e-12
1.62117899e-12
1.67731224e-12
1.73795071e-12
1.80343613e-12
1.87486416e-12
1.95279146e-12
2.03820123e-12
2.13241909e-12
2.23675323e-12
2.35274016e-12
2.48218883e-12
2.62723373e-12
2.79039927e-12
2.97467757e-12
3.18362279e-12
3.42146560e-12
3.69325209e-12
4.00501278e-12
4.36396812e-12
4.77877899e-12
5.25985181e-12
5.81971105e-12
6.47345376e-12
7.23930513e-12
8.13929749e-12
9.20010098e-12
1.04495901e-11
1.19294098e-11
1.36868492e-11
1.57791542e-11
1.82759696e-11
2.12621016e-11
2.48409043e-11
2.91264234e-11
3.42733881e-11
4.04724566e-11
4.79509008e-11
5.69865337e-11
6.79191134e-11
8.11643339e-11
9.72207930e-11
1.16666673e-10
1.40298183e-10
1.69045165e-10
2.04047392e-10
2.46702339e-10
2.98723860e-10
3.62214338e-10
4.39753428e-10
5.34507353e-10
6.50363675e-10
7.92097833e-10
9.65579441e-10
1.17802870e-09
1.43833640e-09
1.75746540e-09
2.14895728e-09
2.62957629e-09
3.21914495e-09
3.94128478e-09
4.82914200e-09
5.92057847e-09
7.25758395e-09
8.90335851e-09
1.09222778e-08
1.34009553e-08
1.64460308e-08
2.01852768e-08
2.47758808e-08
3.04009734e-08
3.72986065e-08
4.57450918e-08
5.60716904e-08
6.86758879e-08
8.40164477e-08
1.02619590e-07
1.25061587e-07
1.51941011e-07
1.83832872e-07
2.21249172e-07
2.64594766e-07
3.14116280e-07
