7.46096255e-25
1.06198568e-24
1.47493628e-24
2.01347165e-24
2.71318185e-24
3.61895393e-24
4.79255191e-24
6.30852723e-24
8.26908618e-24
1.08052053e-23
1.40881774e-23
1.83397205e-23
2.38465592e-23
3.09858486e-23
4.02448067e-23
5.22583376e-23
6.78441292e-23
8.80599237e-23
1.14300949e-22
1.48361985e-22
1.92569168e-22
2.49912790e-22
3.24347698e-22
4.20990767e-22
5.46454763e-22
7.09199891e-22
9.20343464e-22
1.19449792e-21
1.55048645e-21
2.01258114e-21
2.61168940e-21
3.38938690e-21
4.39918138e-21
5.70906212e-21
7.41125591e-21
9.61805216e-21
1.24826645e-20
1.62021708e-20
2.10299411e-20
2.72923538e-20
3.54212676e-20
4.59734425e-20
5.96718215e-20
7.74417828e-20
1.00508100e-19
1.30452360e-19
1.69324517e-19
2.19751705e-19
2.85185180e-19
3.70146040e-19
4.80452943e-19
6.23620887e-19
8.09251641e-19
1.05025233e-18
1.36319485e-18
1.76911291e-18
2.29648490e-18
2.98022591e-18
3.86790062e-18
5.02060263e-18
6.51665565e-18
8.45702553e-18
1.09755949e-17
1.42453072e-17
1.84906518e-17
2.39973104e-17
3.11445925e-17
4.04221726e-17
5.24666212e-17
6.80933805e-17
8.83716341e-17
1.14698707e-16
1.48875445e-16
1.93233300e-16
2.50756222e-16
3.25444099e-16
4.22420975e-16
5.48197746e-16
7.11584660e-16
9.23451074e-16
1.19854426e-15
1.55576510e-15
2.01931638e-15
2.62047907e-15
3.40077327e-15
4.41367601e-15
5.72796424e-15
7.42939675e-15
9.62864019e-15
1.24602307e-14
1.60825267e-14
2.06724541e-14
2.64150980e-14
3.35027411e-14
4.21173108e-14
5.24390455e-14
6.46472976e-14
7.89404539e-14
9.55306837e-14
1.14708476e-13
