6.92480253e-25
9.39616066e-25
1.26043961e-24
1.67756955e-24
2.21842588e-24
2.92033854e-24
3.82779520e-24
5.00461138e-24
6.52902968e-24
8.50346045e-24
1.10619511e-23
1.43796122e-23
1.86843307e-23
2.42715481e-23
3.15070236e-23
4.08954250e-23
5.30850460e-23
6.89171545e-23
8.94603513e-23
1.16088039e-22
1.50660101e-22
1.95558709e-22
2.53882309e-22
3.29443360e-22
4.27537694e-22
5.54913942e-22
7.20347747e-22
9.34903296e-22
1.21320615e-21
1.57461423e-21
2.04395862e-21
2.65328647e-21
3.44275379e-21
4.46800650e-21
5.79959918e-21
7.52863099e-21
9.77037340e-21
1.26786453e-20
1.64558098e-20
2.13622011e-20
2.77286617e-20
3.59802355e-20
4.66946076e-20
6.06109462e-20
7.86887371e-20
1.02107922e-19
1.32507986e-19
1.71983710e-19
2.23259330e-19
2.89764681e-19
3.76023126e-19
4.88028169e-19
6.33481833e-19
8.22336742e-19
1.06704243e-18
1.38482348e-18
1.79751264e-18
2.33334665e-18
3.02812789e-18
3.92956809e-18
5.10034000e-18
6.62098731e-18
8.59401182e-18
1.11513107e-17
1.44722167e-17
1.87857763e-17
2.43888356e-17
3.16468058e-17
4.10680693e-17
5.33031015e-17
6.91966278e-17
8.98103866e-17
1.16543590e-16
1.51254582e-16
1.96334589e-16
2.54872417e-16
3.30721384e-16
4.29211329e-16
5.57106242e-16
7.23169639e-16
9.38520191e-16
1.21793401e-15
1.58080406e-15
2.05206623e-15
2.66351673e-15
3.45605917e-15
4.48512887e-15
5.82101734e-15
7.55366714e-15
9.79214237e-15
1.26817334e-14
1.63980945e-14
2.11501599e-14
2.71825818e-14
3.47817739e-14
4.42802916e-14
5.60637529e-14
7.05941668e-14
8.84248422e-14
1.10233653e-13
