6.96027633e-03
6.74313928e-03
6.52321654e-03
6.30029472e-03
6.07479044e-03
5.84878160e-03
5.62290761e-03
5.39928980e-03
5.17943370e-03
4.96487867e-03
4.75664476e-03
4.55623672e-03
4.36323437e-03
4.17796358e-03
4.00034384e-03
3.83032409e-03
3.66753017e-03
3.51159103e-03
3.36222593e-03
3.21904244e-03
3.08240887e-03
2.95136941e-03
2.82585720e-03
2.70563798e-03
2.59063679e-03
2.48051063e-03
2.37503871e-03
2.27401881e-03
2.17732666e-03
2.08477576e-03
1.99613468e-03
1.91124151e-03
1.82990412e-03
1.75217650e-03
1.67768338e-03
1.60633633e-03
1.53800676e-03
1.47263069e-03
1.41003456e-03
1.35007676e-03
1.29265028e-03
1.23759356e-03
1.18507731e-03
1.13469537e-03
1.08643728e-03
1.04021592e-03
9.96006428e-04
9.53668004e-04
9.13116969e-04
8.74275993e-04
8.37102411e-04
8.01520136e-04
7.67441947e-04
7.34803516e-04
7.03525077e-04
6.73647599e-04
6.45007373e-04
6.17577880e-04
5.91308013e-04
5.66174166e-04
5.42106601e-04
5.19054313e-04
4.96976424e-04
4.75843782e-04
4.55620130e-04
4.36248813e-04
4.17694469e-04
3.99923784e-04
3.82929103e-04
3.66651403e-04
3.51060100e-04
3.36126284e-04
3.21835345e-04
3.08155630e-04
2.95053864e-04
2.82504873e-04
2.70476346e-04
2.58991675e-04
2.47979969e-04
2.37433160e-04
2.27330730e-04
2.17663618e-04
2.08403629e-04
1.99530764e-04
1.91027153e-04
1.82867650e-04
1.75064420e-04
1.67562920e-04
1.60353645e-04
1.53416966e-04
1.46731955e-04
1.40276589e-04
1.34028474e-04
1.27965574e-04
1.22068138e-04
1.16317880e-04
1.10695663e-04
1.05187885e-04
9.97801724e-05
9.44435907e-05
