2.09335402e+04
2.24544983e+04
2.39841263e+04
2.55097923e+04
2.70198051e+04
2.85071709e+04
2.99699290e+04
3.14130926e+04
3.28457243e+04
3.42780227e+04
3.57238331e+04
3.71924193e+04
3.86986708e+04
4.02552945e+04
4.18721446e+04
4.35603840e+04
4.53346835e+04
4.72103269e+04
4.92012691e+04
5.13200018e+04
5.35823869e+04
5.60081576e+04
5.86214457e+04
6.14414698e+04
6.44847569e+04
6.77939162e+04
7.13823778e+04
7.52912464e+04
7.95703672e+04
8.42323291e+04
8.93387094e+04
9.49497786e+04
1.01123179e+05
1.07923640e+05
1.15398696e+05
1.23647501e+05
1.32767828e+05
1.42863160e+05
1.54049970e+05
1.66459398e+05
1.80239139e+05
1.95555591e+05
2.12596266e+05
2.31572527e+05
2.52722672e+05
2.76315428e+05
3.02653888e+05
3.32079965e+05
3.64979430e+05
4.01787592e+05
4.42995734e+05
4.89158376e+05
5.40901503e+05
5.98931867e+05
6.64047538e+05
7.37149859e+05
8.19257024e+05
9.11519524e+05
1.01523775e+06
1.13188208e+06
1.26311593e+06
1.41082217e+06
1.57713362e+06
1.76446828e+06
1.97557029e+06
2.21355759e+06
2.48173351e+06
2.78335903e+06
3.12360376e+06
3.50762679e+06
3.94133533e+06
4.43057610e+06
4.98112414e+06
5.60371782e+06
6.30624944e+06
7.09802752e+06
7.99301336e+06
9.00185901e+06
1.01401120e+07
1.14255106e+07
1.28755216e+07
1.45102598e+07
1.63530487e+07
1.84309359e+07
2.07722894e+07
2.34090155e+07
2.63747197e+07
2.97090800e+07
3.34536739e+07
3.76526600e+07
4.23527239e+07
4.76014605e+07
5.34473638e+07
5.99355934e+07
6.71069519e+07
7.49967890e+07
8.36341358e+07
9.30426028e+07
1.03237286e+08
1.14223165e+08
