1.72241447e-11
1.54658163e-11
1.37691409e-11
1.21348571e-11
1.05717191e-11
9.10282926e-12
7.73872893e-12
6.49928895e-12
5.39635334e-12
4.43674418e-12
3.61817325e-12
2.93674348e-12
2.37371433e-12
1.91421297e-12
1.54169221e-12
1.24113254e-12
9.98980408e-13
8.03960550e-13
6.46942494e-13
5.20292193e-13
4.18958157e-13
3.37154758e-13
2.71311693e-13
2.18312424e-13
1.75697725e-13
1.41393358e-13
1.13780004e-13
9.15554710e-14
7.36790860e-14
5.92967334e-14
4.77174112e-14
3.83966188e-14
3.08890601e-14
2.48663123e-14
2.00116553e-14
1.61032490e-14
1.29571653e-14
1.04275090e-14
8.39202550e-15
6.75340544e-15
5.43423712e-15
4.36991658e-15
3.51921466e-15
2.83211581e-15
2.27903125e-15
1.83379842e-15
1.47583513e-15
1.18768352e-15
9.55749808e-16
7.69069236e-16
6.18907989e-16
4.98084111e-16
4.00816591e-16
3.22527900e-16
2.59444604e-16
2.08878938e-16
1.68095614e-16
1.35263599e-16
1.08838077e-16
8.75921693e-17
7.04938249e-17
5.67280975e-17
4.56463034e-17
3.67313077e-17
2.95615448e-17
2.37900192e-17
1.91437557e-17
1.54032797e-17
1.23967939e-17
9.97649386e-18
8.02835016e-18
6.46016290e-18
5.19877712e-18
4.18380983e-18
3.36680583e-18
2.70922347e-18
2.17911430e-18
1.75453506e-18
1.41190980e-18
1.13610042e-18
9.14104034e-19
7.35593688e-19
5.91876365e-19
4.76129114e-19
3.82906742e-19
3.07686409e-19
2.47396089e-19
1.98642406e-19
1.59290423e-19
1.27502906e-19
1.01803202e-19
8.10014412e-20
6.41408320e-20
5.04578549e-20
3.93503193e-20
3.03406160e-20
2.30437769e-20
1.71562957e-20
1.24354194e-20
8.67323397e-21
