7.84532034e-13
8.75529473e-13
9.81003265e-13
1.10253167e-12
1.24251780e-12
1.40349468e-12
1.58852266e-12
1.80100173e-12
2.04441292e-12
2.32293101e-12
2.64139812e-12
3.00531575e-12
3.42092097e-12
3.89535114e-12
4.43682146e-12
5.05356224e-12
5.75597657e-12
6.55696864e-12
7.47029307e-12
8.51156181e-12
9.69503579e-12
1.10444252e-11
1.25829702e-11
1.43371385e-11
1.63325483e-11
1.86047714e-11
2.11956144e-11
2.41498627e-11
2.75153010e-11
3.13419131e-11
3.57043936e-11
4.06787941e-11
4.63550740e-11
5.27999577e-11
6.01469202e-11
6.85228713e-11
7.80739744e-11
8.89485773e-11
1.01323081e-10
1.15429554e-10
1.31512116e-10
1.49848415e-10
1.70687482e-10
1.94445921e-10
2.21531861e-10
2.52413188e-10
2.87545189e-10
3.27552460e-10
3.73168377e-10
4.25177751e-10
4.84425600e-10
5.51793908e-10
6.28603119e-10
7.16186850e-10
8.16124717e-10
9.29581380e-10
1.05892271e-09
1.20639272e-09
1.37455952e-09
1.56602463e-09
1.78387146e-09
2.03220718e-09
2.31535416e-09
2.63821225e-09
3.00511652e-09
3.42338106e-09
3.90020708e-09
4.44388172e-09
5.06246296e-09
5.76686710e-09
6.56995272e-09
7.48553640e-09
8.52861630e-09
9.71473321e-09
1.10671197e-08
1.26091116e-08
1.43685352e-08
1.63658636e-08
1.86430390e-08
2.12395531e-08
2.42003642e-08
2.75711903e-08
3.14062110e-08
3.57782630e-08
4.07636211e-08
4.64484654e-08
5.29085417e-08
6.02738903e-08
6.86750616e-08
7.82659476e-08
8.92136867e-08
1.01739654e-07
1.16140777e-07
1.32776741e-07
1.52118158e-07
1.74727227e-07
2.01386967e-07
2.33003906e-07
2.70716984e-07
3.15837420e-07
