3.43374911e-07
3.17640715e-07
2.92329186e-07
2.67446558e-07
2.43100075e-07
2.19605607e-07
1.97103460e-07
1.75890492e-07
1.56167939e-07
1.38097181e-07
1.21734826e-07
1.07147247e-07
9.41706836e-08
8.27059453e-08
7.26098962e-08
6.37430061e-08
5.59573895e-08
4.91196031e-08
4.31147272e-08
3.78342309e-08
3.32207225e-08
2.91614748e-08
2.55972527e-08
2.24674785e-08
1.97225397e-08
1.73126055e-08
1.51967297e-08
1.33390066e-08
1.17088887e-08
1.02783264e-08
9.02214671e-09
7.91926008e-09
6.95039630e-09
6.10207650e-09
5.35642567e-09
4.70165961e-09
4.12679558e-09
3.62260045e-09
3.18003714e-09
2.79139108e-09
2.45011365e-09
2.14995273e-09
1.88789669e-09
1.65721718e-09
1.45465165e-09
1.27677601e-09
1.12079607e-09
9.83851423e-10
8.63613495e-10
7.58036060e-10
6.65396830e-10
5.84096750e-10
5.12713426e-10
4.50041607e-10
3.94965508e-10
3.46771629e-10
3.04394573e-10
2.67186226e-10
2.34519813e-10
2.05869465e-10
1.80717081e-10
1.58628980e-10
1.39234673e-10
1.22216866e-10
1.07287505e-10
9.41775050e-11
8.26648886e-11
7.25557793e-11
6.36932118e-11
5.59112473e-11
4.90780870e-11
4.30777104e-11
3.78132334e-11
3.31931883e-11
2.91368199e-11
2.55752371e-11
2.24441468e-11
1.97061091e-11
1.72977139e-11
1.51830924e-11
1.33263588e-11
1.16975590e-11
1.02671003e-11
9.01045950e-12
7.90642426e-12
6.93487747e-12
6.08418135e-12
5.33392481e-12
4.67291092e-12
4.08989018e-12
3.57489935e-12
3.11910436e-12
2.71476008e-12
2.35519550e-12
2.03481071e-12
1.74884551e-12
1.49312765e-12
1.26431974e-12
1.05960333e-12
8.75906851e-13
