1.69954421e-11
1.50583809e-11
1.32308191e-11
1.15146935e-11
9.91344988e-12
8.43960271e-12
7.10398199e-12
5.91481056e-12
4.87666015e-12
3.98811779e-12
3.24056884e-12
2.62328698e-12
2.11721737e-12
1.70603405e-12
1.37356079e-12
1.10557406e-12
8.89790368e-13
7.16067987e-13
5.76221083e-13
4.63491213e-13
3.73138890e-13
3.00279703e-13
2.41643048e-13
1.94447153e-13
1.56479471e-13
1.25922841e-13
1.01332027e-13
8.15426741e-14
6.56200960e-14
5.28076506e-14
4.24946586e-14
3.41950617e-14
2.75135267e-14
2.21449580e-14
1.78209114e-14
1.43403354e-14
1.15392042e-14
9.28611994e-15
7.47319227e-15
6.01390072e-15
4.83926082e-15
3.89227743e-15
3.13378588e-15
2.52191922e-15
2.02943733e-15
1.63302504e-15
1.31415552e-15
1.05754720e-15
8.51040322e-16
6.84838076e-16
5.51103460e-16
4.43491873e-16
3.56883165e-16
2.87186474e-16
2.31059412e-16
1.85983318e-16
1.49664827e-16
1.20433875e-16
9.69110852e-17
7.79903136e-17
6.27636452e-17
5.05066054e-17
4.06412349e-17
3.26867534e-17
2.63192847e-17
2.11804362e-17
1.70439318e-17
1.37144961e-17
1.10367150e-17
8.88181342e-18
7.14750658e-18
5.75154682e-18
4.62832029e-18
3.72456729e-18
2.99725892e-18
2.41194302e-18
1.94041468e-18
1.56192478e-18
1.25688769e-18
1.01139582e-18
8.13830835e-19
6.54886991e-19
5.26940346e-19
4.23923027e-19
3.40979209e-19
2.74102047e-19
2.20414370e-19
1.77052098e-19
1.42068097e-19
1.13824380e-19
9.10021411e-20
7.25382920e-20
5.75798128e-20
4.54478389e-20
3.56057819e-20
2.76216427e-20
2.11539553e-20
1.59278724e-20
1.17282080e-20
8.36428874e-21
