7.81538682e-21
1.04985735e-20
1.38246019e-20
1.79519934e-20
2.30573576e-20
2.93639847e-20
3.71523833e-20
4.67740914e-20
5.86448113e-20
7.33429762e-20
9.15338657e-20
1.14062644e-19
1.42000801e-19
1.76666077e-19
2.19696707e-19
2.73133711e-19
3.39481801e-19
4.21929279e-19
5.24385276e-19
6.51699566e-19
8.09841056e-19
1.00633568e-18
1.25058208e-18
1.55417570e-18
1.93142396e-18
2.39996859e-18
2.98228213e-18
3.70612309e-18
4.60514337e-18
5.72355674e-18
7.11223180e-18
8.83804154e-18
1.09832652e-17
1.36491785e-17
1.69612593e-17
2.10771222e-17
2.61920906e-17
3.25497755e-17
4.04474721e-17
5.02636469e-17
6.24627097e-17
7.76229271e-17
9.64569770e-17
1.19862078e-16
1.48954558e-16
1.85111796e-16
2.30038018e-16
2.85842100e-16
3.55204708e-16
4.41426522e-16
5.48513002e-16
6.81695713e-16
8.47082457e-16
1.05264691e-15
1.30818314e-15
1.62571218e-15
2.02016154e-15
2.51033349e-15
3.11956218e-15
3.87686845e-15
4.81758652e-15
5.98667305e-15
7.43948091e-15
9.24509484e-15
1.14885066e-14
1.42764423e-14
1.77414403e-14
2.20474793e-14
2.73980033e-14
3.40449684e-14
4.23073352e-14
5.25770366e-14
6.53315919e-14
8.11914148e-14
1.00890258e-13
1.25376767e-13
1.55814353e-13
1.93630722e-13
2.40606400e-13
2.98987256e-13
3.71556552e-13
4.61762739e-13
5.73803250e-13
7.13027700e-13
8.86035547e-13
1.10069257e-12
1.36797459e-12
1.69910164e-12
2.10898345e-12
2.61435518e-12
3.23360236e-12
3.98543023e-12
4.88818732e-12
5.95761561e-12
7.20652934e-12
8.64554361e-12
1.02817926e-11
1.21289298e-11
1.41932124e-11
1.64928757e-11
