3.45468831e-07
3.25806633e-07
3.09650144e-07
2.96184502e-07
2.84825330e-07
2.75140700e-07
2.66791292e-07
2.59514239e-07
2.53097933e-07
2.47370732e-07
2.42201463e-07
2.37486712e-07
2.33139195e-07
2.29095099e-07
2.25303804e-07
2.21718345e-07
2.18313603e-07
2.15051173e-07
2.11915633e-07
2.08888969e-07
2.05951382e-07
2.03082064e-07
2.00291655e-07
1.97545844e-07
1.94848674e-07
1.92195591e-07
1.89572320e-07
1.86974636e-07
1.84398143e-07
1.81838329e-07
1.79290634e-07
1.76750491e-07
1.74213381e-07
1.71677369e-07
1.69150208e-07
1.66615618e-07
1.64069388e-07
1.61508972e-07
1.58953278e-07
1.56376243e-07
1.53774329e-07
1.51171203e-07
1.48541577e-07
1.45880648e-07
1.43216387e-07
1.40514545e-07
1.37787236e-07
1.35039964e-07
1.32249145e-07
1.29444200e-07
1.26598873e-07
1.23716612e-07
1.20811960e-07
1.17857329e-07
1.14878840e-07
1.11859078e-07
1.08790675e-07
1.05702929e-07
1.02563635e-07
9.93818831e-08
9.61729266e-08
9.29146786e-08
8.96116662e-08
8.62852538e-08
8.29141222e-08
7.95015233e-08
7.60516788e-08
7.25801938e-08
6.90753506e-08
6.55417451e-08
6.19843416e-08
5.84085053e-08
5.48200625e-08
5.12253992e-08
4.76316075e-08
4.40466900e-08
4.04844703e-08
3.69561693e-08
3.34686631e-08
3.00467675e-08
2.66994966e-08
2.34488793e-08
2.03165936e-08
1.73251923e-08
1.44992607e-08
1.18660581e-08
9.45292058e-09
7.28713491e-09
5.39434141e-09
3.79561991e-09
2.50405108e-09
1.52018579e-09
8.28121646e-10
3.91045339e-10
1.53201923e-10
4.76464858e-11
1.20001205e-11
3.25638301e-12
1.45125177e-12
9.36995526e-13
