6.08337310e-09
5.90861949e-09
5.75834442e-09
5.62828517e-09
5.51501326e-09
5.41565779e-09
5.32776586e-09
5.24924043e-09
5.17835277e-09
5.11364724e-09
5.05396705e-09
4.99838351e-09
4.94616157e-09
4.89664398e-09
4.84943204e-09
4.80403669e-09
4.76025570e-09
4.71770129e-09
4.67619256e-09
4.63551427e-09
4.59554733e-09
4.55609721e-09
4.51712126e-09
4.47843136e-09
4.43995178e-09
4.40159981e-09
4.36328728e-09
4.32492206e-09
4.28653743e-09
4.24800331e-09
4.20917175e-09
4.17020536e-09
4.13082255e-09
4.09116612e-09
4.05098800e-09
4.01049891e-09
3.96938925e-09
3.92780091e-09
3.88564236e-09
3.84276630e-09
3.79928834e-09
3.75512860e-09
3.71014402e-09
3.66429590e-09
3.61777387e-09
3.57031477e-09
3.52187137e-09
3.47239957e-09
3.42203659e-09
3.37060321e-09
3.31800770e-09
3.26420026e-09
3.20921880e-09
3.15308129e-09
3.09558562e-09
3.03667615e-09
2.97634666e-09
2.91472721e-09
2.85153649e-09
2.78671345e-09
2.72038653e-09
2.65247148e-09
2.58275919e-09
2.51139917e-09
2.43832773e-09
2.36329676e-09
2.28671582e-09
2.20808966e-09
2.12780688e-09
2.04548136e-09
1.96156883e-09
1.87572914e-09
1.78808571e-09
1.69891009e-09
1.60809736e-09
1.51579785e-09
1.42217838e-09
1.32742750e-09
1.23176362e-09
1.13560028e-09
1.03912042e-09
9.42868270e-10
8.47266278e-10
7.52917259e-10
6.60503845e-10
5.70810014e-10
4.84719200e-10
4.03212712e-10
3.27364453e-10
2.58297025e-10
1.97123939e-10
1.44839074e-10
1.02162745e-10
6.93304984e-11
4.58746633e-11
3.05190156e-11
2.13001211e-11
1.60503764e-11
1.29991256e-11
1.10773020e-11
