1.18697330e-33
1.49296002e-33
1.86318681e-33
2.31270551e-33
2.85673912e-33
3.51681647e-33
4.31715755e-33
5.28350611e-33
6.45533660e-33
7.87396229e-33
9.58910377e-33
1.16648449e-32
1.41753981e-32
1.72124015e-32
2.08887499e-32
2.53413216e-32
3.07364102e-32
3.72757237e-32
4.51983054e-32
5.47750847e-32
6.63828955e-32
8.04565077e-32
9.75246989e-32
1.18191096e-31
1.43205238e-31
1.73537294e-31
2.10321021e-31
2.54928756e-31
3.08858066e-31
3.74223966e-31
4.53501076e-31
5.49664635e-31
6.66152776e-31
8.07081956e-31
9.77960172e-31
1.18518709e-30
1.43648986e-30
1.74051407e-30
2.10889959e-30
2.55566504e-30
3.09752242e-30
3.75402771e-30
4.54802979e-30
5.51083351e-30
6.67858635e-30
8.09467063e-30
9.80871719e-30
1.18845963e-29
1.44017947e-29
1.74545566e-29
2.11545831e-29
2.56288944e-29
3.10549573e-29
3.76360511e-29
4.56186233e-29
5.52762963e-29
6.69718695e-29
8.11541735e-29
9.83558219e-29
1.19213893e-28
1.44430556e-28
1.75008439e-28
2.12089922e-28
2.57063134e-28
3.11490852e-28
3.77392669e-28
4.57316175e-28
5.54259804e-28
6.71841263e-28
8.13932956e-28
9.86212818e-28
1.19512893e-27
1.44852700e-27
1.75533403e-27
2.12674618e-27
2.57716303e-27
3.12342572e-27
3.78594512e-27
4.58663618e-27
5.55728134e-27
6.73438725e-27
8.16198275e-27
9.89039094e-27
1.19803545e-26
1.45109998e-26
1.75724037e-26
2.12692466e-26
2.57193912e-26
3.10627868e-26
3.74647257e-26
4.51041360e-26
5.41807975e-26
6.49194930e-26
7.75681897e-26
9.24026729e-26
1.09745924e-25
1.29962422e-25
1.53459811e-25
1.80736366e-25
2.12354004e-25
