2.88525276e-21
2.64462379e-21
2.41448800e-21
2.19366896e-21
1.98299964e-21
1.78249392e-21
1.59256558e-21
1.41417722e-21
1.24790408e-21
1.09467528e-21
9.54717609e-22
8.28283447e-22
7.15371919e-22
6.15494646e-22
5.27948640e-22
4.51809212e-22
3.86006030e-22
3.29438385e-22
2.80965404e-22
2.39514328e-22
2.04124866e-22
1.73924656e-22
1.48230215e-22
1.26312552e-22
1.07630025e-22
9.17058738e-23
7.81401489e-23
6.65834989e-23
5.67348999e-23
4.83422713e-23
4.11901198e-23
3.51000267e-23
2.99088989e-23
2.54843176e-23
2.17135128e-23
1.85015222e-23
1.57656463e-23
1.34340471e-23
1.14468756e-23
9.75319685e-24
8.31085568e-24
7.08160223e-24
6.03401774e-24
5.14132026e-24
4.38087098e-24
3.73310551e-24
3.18097844e-24
2.71037880e-24
2.30930478e-24
1.96777871e-24
1.67676301e-24
1.42876083e-24
1.21740514e-24
1.03676537e-24
8.83922445e-25
7.53172944e-25
6.41744161e-25
5.46790645e-25
4.65934642e-25
3.97035803e-25
3.38311847e-25
2.88259576e-25
2.45502908e-25
2.09287689e-25
1.78332281e-25
1.51952991e-25
1.29472796e-25
1.10326401e-25
9.40101718e-26
8.01029644e-26
6.82503248e-26
5.81320287e-26
4.95517143e-26
4.22221570e-26
3.59748429e-26
3.06495886e-26
2.61126782e-26
2.22460568e-26
1.89497052e-26
1.61393798e-26
1.37430320e-26
1.17005246e-26
9.95754648e-27
8.46965459e-27
7.19910653e-27
6.11376591e-27
5.18583494e-27
4.39314945e-27
3.71433759e-27
3.13293920e-27
2.63464542e-27
2.20760427e-27
1.84144891e-27
1.52772396e-27
1.25898103e-27
1.02909075e-27
8.32716497e-28
6.65658827e-28
5.23880183e-28
4.03185160e-28
