1.16906942e-22
1.49636216e-22
2.04939608e-22
3.10326140e-22
5.23198890e-22
9.39229545e-22
1.68860663e-21
2.92209913e-21
4.79613419e-21
7.46057041e-21
1.10528772e-20
1.56926647e-20
2.14904350e-20
2.85372917e-20
3.69151492e-20
4.67102069e-20
5.79757613e-20
7.07981741e-20
8.52407303e-20
1.01366423e-19
1.19242749e-19
1.38924952e-19
1.60501427e-19
1.84049427e-19
2.09600052e-19
2.37267653e-19
2.67150773e-19
2.99285199e-19
3.33779287e-19
3.70765770e-19
4.10326408e-19
4.52496414e-19
4.97434474e-19
5.45263296e-19
5.96101531e-19
6.50077448e-19
7.07307332e-19
7.67864579e-19
8.31964773e-19
8.99774908e-19
9.71471927e-19
1.04724225e-18
1.12704615e-18
1.21124686e-18
1.30009924e-18
1.39376448e-18
1.49221941e-18
1.59599550e-18
1.70534332e-18
1.82014241e-18
1.94098678e-18
2.06819988e-18
2.20176122e-18
2.34216675e-18
2.48985650e-18
2.64499272e-18
2.80787452e-18
2.97910785e-18
3.15907600e-18
3.34799162e-18
3.54642196e-18
3.75493644e-18
3.97402885e-18
4.20422929e-18
4.44610914e-18
4.70026088e-18
4.96738748e-18
5.24823843e-18
5.54357868e-18
5.85421969e-18
6.18110344e-18
6.52521060e-18
6.88758489e-18
7.26940544e-18
7.67191705e-18
8.09653064e-18
8.54467266e-18
9.01824918e-18
9.51898789e-18
1.00489443e-17
1.06107155e-17
1.12066797e-17
1.18400647e-17
1.25141553e-17
1.32327919e-17
1.40011264e-17
1.48239204e-17
1.57078749e-17
1.66603467e-17
1.76899280e-17
1.88074442e-17
2.00254713e-17
2.13596598e-17
2.28281350e-17
2.44533378e-17
2.62626278e-17
2.82889941e-17
3.05733203e-17
3.31671902e-17
3.61364311e-17
