1.10080626e-22
1.26646129e-22
1.45372270e-22
1.66603230e-22
1.90694917e-22
2.18002808e-22
2.48962449e-22
2.84064896e-22
3.23875256e-22
3.69064223e-22
4.20335516e-22
4.78507772e-22
5.44524883e-22
6.19470328e-22
7.04584514e-22
8.01284229e-22
9.11183931e-22
1.03597277e-21
1.17763355e-21
1.33867414e-21
1.52177386e-21
1.72998618e-21
1.96636737e-21
2.23490705e-21
2.54030213e-21
2.88763739e-21
3.28263967e-21
3.73068604e-21
4.24018998e-21
4.81964077e-21
5.47871281e-21
6.22732132e-21
7.07755677e-21
8.04449206e-21
9.14419238e-21
1.03949553e-20
1.18137253e-20
1.34270381e-20
1.52619288e-20
1.73489720e-20
1.97199973e-20
2.24121746e-20
2.54737412e-20
2.89556862e-20
3.29160221e-20
3.74097773e-20
4.25186567e-20
4.83290185e-20
5.49374341e-20
6.24463365e-20
7.09705595e-20
8.06647341e-20
9.16905688e-20
1.04231304e-19
1.18464730e-19
1.34641863e-19
1.53039179e-19
1.73962955e-19
1.97743974e-19
2.24736614e-19
2.55435008e-19
2.90349942e-19
3.30058944e-19
3.75137020e-19
4.26358153e-19
4.84610116e-19
5.50865029e-19
6.26188100e-19
7.11665656e-19
8.08873649e-19
9.19426558e-19
1.04516420e-18
1.18791498e-18
1.35010627e-18
1.53456911e-18
1.74437650e-18
1.98294519e-18
2.25360219e-18
2.56138722e-18
2.91142090e-18
3.30953701e-18
3.76162203e-18
4.27510816e-18
4.85892396e-18
5.52255145e-18
6.27657986e-18
7.13080568e-18
8.09980401e-18
9.19787877e-18
1.04403044e-17
1.18434625e-17
1.34250628e-17
1.52045323e-17
1.72029957e-17
1.94425428e-17
2.19482059e-17
2.47476671e-17
2.78702983e-17
3.13533393e-17
3.52346631e-17
