1.29708013e+04
1.33228248e+04
1.36708402e+04
1.40142353e+04
1.43525140e+04
1.46854532e+04
1.50132061e+04
1.53363361e+04
1.56555578e+04
1.59721624e+04
1.62870774e+04
1.66016582e+04
1.69172267e+04
1.72347420e+04
1.75555873e+04
1.78806370e+04
1.82112893e+04
1.85482628e+04
1.88923206e+04
1.92448436e+04
1.96068722e+04
1.99794709e+04
2.03630137e+04
2.07589058e+04
2.11676399e+04
2.15907585e+04
2.20298776e+04
2.24848037e+04
2.29578485e+04
2.34489960e+04
2.39612447e+04
2.44936586e+04
2.50486907e+04
2.56282106e+04
2.62335158e+04
2.68660038e+04
2.75267104e+04
2.82173209e+04
2.89402141e+04
2.96972511e+04
3.04904131e+04
3.13218055e+04
3.21936609e+04
3.31083433e+04
3.40678657e+04
3.50744050e+04
3.61314120e+04
3.72418304e+04
3.84087594e+04
3.96354588e+04
4.09253534e+04
4.22820395e+04
4.37092917e+04
4.52110698e+04
4.67915290e+04
4.84550296e+04
5.02047839e+04
5.20468436e+04
5.39867438e+04
5.60299052e+04
5.81820431e+04
6.04491905e+04
6.28377247e+04
6.53543943e+04
6.80048271e+04
7.07958794e+04
7.37368497e+04
7.68362268e+04
8.01030183e+04
8.35444915e+04
8.71662034e+04
9.09845839e+04
9.50034389e+04
9.92371678e+04
1.03691776e+05
1.08382308e+05
1.13317718e+05
1.18508075e+05
1.23964710e+05
1.29699164e+05
1.35723119e+05
1.42046606e+05
1.48679576e+05
1.55631512e+05
1.62910718e+05
1.70523676e+05
1.78475227e+05
1.86767706e+05
1.95399838e+05
2.04367261e+05
2.13662656e+05
2.23268685e+05
2.33170488e+05
2.43341563e+05
2.53757598e+05
2.64390927e+05
2.75216468e+05
2.86210817e+05
2.97353549e+05
3.08623724e+05
