3.43910995e-17
3.85667361e-17
4.31055825e-17
4.80684899e-17
5.34856884e-17
5.94141362e-17
6.58980852e-17
7.29924165e-17
8.07570263e-17
8.92557641e-17
9.85706030e-17
1.08783423e-16
1.19986272e-16
1.32282022e-16
1.45785215e-16
1.60616649e-16
1.76914162e-16
1.94836010e-16
2.14549559e-16
2.36238434e-16
2.60098209e-16
2.86340481e-16
3.15225845e-16
3.47025097e-16
3.82002046e-16
4.20556560e-16
4.62952754e-16
5.09627179e-16
5.61013743e-16
6.17585528e-16
6.79825403e-16
7.48356005e-16
8.23812753e-16
9.06893012e-16
9.98313456e-16
1.09892559e-15
1.20969991e-15
1.33167148e-15
1.46597155e-15
1.61371901e-15
1.77638952e-15
1.95548562e-15
2.15266760e-15
2.36966569e-15
2.60848664e-15
2.87144912e-15
3.16099663e-15
3.47979074e-15
3.83050090e-15
4.21658606e-15
4.64166150e-15
5.10969782e-15
5.62484843e-15
6.19178720e-15
6.81600830e-15
7.50327661e-15
8.25975628e-15
9.09234923e-15
1.00087565e-14
1.10177971e-14
1.21288687e-14
1.33518336e-14
1.46975450e-14
1.61791078e-14
1.78102773e-14
1.96054350e-14
2.15823061e-14
2.37577613e-14
2.61530884e-14
2.87904240e-14
3.16933043e-14
3.48872320e-14
3.84037269e-14
4.22756405e-14
4.65362010e-14
5.12302852e-14
5.63942297e-14
6.20795575e-14
6.83388887e-14
7.52288425e-14
8.28091435e-14
9.11542090e-14
1.00339632e-13
1.10436780e-13
1.21553521e-13
1.33752900e-13
1.47138833e-13
1.61801331e-13
1.77825625e-13
1.95288010e-13
2.14261623e-13
2.34799084e-13
2.56974080e-13
2.80809348e-13
3.06351926e-13
3.33641900e-13
3.62729538e-13
3.93656526e-13
4.26543642e-13
4.61497961e-13
