3.72112734e-17
3.52431246e-17
3.35773063e-17
3.21517549e-17
3.09199589e-17
2.98458549e-17
2.89007121e-17
2.80612252e-17
2.73088324e-17
2.66276702e-17
2.60058706e-17
2.54331082e-17
2.49011051e-17
2.44036637e-17
2.39350491e-17
2.34912033e-17
2.30680590e-17
2.26630213e-17
2.22738174e-17
2.18978563e-17
2.15332919e-17
2.11785262e-17
2.08328006e-17
2.04945702e-17
2.01632495e-17
1.98375232e-17
1.95162299e-17
1.91996233e-17
1.88862616e-17
1.85763793e-17
1.82683812e-17
1.79631519e-17
1.76596000e-17
1.73571175e-17
1.70554827e-17
1.67544708e-17
1.64540632e-17
1.61539765e-17
1.58537028e-17
1.55530345e-17
1.52517706e-17
1.49497183e-17
1.46466945e-17
1.43425267e-17
1.40372055e-17
1.37307008e-17
1.34226513e-17
1.31129248e-17
1.28014038e-17
1.24879870e-17
1.21725895e-17
1.18551432e-17
1.15355975e-17
1.12139190e-17
1.08900925e-17
1.05641203e-17
1.02362734e-17
9.90633993e-18
9.57429598e-18
9.24021174e-18
8.90417799e-18
8.56630684e-18
8.22673284e-18
7.88561458e-18
7.54332865e-18
7.20014772e-18
6.85613559e-18
6.51156449e-18
6.16674813e-18
5.82227006e-18
5.47893002e-18
5.13660183e-18
4.79643443e-18
4.45873834e-18
4.12461882e-18
3.79458818e-18
3.46973310e-18
3.15114735e-18
2.83994724e-18
2.53735005e-18
2.24467806e-18
1.96343293e-18
1.69519516e-18
1.44162593e-18
1.20446384e-18
9.85494547e-19
7.86474193e-19
6.09059282e-19
4.54696737e-19
3.24439443e-19
2.18741507e-19
1.37276940e-19
7.85609808e-20
3.99050804e-20
1.73737073e-20
6.24857004e-21
1.85130917e-21
5.32066149e-22
2.16619701e-22
1.30920624e-22
