1.68232421e+08
1.77371502e+08
1.86579474e+08
1.95815529e+08
2.05044918e+08
2.14247886e+08
2.23424829e+08
2.32596912e+08
2.41797308e+08
2.51074059e+08
2.60477677e+08
2.70061130e+08
2.79876515e+08
2.89990211e+08
3.00439914e+08
3.11302749e+08
3.22606069e+08
3.34438734e+08
3.46851065e+08
3.59915485e+08
3.73685880e+08
3.88253325e+08
4.03664533e+08
4.20032897e+08
4.37440178e+08
4.55981138e+08
4.75765074e+08
4.96917401e+08
5.19503452e+08
5.43692277e+08
5.69690239e+08
5.97506372e+08
6.27473925e+08
6.59633141e+08
6.94350884e+08
7.31622633e+08
7.71930238e+08
8.15358089e+08
8.62233900e+08
9.12992658e+08
9.67788804e+08
1.02702807e+09
1.09125442e+09
1.16092206e+09
1.23614542e+09
1.31778933e+09
1.40645185e+09
1.50278074e+09
1.60709578e+09
1.72040162e+09
1.84363062e+09
1.97771028e+09
2.12341518e+09
2.28161193e+09
2.45389517e+09
2.64160031e+09
2.84601901e+09
3.06803485e+09
3.31013404e+09
3.57425583e+09
3.86168953e+09
4.17473872e+09
4.51659050e+09
4.88894923e+09
5.29475575e+09
5.73839836e+09
6.22065409e+09
6.74821296e+09
7.32246810e+09
7.95062290e+09
8.63408668e+09
9.38102153e+09
1.01966249e+10
1.10851172e+10
1.20551061e+10
1.31136777e+10
1.42686767e+10
1.55288157e+10
1.69037757e+10
1.84017840e+10
2.00363176e+10
2.18170159e+10
2.37577455e+10
2.58715916e+10
2.81727157e+10
3.06760418e+10
3.33973251e+10
3.63530325e+10
3.95597943e+10
4.30344139e+10
4.67931962e+10
5.08516462e+10
5.52235446e+10
5.99205252e+10
6.49525354e+10
7.03253055e+10
7.60439113e+10
8.21107697e+10
8.85271534e+10
9.52917673e+10
