3.86868396e-28
5.36985771e-28
8.37291545e-28
1.54672860e-27
3.26820573e-27
7.06220351e-27
1.44104847e-26
2.70645849e-26
4.68925897e-26
7.57414540e-26
1.15435931e-25
1.67666145e-25
2.34157830e-25
3.16565948e-25
4.16590601e-25
5.35924681e-25
6.76452592e-25
8.39982271e-25
1.02835165e-24
1.24386980e-24
1.48888943e-24
1.76596055e-24
2.07714189e-24
2.42579260e-24
2.81431425e-24
3.24634312e-24
3.72608352e-24
4.25629957e-24
4.84171750e-24
5.48612671e-24
6.19626696e-24
6.97339609e-24
7.82601527e-24
8.76017254e-24
9.78209612e-24
1.08982650e-23
1.21142222e-23
1.34400672e-23
1.48843871e-23
1.64564671e-23
1.81663457e-23
2.00248726e-23
2.20437687e-23
2.42356891e-23
2.66142892e-23
2.91931346e-23
3.19859857e-23
3.50122146e-23
3.82902133e-23
4.18397895e-23
4.56822651e-23
4.98405841e-23
5.43394296e-23
5.92053539e-23
6.44669226e-23
7.01548761e-23
7.63023121e-23
8.29426778e-23
9.01146360e-23
9.78631757e-23
1.06233688e-22
1.15275334e-22
1.25041442e-22
1.35585636e-22
1.46967245e-22
1.59258311e-22
1.72533345e-22
1.86873911e-22
2.02369397e-22
2.19097079e-22
2.37160114e-22
2.56694707e-22
2.77783043e-22
3.00596666e-22
3.25240772e-22
3.51906568e-22
3.80757876e-22
4.11981289e-22
4.45788800e-22
4.82419556e-22
5.22140197e-22
5.65239725e-22
6.12047954e-22
6.62937635e-22
7.18332462e-22
7.78715048e-22
8.44644019e-22
9.16767958e-22
9.95847972e-22
1.08278087e-21
1.17866863e-21
1.28478788e-21
1.40273319e-21
1.53444041e-21
1.68229878e-21
1.84925636e-21
2.03896080e-21
2.25600513e-21
2.50623747e-21
2.79725926e-21
