1.36315733e-33
2.40499012e-33
6.30001078e-33
2.33767131e-32
8.41269453e-32
2.49368934e-31
6.10621588e-31
1.28149313e-30
2.38727369e-30
4.05514967e-30
6.41262489e-30
9.58001132e-30
1.36801542e-29
1.88319429e-29
2.51574074e-29
3.27785191e-29
4.18299920e-29
5.24422493e-29
6.47481304e-29
7.89119699e-29
9.51020308e-29
1.13500633e-28
1.34258277e-28
1.57613086e-28
1.83740306e-28
2.12899161e-28
2.45388966e-28
2.81412897e-28
3.21308513e-28
3.65351213e-28
4.14019918e-28
4.67419437e-28
5.26153184e-28
5.90658851e-28
6.61388596e-28
7.38813935e-28
8.23343184e-28
9.15703653e-28
1.01652070e-27
1.12647119e-27
1.24628767e-27
1.37676277e-27
1.51875371e-27
1.67318717e-27
1.84106431e-27
2.02338404e-27
2.22116298e-27
2.43581993e-27
2.66871021e-27
2.92129550e-27
3.19515149e-27
3.49197617e-27
3.81359899e-27
4.16199087e-27
4.53927544e-27
4.94774153e-27
5.38985731e-27
5.86812675e-27
6.38544095e-27
6.94516107e-27
7.55069282e-27
8.20573095e-27
8.91429009e-27
9.68042565e-27
1.05086282e-26
1.14043382e-26
1.23732050e-26
1.34214246e-26
1.45558008e-26
1.57822888e-26
1.71087815e-26
1.85456549e-26
2.00993705e-26
2.17830365e-26
2.36049474e-26
2.55798409e-26
2.77205415e-26
3.00416840e-26
3.25599382e-26
3.52941750e-26
3.82655344e-26
4.14970907e-26
4.50152960e-26
4.88502262e-26
5.30362909e-26
5.76129775e-26
6.26263318e-26
6.81302702e-26
7.41886394e-26
8.08774518e-26
8.82908753e-26
9.65397638e-26
1.05763967e-25
1.16135904e-25
1.27871747e-25
1.41243203e-25
1.56593702e-25
1.74365758e-25
1.95138129e-25
2.19686176e-25
