3.41206058e-17
3.83697000e-17
4.34439994e-17
4.95898291e-17
5.71341347e-17
6.64719654e-17
7.80372136e-17
9.22625785e-17
1.09567020e-16
1.30325857e-16
1.54913827e-16
1.83644949e-16
2.16875189e-16
2.54932007e-16
2.98168416e-16
3.46932278e-16
4.01642170e-16
4.62674809e-16
5.30411685e-16
6.05389802e-16
6.88138019e-16
7.79231228e-16
8.79068957e-16
9.88452757e-16
1.10785928e-15
1.23812920e-15
1.38024071e-15
1.53472132e-15
1.70265405e-15
1.88482448e-15
2.08282061e-15
2.29667728e-15
2.52841266e-15
2.77932213e-15
3.05071904e-15
3.34395447e-15
3.66011022e-15
4.00142086e-15
4.36968042e-15
4.76682179e-15
5.19492663e-15
5.65623544e-15
6.15315806e-15
6.68828437e-15
7.26439545e-15
7.88419761e-15
8.55039490e-15
9.26696930e-15
1.00375927e-14
1.08661979e-14
1.17569942e-14
1.27144853e-14
1.37434880e-14
1.48491529e-14
1.60369885e-14
1.73128863e-14
1.86831517e-14
2.01540477e-14
2.17328650e-14
2.34281331e-14
2.52482974e-14
2.72024471e-14
2.93003781e-14
3.15517447e-14
3.39672050e-14
3.65598588e-14
3.93430248e-14
4.23311768e-14
4.55400540e-14
4.89825167e-14
5.26763610e-14
5.66455932e-14
6.09026752e-14
6.54775216e-14
7.03859609e-14
7.56601857e-14
8.13259146e-14
8.74122653e-14
9.39520152e-14
1.00981644e-13
1.08541052e-13
1.16672197e-13
1.25422114e-13
1.34842662e-13
1.44991199e-13
1.55931037e-13
1.67733227e-13
1.80477342e-13
1.94253242e-13
2.09162218e-13
2.25325007e-13
2.42871579e-13
2.61958733e-13
2.82765221e-13
3.05498990e-13
3.30399664e-13
3.57741524e-13
3.87843916e-13
4.21077742e-13
4.57879107e-13
