2.95533910e-21
2.80606457e-21
2.68295296e-21
2.58010334e-21
2.49319180e-21
2.41891462e-21
2.35467692e-21
2.29841500e-21
2.24851575e-21
2.20368730e-21
2.16293504e-21
2.12548263e-21
2.09072825e-21
2.05815411e-21
2.02743563e-21
1.99820605e-21
1.97029650e-21
1.94342890e-21
1.91746484e-21
1.89225001e-21
1.86769452e-21
1.84366591e-21
1.82012756e-21
1.79695730e-21
1.77410340e-21
1.75151169e-21
1.72912651e-21
1.70689162e-21
1.68482436e-21
1.66284867e-21
1.64088077e-21
1.61901314e-21
1.59708899e-21
1.57518992e-21
1.55318168e-21
1.53118262e-21
1.50902802e-21
1.48679886e-21
1.46445031e-21
1.44190987e-21
1.41924400e-21
1.39641639e-21
1.37335980e-21
1.35006217e-21
1.32662656e-21
1.30292743e-21
1.27895017e-21
1.25468240e-21
1.23020015e-21
1.20542515e-21
1.18032374e-21
1.15488350e-21
1.12913365e-21
1.10309339e-21
1.07668089e-21
1.04988409e-21
1.02271402e-21
9.95242140e-22
9.67356884e-22
9.39047439e-22
9.10385522e-22
8.81350042e-22
8.51868989e-22
8.22023464e-22
7.91804253e-22
7.61128578e-22
7.30182863e-22
6.98786969e-22
6.67117335e-22
6.35043568e-22
6.02765467e-22
5.70174605e-22
5.37343182e-22
5.04396812e-22
4.71321233e-22
4.38197625e-22
4.05112509e-22
3.72159571e-22
3.39442358e-22
3.07129091e-22
2.75308252e-22
2.44186141e-22
2.13924518e-22
1.84737961e-22
1.56858087e-22
1.30537090e-22
1.06042927e-22
8.36534484e-23
6.36476419e-23
4.62844222e-23
3.17763003e-23
2.02490019e-23
1.16929765e-23
5.91082898e-24
2.48499122e-24
8.04474876e-25
1.78459950e-25
2.34358959e-26
2.17044282e-27
5.30633395e-28
