2.27105961e-25
2.06410782e-25
1.86726840e-25
1.67945911e-25
1.50136768e-25
1.33297917e-25
1.17464707e-25
1.02717584e-25
8.91034030e-26
7.66955383e-26
6.55066999e-26
5.55477679e-26
4.68043493e-26
3.92189929e-26
3.27137123e-26
2.71909236e-26
2.25412972e-26
1.86542782e-26
1.54194664e-26
1.27356041e-26
1.05139806e-26
8.67661302e-27
7.16241988e-27
5.91122497e-27
4.87829270e-27
4.02560274e-27
3.32206343e-27
2.74156661e-27
2.26242947e-27
1.86698945e-27
1.54063001e-27
1.27150376e-27
1.04933541e-27
8.65936581e-28
7.14554688e-28
5.89664267e-28
4.86636394e-28
4.01601404e-28
3.31415094e-28
2.73482159e-28
2.25700535e-28
1.86259062e-28
1.53703872e-28
1.26835603e-28
1.04669454e-28
8.63836695e-29
7.12892900e-29
5.88291743e-29
4.85441684e-29
4.00616960e-29
3.30612148e-29
2.72834619e-29
2.25148522e-29
1.85664885e-29
1.53339023e-29
1.26541498e-29
1.04422211e-29
8.61666648e-30
7.11113365e-30
5.86870635e-30
4.84317223e-30
3.99664005e-30
3.29607026e-30
2.72177076e-30
2.24611054e-30
1.85353544e-30
1.52954072e-30
1.26230319e-30
1.04174898e-30
8.59679100e-31
7.09389780e-31
5.85101438e-31
4.83081833e-31
3.98652621e-31
3.28961231e-31
2.71430753e-31
2.23962206e-31
1.84780577e-31
1.52429559e-31
1.25718403e-31
1.03661991e-31
8.54577870e-32
7.04157178e-32
5.79825978e-32
4.77031119e-32
3.92020536e-32
3.21665471e-32
2.63513552e-32
2.15334075e-32
1.75426532e-32
1.42360934e-32
1.14981433e-32
9.23128092e-33
7.35758120e-33
5.81103029e-33
4.53812943e-33
3.49380966e-33
2.64253085e-33
1.95257131e-33
1.39398153e-33
