4.68983433e-13
4.40272816e-13
4.12384060e-13
3.85202571e-13
3.58832851e-13
3.33281866e-13
3.08593542e-13
2.84884727e-13
2.62225844e-13
2.40744126e-13
2.20482576e-13
2.01502577e-13
1.83849121e-13
1.67513589e-13
1.52471450e-13
1.38676141e-13
1.26063795e-13
1.14565759e-13
1.04097833e-13
9.45747197e-14
8.59169865e-14
7.80459388e-14
7.09056132e-14
6.44139758e-14
5.85149230e-14
5.31547045e-14
4.82868178e-14
4.38659587e-14
3.98493952e-14
3.62000494e-14
3.28841577e-14
2.98738444e-14
2.71383668e-14
2.46528586e-14
2.23946748e-14
2.03439516e-14
1.84816186e-14
1.67894175e-14
1.52517525e-14
1.38545402e-14
1.25860834e-14
1.14336460e-14
1.03866135e-14
9.43534012e-15
8.57133329e-15
7.78665028e-15
7.07360775e-15
6.42570831e-15
5.83705484e-15
5.30267349e-15
4.81720840e-15
4.37611047e-15
3.97530550e-15
3.61038521e-15
3.28058684e-15
2.98017074e-15
2.70723127e-15
2.45926070e-15
2.23412692e-15
2.02958901e-15
1.84372623e-15
1.67484066e-15
1.52114468e-15
1.38214460e-15
1.25559413e-15
1.14061357e-15
1.03613955e-15
9.41271180e-16
8.55083788e-16
7.76770513e-16
7.05617912e-16
6.40893203e-16
5.82303288e-16
5.28978340e-16
4.80518767e-16
4.36479563e-16
3.96480591e-16
3.60138930e-16
3.27108078e-16
2.97081891e-16
2.69780428e-16
2.44966416e-16
2.22386951e-16
2.01833164e-16
1.83115544e-16
1.66060864e-16
1.50505976e-16
1.36321185e-16
1.23356242e-16
1.11498311e-16
1.00641440e-16
9.06939382e-17
8.15683594e-17
7.31924676e-17
6.54953970e-17
5.84199073e-17
5.19108345e-17
4.59293096e-17
4.04239518e-17
3.53247266e-17
