3.56727124e-28
4.25039018e-28
5.04974028e-28
5.98682348e-28
7.08408661e-28
8.37134619e-28
9.88163136e-28
1.16479701e-27
1.37218406e-27
1.61534861e-27
1.90009196e-27
2.23398272e-27
2.62532185e-27
3.08390877e-27
3.62170896e-27
4.25267217e-27
4.99321773e-27
5.86264440e-27
6.88291710e-27
8.07754806e-27
9.48011822e-27
1.11271583e-26
1.30617082e-26
1.53301149e-26
1.79892602e-26
2.11122558e-26
2.47803617e-26
2.90889811e-26
3.41331770e-26
4.00548397e-26
4.70101303e-26
5.51805941e-26
6.47658428e-26
7.59974276e-26
8.91877261e-26
1.04680147e-25
1.22878860e-25
1.44191931e-25
1.69207177e-25
1.98588809e-25
2.33101908e-25
2.73601007e-25
3.21040907e-25
3.76754530e-25
4.42195223e-25
5.19072614e-25
6.09133322e-25
7.14804643e-25
8.38911476e-25
9.84685047e-25
1.15579477e-24
1.35618495e-24
1.59153651e-24
1.86798352e-24
2.19274143e-24
2.57326212e-24
3.01959948e-24
3.54379672e-24
4.15953081e-24
4.88255845e-24
5.72910102e-24
6.72331062e-24
7.89104227e-24
9.26275801e-24
1.08704315e-23
1.27557375e-23
1.49700419e-23
1.75711170e-23
2.06263959e-23
2.42023647e-23
2.84018021e-23
3.33339795e-23
3.91276791e-23
4.59208281e-23
5.38851320e-23
6.32392453e-23
7.42266445e-23
8.71328620e-23
1.02239883e-22
1.19977297e-22
1.40810009e-22
1.65280820e-22
1.93979952e-22
2.27605708e-22
2.67074643e-22
3.13385108e-22
3.67688377e-22
4.31173438e-22
5.05385815e-22
5.92080440e-22
6.93159604e-22
8.10761947e-22
9.47316323e-22
1.10551386e-21
1.28835945e-21
1.49939487e-21
1.74259407e-21
2.02238506e-21
2.34414693e-21
2.71385905e-21
