1.28415359e-33
1.95718728e-33
3.60759847e-33
8.48812778e-33
2.22043293e-32
5.47352114e-32
1.19902509e-31
2.33905236e-31
4.14125347e-31
6.78476772e-31
1.04517056e-30
1.53317803e-30
2.16196979e-30
2.95391432e-30
3.93084788e-30
5.11949503e-30
6.54575736e-30
8.24307415e-30
1.02452422e-29
1.25921022e-29
1.53235140e-29
1.84918277e-29
2.21429818e-29
2.63437091e-29
3.11588260e-29
3.66620149e-29
4.29375350e-29
5.00821396e-29
5.81829023e-29
6.73581823e-29
7.77639416e-29
8.94904682e-29
1.02748072e-28
1.17667743e-28
1.34498765e-28
1.53376573e-28
1.74652762e-28
1.98479745e-28
2.25223186e-28
2.55267781e-28
2.88835376e-28
3.26425698e-28
3.68551339e-28
4.15680523e-28
4.68214078e-28
5.26971613e-28
5.92663613e-28
6.66054208e-28
7.47688543e-28
8.38826935e-28
9.40549688e-28
1.05406100e-27
1.18032300e-27
1.32090278e-27
1.47762714e-27
1.65233651e-27
1.84666904e-27
2.06265393e-27
2.30328822e-27
2.57140771e-27
2.86894704e-27
3.20001795e-27
3.56886870e-27
3.97821234e-27
4.43355333e-27
4.94057304e-27
5.50277680e-27
6.12956506e-27
6.82416695e-27
7.59830786e-27
8.45706114e-27
9.41252783e-27
1.04756272e-26
1.16559475e-26
1.29684677e-26
1.44283408e-26
1.60521512e-26
1.78587598e-26
1.98694280e-26
2.21052851e-26
2.45969279e-26
2.73705953e-26
3.04626394e-26
3.39110093e-26
3.77593104e-26
4.20576495e-26
4.68636675e-26
5.22445385e-26
5.82782012e-26
6.50568307e-26
7.26897637e-26
8.13090683e-26
9.10744131e-26
1.02183524e-25
1.14881797e-25
1.29477273e-25
1.46356407e-25
1.66012068e-25
1.89078729e-25
2.16391549e-25
