1.04878643e-11
1.12483657e-11
1.20523179e-11
1.29051407e-11
1.38085518e-11
1.47678454e-11
1.57860545e-11
1.68671890e-11
1.80153501e-11
1.92345854e-11
2.05308468e-11
2.19092586e-11
2.33754997e-11
2.49357441e-11
2.65966481e-11
2.83646276e-11
3.02471263e-11
3.22528299e-11
3.43902287e-11
3.66683056e-11
3.90959358e-11
4.16822217e-11
4.44395224e-11
4.73794119e-11
5.05129015e-11
5.38547420e-11
5.74156549e-11
6.12125772e-11
6.52612225e-11
6.95779170e-11
7.41773448e-11
7.90819573e-11
8.43120549e-11
8.98891896e-11
9.58330188e-11
1.02168545e-10
1.08924213e-10
1.16128154e-10
1.23809980e-10
1.31994563e-10
1.40722061e-10
1.50028377e-10
1.59951890e-10
1.70528594e-10
1.81801970e-10
1.93823431e-10
2.06642841e-10
2.20312790e-10
2.34877036e-10
2.50406216e-10
2.66965170e-10
2.84622785e-10
3.03444745e-10
3.23505709e-10
3.44897722e-10
3.67708823e-10
3.92030248e-10
4.17948534e-10
4.45580555e-10
4.75046106e-10
5.06467674e-10
5.39963446e-10
5.75660671e-10
6.13724816e-10
6.54313087e-10
6.97585366e-10
7.43711705e-10
7.92882456e-10
8.45316364e-10
9.01229500e-10
9.60834925e-10
1.02435203e-09
1.09208098e-09
1.16430369e-09
1.24129828e-09
1.32339266e-09
1.41089031e-09
1.50419058e-09
1.60367776e-09
1.70974014e-09
1.82275630e-09
1.94326378e-09
2.07175228e-09
2.20867419e-09
2.35463875e-09
2.51004676e-09
2.67553035e-09
2.85160674e-09
3.03875937e-09
3.23742155e-09
3.44802186e-09
3.67089415e-09
3.90652548e-09
4.15505942e-09
4.41682721e-09
4.69211639e-09
4.98124869e-09
5.28459611e-09
5.60297963e-09
5.93700045e-09
