1.11933933e-22
1.30419426e-22
1.51273498e-22
1.74829549e-22
2.01517139e-22
2.31717671e-22
2.65864363e-22
3.04569720e-22
3.48300160e-22
3.97850147e-22
4.53986666e-22
5.17595079e-22
5.89695623e-22
6.71460846e-22
7.64235550e-22
8.69557257e-22
9.89066015e-22
1.12472359e-21
1.27884909e-21
1.45399063e-21
1.65304995e-21
1.87909075e-21
2.13586011e-21
2.42779298e-21
2.75973911e-21
3.13717349e-21
3.56560579e-21
4.05263961e-21
4.60639032e-21
5.23606766e-21
5.95156654e-21
6.76433857e-21
7.68852744e-21
8.73939575e-21
9.93399819e-21
1.12907513e-20
1.28327270e-20
1.45861407e-20
1.65801400e-20
1.88462462e-20
2.14198742e-20
2.43460087e-20
2.76730710e-20
3.14546602e-20
3.57520450e-20
4.06351112e-20
4.61878013e-20
5.25019113e-20
5.96779288e-20
6.78261772e-20
7.70906594e-20
8.76254476e-20
9.95983304e-20
1.13211429e-19
1.28674348e-19
1.46255869e-19
1.66246656e-19
1.88969519e-19
2.14769738e-19
2.44107181e-19
2.77468781e-19
3.15406884e-19
3.58493120e-19
4.07450393e-19
4.63114296e-19
5.26410054e-19
5.98374075e-19
6.80078651e-19
7.72982804e-19
8.78620585e-19
9.98737445e-19
1.13516818e-18
1.29017728e-18
1.46643818e-18
1.66688072e-18
1.89480685e-18
2.15352690e-18
2.44767849e-18
2.78212379e-18
3.16240765e-18
3.59441058e-18
4.08513600e-18
4.64294779e-18
5.27679495e-18
5.99648487e-18
6.81191680e-18
7.73554946e-18
8.78011264e-18
9.95857320e-18
1.12840475e-17
1.27696407e-17
1.44285325e-17
1.62741728e-17
1.83198427e-17
2.05793602e-17
2.30665560e-17
2.57974357e-17
2.87882416e-17
3.20615097e-17
3.56410655e-17
