3.47274618e-17
4.00825693e-17
4.71170358e-17
5.67144194e-17
7.02555954e-17
8.96426354e-17
1.17161985e-16
1.55230751e-16
2.06199778e-16
2.72201085e-16
3.55110923e-16
4.56478772e-16
5.77741257e-16
7.20001735e-16
8.84248968e-16
1.07160084e-15
1.28258464e-15
1.51838255e-15
1.77975891e-15
2.06749140e-15
2.38244892e-15
2.72529274e-15
3.09726394e-15
3.49940136e-15
3.93196132e-15
4.39661281e-15
4.89473756e-15
5.42666825e-15
5.99394141e-15
6.59847376e-15
7.24133196e-15
7.92282890e-15
8.64526909e-15
9.41035387e-15
1.02197048e-14
1.10750825e-14
1.19780439e-14
1.29294625e-14
1.39324327e-14
1.49892581e-14
1.61023753e-14
1.72743448e-14
1.85042249e-14
1.97972769e-14
2.11570461e-14
2.25856161e-14
2.40822562e-14
2.56546477e-14
2.73061477e-14
2.90345043e-14
3.08482106e-14
3.27516220e-14
3.47439267e-14
3.68319999e-14
3.90218134e-14
4.13151738e-14
4.37158856e-14
4.62322154e-14
4.88690763e-14
5.16288359e-14
5.45189904e-14
5.75469751e-14
6.07190387e-14
6.40418698e-14
6.75226579e-14
7.11687913e-14
7.49891256e-14
7.89930424e-14
8.31899924e-14
8.75899222e-14
9.22044400e-14
9.70454830e-14
1.02125635e-13
1.07459105e-13
1.13060703e-13
1.18947191e-13
1.25135133e-13
1.31647225e-13
1.38503123e-13
1.45726325e-13
1.53346901e-13
1.61390992e-13
1.69895092e-13
1.78895063e-13
1.88432553e-13
1.98564512e-13
2.09340159e-13
2.20831012e-13
2.33113061e-13
2.46273273e-13
2.60420858e-13
2.75679076e-13
2.92199388e-13
3.10150698e-13
3.29737883e-13
3.51203148e-13
3.74826786e-13
4.00943110e-13
4.29957014e-13
4.62361066e-13
