1.10788802e-22
1.29865220e-22
1.53939908e-22
1.85023920e-22
2.25957242e-22
2.80303862e-22
3.52057730e-22
4.45298409e-22
5.64110265e-22
7.12548905e-22
8.94656731e-22
1.11470360e-21
1.37701536e-21
1.68689369e-21
2.04915662e-21
2.47018095e-21
2.95573143e-21
3.51383180e-21
4.15221506e-21
4.88017580e-21
5.70663460e-21
6.64389107e-21
7.70191091e-21
8.89627842e-21
1.02414671e-20
1.17539469e-20
1.34525540e-20
1.53588968e-20
1.74914421e-20
1.98763639e-20
2.25487542e-20
2.55261242e-20
2.88558332e-20
3.25643026e-20
3.67065572e-20
4.13086084e-20
4.64482438e-20
5.21538017e-20
5.85039065e-20
6.55799347e-20
7.34237028e-20
8.21409077e-20
9.18380752e-20
1.02609651e-19
1.14533345e-19
1.27780061e-19
1.42493107e-19
1.58825380e-19
1.76879119e-19
1.96912315e-19
2.19139199e-19
2.43797579e-19
2.71069536e-19
3.01264605e-19
3.34742923e-19
3.71861950e-19
4.12931292e-19
4.58338595e-19
5.08668087e-19
5.64461490e-19
6.26066541e-19
6.94274687e-19
7.69893094e-19
8.53404298e-19
9.45850597e-19
1.04829380e-18
1.16134291e-18
1.28677642e-18
1.42511701e-18
1.57856179e-18
1.74796107e-18
1.93552931e-18
2.14321179e-18
2.37266113e-18
2.62654022e-18
2.90749383e-18
3.21838642e-18
3.56245317e-18
3.94330892e-18
4.36445519e-18
4.83106741e-18
5.34736761e-18
5.91930534e-18
6.55292048e-18
7.25504687e-18
8.03339431e-18
8.89664141e-18
9.85466900e-18
1.09186089e-17
1.21012265e-17
1.34171120e-17
1.48832032e-17
1.65190110e-17
1.83475597e-17
2.03958665e-17
2.26959098e-17
2.52851833e-17
2.82083048e-17
3.15182263e-17
3.52786278e-17
