4.70365413e-13
4.45781261e-13
4.24303342e-13
4.05386367e-13
3.88603568e-13
3.73614010e-13
3.60137833e-13
3.47940854e-13
3.36826616e-13
3.26634941e-13
3.17227255e-13
3.08486733e-13
3.00317665e-13
2.92639513e-13
2.85392320e-13
2.78508658e-13
2.71953893e-13
2.65677613e-13
2.59648284e-13
2.53838929e-13
2.48222789e-13
2.42783597e-13
2.37496355e-13
2.32344322e-13
2.27324845e-13
2.22412579e-13
2.17599816e-13
2.12878680e-13
2.08243693e-13
2.03679197e-13
1.99181080e-13
1.94746250e-13
1.90371455e-13
1.86046998e-13
1.81768693e-13
1.77532612e-13
1.73340679e-13
1.69185046e-13
1.65062059e-13
1.60968378e-13
1.56901012e-13
1.52859973e-13
1.48851189e-13
1.44862119e-13
1.40891054e-13
1.36943645e-13
1.33019397e-13
1.29109641e-13
1.25216631e-13
1.21348863e-13
1.17494320e-13
1.13653566e-13
1.09839352e-13
1.06039211e-13
1.02254429e-13
9.84932934e-14
9.47518145e-14
9.10290188e-14
8.73271104e-14
8.36534162e-14
8.00032909e-14
7.63792161e-14
7.27837768e-14
6.92196576e-14
6.56902370e-14
6.21978765e-14
5.87450014e-14
5.53351062e-14
5.19719385e-14
4.86597339e-14
4.54027890e-14
4.22055118e-14
3.90731690e-14
3.60112063e-14
3.30254147e-14
3.01223075e-14
2.73088813e-14
2.45911825e-14
2.19778175e-14
1.94768263e-14
1.70957348e-14
1.48440199e-14
1.27301752e-14
1.07635601e-14
8.95324722e-15
7.30632416e-15
5.83154229e-15
4.53446384e-15
3.41892394e-15
2.48631785e-15
1.73282593e-15
1.15018607e-15
7.23561094e-16
4.31726479e-16
2.47958850e-16
1.42627090e-16
8.73551886e-17
5.95699826e-17
4.49117928e-17
3.62308863e-17
