3.73504365e-17
3.51810882e-17
3.30251544e-17
3.08755305e-17
2.87394313e-17
2.66158618e-17
2.45215038e-17
2.24694216e-17
2.04730175e-17
1.85500717e-17
1.67189213e-17
1.49943732e-17
1.33879729e-17
1.19076223e-17
1.05571430e-17
9.33620557e-18
8.24058254e-18
7.26640185e-18
6.40117308e-18
5.63545258e-18
4.95935586e-18
4.36396719e-18
3.84020194e-18
3.37891506e-18
2.97274978e-18
2.61516339e-18
2.30111949e-18
2.02467316e-18
1.78130281e-18
1.56708002e-18
1.37871720e-18
1.21316449e-18
1.06740088e-18
9.39067795e-19
8.26093799e-19
7.26876581e-19
6.39561274e-19
5.62696758e-19
4.95034251e-19
4.35285085e-19
3.83224187e-19
3.37174486e-19
2.96634788e-19
2.60951104e-19
2.29610721e-19
2.02032869e-19
1.77753045e-19
1.56377495e-19
1.37509741e-19
1.21052809e-19
1.06507431e-19
9.37035165e-20
8.24331640e-20
7.25323539e-20
6.38203542e-20
5.61497795e-20
4.93970355e-20
4.34399097e-20
3.82387282e-20
3.36447953e-20
2.96005221e-20
2.60401956e-20
2.29118698e-20
2.01596231e-20
1.77366232e-20
1.56037717e-20
1.37231293e-20
1.20791779e-20
1.06279338e-20
9.35018169e-21
8.22529239e-21
7.23679031e-21
6.36729954e-21
5.60178674e-21
4.92781181e-21
4.33384182e-21
3.81332820e-21
3.35419511e-21
2.94975790e-21
2.59348685e-21
2.27865838e-21
2.00380607e-21
1.76032197e-21
1.54547179e-21
1.35579781e-21
1.18826359e-21
1.04019490e-21
9.08975721e-22
7.93054211e-22
6.90506842e-22
5.99302685e-22
5.18272453e-22
4.46218998e-22
3.82187335e-22
3.25254458e-22
2.74669772e-22
2.29778185e-22
1.90036884e-22
1.54902642e-22
1.23737683e-22
