3.82179749e-28
4.78747210e-28
5.91466201e-28
7.23884397e-28
8.78864202e-28
1.06037746e-27
1.27256512e-27
1.52049902e-27
1.81011141e-27
2.14824895e-27
2.54341000e-27
3.00524957e-27
3.54522336e-27
4.17691372e-27
4.91638536e-27
5.78219567e-27
6.79635825e-27
7.98513004e-27
9.37893723e-27
1.10135370e-26
1.29304854e-26
1.51782273e-26
1.78160456e-26
2.09121017e-26
2.45389213e-26
2.88088012e-26
3.38099440e-26
3.96795177e-26
4.65691942e-26
5.46563706e-26
6.41428336e-26
7.52788429e-26
8.83504511e-26
1.03693335e-25
1.21692011e-25
1.42810246e-25
1.67600572e-25
1.96704181e-25
2.30870156e-25
2.70941073e-25
3.17972227e-25
3.73172692e-25
4.37966874e-25
5.13993105e-25
6.03204593e-25
7.07933516e-25
8.30873422e-25
9.75164676e-25
1.14440475e-24
1.34301912e-24
1.57616225e-24
1.84986877e-24
2.17107020e-24
2.54793129e-24
2.99027371e-24
3.50945905e-24
4.11853243e-24
4.83361366e-24
5.67258748e-24
6.65751642e-24
7.81377247e-24
9.17056697e-24
1.07621257e-23
1.26301164e-23
1.48227846e-23
1.73943607e-23
2.04165559e-23
2.39608273e-23
2.81211619e-23
3.30043760e-23
3.87344206e-23
4.54558766e-23
5.33459508e-23
6.26087209e-23
7.34676205e-23
8.62394457e-23
1.01208311e-22
1.18776692e-22
1.39396880e-22
1.63594601e-22
1.91972991e-22
2.25265897e-22
2.64298692e-22
3.09919189e-22
3.63414646e-22
4.25673027e-22
4.98023877e-22
5.81722459e-22
6.77997179e-22
7.87979345e-22
9.12745640e-22
1.05309275e-21
1.21002194e-21
1.38395015e-21
1.57552298e-21
1.78529249e-21
2.01390197e-21
2.26199090e-21
2.53090134e-21
2.82215135e-21
