3.39753447e-17
3.77385988e-17
4.18568148e-17
4.63674038e-17
5.13173664e-17
5.67468586e-17
6.26988896e-17
6.92411444e-17
7.64072794e-17
8.42807053e-17
9.29289334e-17
1.02429099e-16
1.12867953e-16
1.24342234e-16
1.36959348e-16
1.50838147e-16
1.66095749e-16
1.82874368e-16
2.01341292e-16
2.21669499e-16
2.44049411e-16
2.68664658e-16
2.95746699e-16
3.25567763e-16
3.58407588e-16
3.94572753e-16
4.34329427e-16
4.78104600e-16
5.26309642e-16
5.79396120e-16
6.37814607e-16
7.02082284e-16
7.72857320e-16
8.50799493e-16
9.36628106e-16
1.03100631e-15
1.13490629e-15
1.24932692e-15
1.37534090e-15
1.51403460e-15
1.66658999e-15
1.83458395e-15
2.01958307e-15
2.22328915e-15
2.44735295e-15
2.69398847e-15
2.96560309e-15
3.26473179e-15
3.59398927e-15
3.95609073e-15
4.35483335e-15
4.79395214e-15
5.27746776e-15
5.80945918e-15
6.39492315e-15
7.03965266e-15
7.74965686e-15
8.53126970e-15
9.39076128e-15
1.03372685e-14
1.13796540e-14
1.25276605e-14
1.37903960e-14
1.51800573e-14
1.67103512e-14
1.83956022e-14
2.02511752e-14
2.22914481e-14
2.45382901e-14
2.70126442e-14
2.97375696e-14
3.27351358e-14
3.60336063e-14
3.96660246e-14
4.36664390e-14
4.80718722e-14
5.29150144e-14
5.82482238e-14
6.41211972e-14
7.05888058e-14
7.77046149e-14
8.55335811e-14
9.41541993e-14
1.03645349e-13
1.14091739e-13
1.25568052e-13
1.38185351e-13
1.52048170e-13
1.67262401e-13
1.83935716e-13
2.02177549e-13
2.22101238e-13
2.43826283e-13
2.67472372e-13
2.93166385e-13
3.21034674e-13
3.51221844e-13
3.83878738e-13
4.19205209e-13
4.57399609e-13
