3.67348858e-17
3.40305834e-17
3.14262199e-17
2.89097882e-17
2.64909344e-17
2.41701274e-17
2.19519007e-17
1.98472819e-17
1.78629595e-17
1.60102237e-17
1.42924800e-17
1.27140731e-17
1.12770796e-17
9.97828935e-18
8.81246272e-18
7.77201697e-18
6.84768580e-18
6.02974245e-18
5.30750366e-18
4.67060484e-18
4.10956496e-18
3.61543443e-18
3.18134442e-18
2.79907311e-18
2.46263208e-18
2.16654327e-18
1.90611219e-18
1.67704397e-18
1.47548416e-18
1.29812915e-18
1.14206311e-18
1.00484424e-18
8.84077184e-19
7.77798773e-19
6.84281159e-19
6.02032062e-19
5.29694495e-19
4.66038139e-19
4.10018134e-19
3.60718127e-19
3.17369672e-19
2.79225566e-19
2.45662134e-19
2.16130181e-19
1.90153616e-19
1.67305561e-19
1.47197207e-19
1.29500946e-19
1.13929057e-19
1.00238198e-19
8.81926884e-20
7.75932550e-20
6.82657530e-20
6.00374188e-20
5.28421558e-20
4.64905748e-20
4.09016742e-20
3.59841745e-20
3.16603952e-20
2.78560192e-20
2.45079015e-20
2.15613804e-20
1.89633701e-20
1.66895963e-20
1.46837857e-20
1.29188425e-20
1.13657631e-20
9.99992342e-21
8.79812228e-21
7.74047871e-21
6.80979868e-21
5.98966411e-21
5.27112667e-21
4.63755839e-21
4.07994668e-21
3.58916090e-21
3.15743334e-21
2.77753097e-21
2.44312270e-21
2.14872920e-21
1.88950587e-21
1.66134012e-21
1.46027263e-21
1.28302048e-21
1.12670458e-21
9.88788494e-22
8.66989694e-22
7.59473645e-22
6.64335064e-22
5.80108570e-22
5.05474193e-22
4.39313371e-22
3.80608155e-22
3.28516938e-22
2.82264010e-22
2.41209089e-22
2.04772164e-22
1.72508601e-22
1.43939128e-22
1.18501911e-22
