3.72148140e-28
4.80769042e-28
6.53527984e-28
9.54853263e-28
1.50629706e-27
2.49277108e-27
4.14748524e-27
6.72767657e-27
1.04994047e-26
1.57306839e-26
2.26901403e-26
3.16568243e-26
4.29151577e-26
5.67969011e-26
7.36193392e-26
9.37790104e-26
1.17652463e-25
1.45736439e-25
1.78525806e-25
2.16607147e-25
2.60559697e-25
3.11155489e-25
3.69055164e-25
4.35240485e-25
5.10651244e-25
5.96355723e-25
6.93575205e-25
8.03711269e-25
9.28003813e-25
1.06816073e-24
1.22644538e-24
1.40410586e-24
1.60419398e-24
1.82854133e-24
2.08073941e-24
2.36265055e-24
2.67934313e-24
3.03288943e-24
3.42850650e-24
3.87165115e-24
4.36534851e-24
4.91668427e-24
5.53288059e-24
6.22046455e-24
6.98494592e-24
7.83788170e-24
8.78917058e-24
9.84942650e-24
1.10260496e-23
1.23366855e-23
1.37962847e-23
1.54214849e-23
1.72253752e-23
1.92296024e-23
2.14593807e-23
2.39399709e-23
2.66936318e-23
2.97480383e-23
3.31443679e-23
3.69212875e-23
4.11045925e-23
4.57504934e-23
5.09167802e-23
5.66394670e-23
6.29933208e-23
7.00551254e-23
7.78709884e-23
8.65685251e-23
9.61891326e-23
1.06891380e-22
1.18741075e-22
1.31900361e-22
1.46514045e-22
1.62707694e-22
1.80679737e-22
2.00629486e-22
2.22774181e-22
2.47360192e-22
2.74664268e-22
3.04958735e-22
3.38640929e-22
3.76045158e-22
4.17637413e-22
4.63898940e-22
5.15379343e-22
5.72705627e-22
6.36592978e-22
7.07867312e-22
7.87476061e-22
8.76526443e-22
9.76313263e-22
1.08837690e-21
1.21454577e-21
1.35704248e-21
1.51856673e-21
1.70243024e-21
1.91267834e-21
2.15432709e-21
2.43362372e-21
2.75849191e-21
