1.46360006e-33
3.21231028e-33
1.40134553e-32
7.92070324e-32
3.48381904e-31
1.14051761e-30
2.95841492e-30
6.44532043e-30
1.23181138e-29
2.13038844e-29
3.41003836e-29
5.13428870e-29
7.36285321e-29
1.01473789e-28
1.35350542e-28
1.75742167e-28
2.22990609e-28
2.77570690e-28
3.39858163e-28
4.10224300e-28
4.89058186e-28
5.76693488e-28
6.73611340e-28
7.80245495e-28
8.96819926e-28
1.02393818e-27
1.16213687e-27
1.31166375e-27
1.47310428e-27
1.64716390e-27
1.83431329e-27
2.03480305e-27
2.24947263e-27
2.47899709e-27
2.72403708e-27
2.98530444e-27
3.26345794e-27
3.55895080e-27
3.87293494e-27
4.20633432e-27
4.56012959e-27
4.93535641e-27
5.33193336e-27
5.75178467e-27
6.19631198e-27
6.66645885e-27
7.16224542e-27
7.68649317e-27
8.24062826e-27
8.82420014e-27
9.44039632e-27
1.00910526e-26
1.07762548e-26
1.14987467e-26
1.22610116e-26
1.30641178e-26
1.39098544e-26
1.48016285e-26
1.57417198e-26
1.67315375e-26
1.77743714e-26
1.88735611e-26
2.00320857e-26
2.12531541e-26
2.25402361e-26
2.38969602e-26
2.53275983e-26
2.68367338e-26
2.84291022e-26
3.01097655e-26
3.18845794e-26
3.37597113e-26
3.57417857e-26
3.78382994e-26
4.00572623e-26
4.24077772e-26
4.48992377e-26
4.75439498e-26
5.03535215e-26
5.33417339e-26
5.65258447e-26
5.99223819e-26
6.35533180e-26
6.74417202e-26
7.16147799e-26
7.61085047e-26
8.09581366e-26
8.62122169e-26
9.19256948e-26
9.81641035e-26
1.05010703e-25
1.12565091e-25
1.20953422e-25
1.30327535e-25
1.40880522e-25
1.52856551e-25
1.66563976e-25
1.82403251e-25
2.00906421e-25
2.22794775e-25
