1.13951598e-22
1.34561207e-22
1.57714656e-22
1.83906197e-22
2.13465401e-22
2.46889526e-22
2.84643689e-22
3.27294730e-22
3.75485428e-22
4.29931769e-22
4.91522952e-22
5.61217287e-22
6.40120006e-22
7.29503363e-22
8.30828011e-22
9.45715274e-22
1.07604314e-21
1.22399904e-21
1.39201551e-21
1.58285628e-21
1.79960941e-21
2.04575086e-21
2.32549615e-21
2.64348540e-21
3.00444145e-21
3.41564669e-21
3.88230817e-21
4.41275393e-21
5.01575147e-21
5.70121763e-21
6.47992788e-21
7.36525166e-21
8.37175239e-21
9.51595837e-21
1.08159479e-20
1.22931693e-20
1.39725454e-20
1.58819187e-20
1.80527618e-20
2.05186541e-20
2.33218223e-20
2.65083190e-20
3.01307032e-20
3.42469132e-20
3.89246316e-20
4.42429245e-20
5.02894330e-20
5.71629155e-20
6.49706731e-20
7.38451180e-20
8.39337653e-20
9.54039237e-20
1.08439991e-19
1.23253426e-19
1.40093733e-19
1.59237405e-19
1.80990878e-19
2.05718699e-19
2.33818640e-19
2.65766838e-19
3.02090841e-19
3.43373239e-19
3.90274961e-19
4.43589352e-19
5.04196910e-19
5.73052157e-19
6.51384837e-19
7.40373124e-19
8.41541923e-19
9.56552399e-19
1.08725731e-18
1.23574357e-18
1.40454768e-18
1.59646808e-18
1.81444860e-18
2.06259443e-18
2.34435995e-18
2.66465109e-18
3.02874071e-18
3.44254419e-18
3.91259790e-18
4.44682912e-18
5.05377788e-18
5.74185805e-18
6.52389873e-18
7.40799374e-18
8.40683222e-18
9.53195372e-18
1.07944777e-17
1.22045001e-17
1.37716300e-17
1.55028325e-17
1.74072774e-17
1.94883146e-17
2.17517841e-17
2.42026598e-17
2.68469264e-17
2.96902516e-17
3.27457906e-17
3.60275374e-17
