1.29218320e+04
1.32133711e+04
1.34898665e+04
1.37513127e+04
1.39980136e+04
1.42307367e+04
1.44507246e+04
1.46595881e+04
1.48590207e+04
1.50508192e+04
1.52366039e+04
1.54178399e+04
1.55957964e+04
1.57718340e+04
1.59466734e+04
1.61215835e+04
1.62969191e+04
1.64739115e+04
1.66530965e+04
1.68352577e+04
1.70208457e+04
1.72107438e+04
1.74051859e+04
1.76051913e+04
1.78112982e+04
1.80241387e+04
1.82444415e+04
1.84730340e+04
1.87100394e+04
1.89566225e+04
1.92141974e+04
1.94821629e+04
1.97629951e+04
2.00562880e+04
2.03645581e+04
2.06869122e+04
2.10266153e+04
2.13834062e+04
2.17589992e+04
2.21557991e+04
2.25738969e+04
2.30152561e+04
2.34826897e+04
2.39781626e+04
2.45011682e+04
2.50563344e+04
2.56461831e+04
2.62733934e+04
2.69384058e+04
2.76459147e+04
2.83998622e+04
2.92039165e+04
3.00606395e+04
3.09729977e+04
3.19478943e+04
3.29903807e+04
3.41049926e+04
3.52938667e+04
3.65674424e+04
3.79327351e+04
3.93931110e+04
4.09568405e+04
4.26360610e+04
4.44351230e+04
4.63640379e+04
4.84390082e+04
5.06588318e+04
5.30490685e+04
5.56103539e+04
5.83686899e+04
6.13237043e+04
6.45036311e+04
6.79226878e+04
7.15902145e+04
7.55326288e+04
7.97685845e+04
8.43183629e+04
8.92040346e+04
9.44495293e+04
1.00071252e+05
1.06102963e+05
1.12561298e+05
1.19475254e+05
1.26867178e+05
1.34758937e+05
1.43169993e+05
1.52116674e+05
1.61610622e+05
1.71655719e+05
1.82246732e+05
1.93365790e+05
2.04980299e+05
2.17039793e+05
2.29475907e+05
2.42207078e+05
2.55138907e+05
2.68182136e+05
2.81255102e+05
2.94289317e+05
3.07223532e+05
