1.29336248e+04
1.32656165e+04
1.36148527e+04
1.39830696e+04
1.43707979e+04
1.47802729e+04
1.52111930e+04
1.56641411e+04
1.61399291e+04
1.66384550e+04
1.71591598e+04
1.77018331e+04
1.82663931e+04
1.88528021e+04
1.94610689e+04
2.00912813e+04
2.07436614e+04
2.14165743e+04
2.21123248e+04
2.28314028e+04
2.35744620e+04
2.43413017e+04
2.51323866e+04
2.59497243e+04
2.67941883e+04
2.76666735e+04
2.85658116e+04
2.94945093e+04
3.04539779e+04
3.14452694e+04
3.24683574e+04
3.35236148e+04
3.46138574e+04
3.57402391e+04
3.69039597e+04
3.81033850e+04
3.93420994e+04
4.06218971e+04
4.19441693e+04
4.33113993e+04
4.47165848e+04
4.61707569e+04
4.76731124e+04
4.92252932e+04
5.08253641e+04
5.24776685e+04
5.41847745e+04
5.59484928e+04
5.77719111e+04
5.96465934e+04
6.15861725e+04
6.35900774e+04
6.56604992e+04
6.77951033e+04
6.99990558e+04
7.22760309e+04
7.46284632e+04
7.70602533e+04
7.95613809e+04
8.21485378e+04
8.48215320e+04
8.75832130e+04
9.04308083e+04
9.33704514e+04
9.64074919e+04
9.95452638e+04
1.02788642e+05
1.06125812e+05
1.09576951e+05
1.13142579e+05
1.16826540e+05
1.20625899e+05
1.24547895e+05
1.28600454e+05
1.32788222e+05
1.37117010e+05
1.41575608e+05
1.46186389e+05
1.50952996e+05
1.55881819e+05
1.60983453e+05
1.66237678e+05
1.71685312e+05
1.77327333e+05
1.83173912e+05
1.89236413e+05
1.95527634e+05
2.02064805e+05
2.08858968e+05
2.15928659e+05
2.23301376e+05
2.30999206e+05
2.39049915e+05
2.47473636e+05
2.56304337e+05
2.65571456e+05
2.75308831e+05
2.85550371e+05
2.96353822e+05
3.07794824e+05
