2.89952425e-21
2.69990902e-21
2.53114501e-21
2.38665664e-21
2.26159790e-21
2.15230306e-21
2.05591785e-21
1.97016997e-21
1.89323416e-21
1.82366681e-21
1.76026657e-21
1.70204955e-21
1.64822514e-21
1.59814192e-21
1.55131180e-21
1.50722114e-21
1.46558447e-21
1.42602897e-21
1.38831273e-21
1.35223052e-21
1.31758533e-21
1.28425035e-21
1.25204977e-21
1.22086250e-21
1.19065533e-21
1.16126081e-21
1.13262021e-21
1.10467536e-21
1.07738359e-21
1.05064382e-21
1.02442433e-21
9.98699993e-22
9.73445409e-22
9.48598820e-22
9.24131144e-22
9.00015383e-22
8.76258183e-22
8.52811152e-22
8.29650304e-22
8.06753894e-22
7.84102539e-22
7.61693881e-22
7.39558241e-22
7.17624155e-22
6.95880604e-22
6.74356865e-22
6.53048479e-22
6.31907020e-22
6.10943635e-22
5.90202763e-22
5.69618858e-22
5.49194320e-22
5.28995978e-22
5.08956956e-22
4.89083635e-22
4.69418950e-22
4.49941417e-22
4.30645644e-22
4.11542826e-22
3.92670356e-22
3.74004015e-22
3.55556372e-22
3.37340459e-22
3.19369749e-22
3.01661127e-22
2.84226285e-22
2.67077225e-22
2.50231210e-22
2.33706640e-22
2.17524174e-22
2.01704596e-22
1.86269062e-22
1.71242668e-22
1.56651091e-22
1.42521343e-22
1.28883481e-22
1.15769354e-22
1.03205891e-22
9.12312719e-23
7.98802228e-23
6.91842794e-23
5.91826912e-23
4.99089541e-23
4.13987795e-23
3.36846028e-23
2.67881156e-23
2.07351928e-23
1.55349399e-23
1.11854758e-23
7.67037827e-24
4.94780628e-24
2.95380979e-24
1.59578554e-24
7.56251669e-25
3.01033239e-25
9.49420929e-26
2.22879628e-26
4.07192382e-27
9.64012523e-28
4.53574835e-28
