2.91385290e-21
2.69732508e-21
2.48665668e-21
2.28146109e-21
2.08164046e-21
1.88808495e-21
1.70159202e-21
1.52358734e-21
1.35468617e-21
1.19647222e-21
1.04988130e-21
9.15463242e-22
7.94244336e-22
6.85706518e-22
5.89703489e-22
5.05597711e-22
4.32502022e-22
3.69445778e-22
3.15266003e-22
2.68840148e-22
2.29150158e-22
1.95235842e-22
1.66425620e-22
1.41823566e-22
1.20847831e-22
1.02965661e-22
8.77371729e-23
7.47646081e-23
6.37062435e-23
5.42807347e-23
4.62436468e-23
3.94126666e-23
3.35850330e-23
2.86168088e-23
2.43817126e-23
2.07752598e-23
1.77038041e-23
1.50856724e-23
1.28539702e-23
1.09516408e-23
9.33282960e-24
7.95270039e-24
6.77621659e-24
5.77346455e-24
4.91952969e-24
4.19231562e-24
3.57235365e-24
3.04383450e-24
2.59330652e-24
2.20991877e-24
1.88313727e-24
1.60459665e-24
1.36718213e-24
1.16495937e-24
9.92742566e-25
8.45917604e-25
7.20756507e-25
6.14078237e-25
5.23298214e-25
4.45930148e-25
3.79976697e-25
3.23753633e-25
2.75671889e-25
2.35072249e-25
2.00305440e-25
1.70671694e-25
1.45414549e-25
1.23917491e-25
1.05595827e-25
8.99756282e-26
7.66598511e-26
6.52795922e-26
5.56579879e-26
4.74250600e-26
4.04065231e-26
3.44229224e-26
2.93276145e-26
2.49843463e-26
2.12803345e-26
1.81214656e-26
1.54267112e-26
1.31321422e-26
1.11727833e-26
9.49951856e-27
8.07006279e-27
6.84844358e-27
5.80399856e-27
4.90880156e-27
4.14372255e-27
3.48983248e-27
2.92890374e-27
2.44717751e-27
2.03400348e-27
1.67987353e-27
1.37666189e-27
1.11738741e-27
8.96364709e-28
7.08452546e-28
5.49522267e-28
4.14942378e-28
