1.68430498e+08
1.78290984e+08
1.88878159e+08
2.00260427e+08
2.12488539e+08
2.25656693e+08
2.39805864e+08
2.55001975e+08
2.71329418e+08
2.88849616e+08
3.07614021e+08
3.27691687e+08
3.49161590e+08
3.72108956e+08
3.96624513e+08
4.22805207e+08
4.50755499e+08
4.80503327e+08
5.12245677e+08
5.46111396e+08
5.82241282e+08
6.20738775e+08
6.61743591e+08
7.05485520e+08
7.52148538e+08
8.01928904e+08
8.54899020e+08
9.11389686e+08
9.71650791e+08
1.03593673e+09
1.10444322e+09
1.17740052e+09
1.25522647e+09
1.33824810e+09
1.42681493e+09
1.52106989e+09
1.62157698e+09
1.72879365e+09
1.84317178e+09
1.96521221e+09
2.09487945e+09
2.23334424e+09
2.38105249e+09
2.53862785e+09
2.70634855e+09
2.88517222e+09
3.07593274e+09
3.27943205e+09
3.49655564e+09
3.72728980e+09
3.97364207e+09
4.23644329e+09
4.51680231e+09
4.81525230e+09
5.13341412e+09
5.47280865e+09
5.83486472e+09
6.22115283e+09
6.63173627e+09
7.07004880e+09
7.53762782e+09
8.03644059e+09
8.56750691e+09
9.13356973e+09
9.73741114e+09
1.03815806e+10
1.10688591e+10
1.17995083e+10
1.25793855e+10
1.34113384e+10
1.42988780e+10
1.52439969e+10
1.62513213e+10
1.73259768e+10
1.84725402e+10
1.96959584e+10
2.09973788e+10
2.23864995e+10
2.38689636e+10
2.54512888e+10
2.71407151e+10
2.89383146e+10
3.08601194e+10
3.29132808e+10
3.51074583e+10
3.74531552e+10
3.99618321e+10
4.26462541e+10
4.55199369e+10
4.85982896e+10
5.18992481e+10
5.54423221e+10
5.92494821e+10
6.33399314e+10
6.77404739e+10
7.24769787e+10
7.75788328e+10
8.30770170e+10
8.90130821e+10
9.54331504e+10
