1.29777117e+04
1.33539708e+04
1.37461156e+04
1.41551697e+04
1.45823340e+04
1.50280504e+04
1.54928909e+04
1.59764911e+04
1.64807526e+04
1.70046245e+04
1.75484421e+04
1.81127453e+04
1.86966825e+04
1.93014565e+04
1.99272072e+04
2.05743308e+04
2.12432906e+04
2.19337752e+04
2.26467568e+04
2.33833177e+04
2.41441937e+04
2.49302464e+04
2.57404270e+04
2.65775438e+04
2.74422503e+04
2.83354534e+04
2.92571015e+04
3.02083631e+04
3.11909543e+04
3.22059304e+04
3.32544222e+04
3.43352968e+04
3.54519189e+04
3.66053158e+04
3.77967077e+04
3.90261748e+04
4.02950374e+04
4.16057133e+04
4.29595939e+04
4.43581042e+04
4.58000509e+04
4.72894514e+04
4.88279048e+04
5.04170626e+04
5.20572079e+04
5.37497514e+04
5.54980555e+04
5.73039538e+04
5.91693504e+04
6.10928796e+04
6.30795339e+04
6.51316584e+04
6.72514412e+04
6.94394511e+04
7.16970960e+04
7.40290727e+04
7.64378555e+04
7.89260250e+04
8.14920497e+04
8.41420547e+04
8.68793884e+04
8.97069260e+04
9.26285491e+04
9.56370703e+04
9.87475925e+04
1.01960629e+05
1.05279623e+05
1.08702852e+05
1.12237739e+05
1.15889081e+05
1.19660759e+05
1.23557823e+05
1.27571952e+05
1.31721790e+05
1.36008755e+05
1.40437518e+05
1.45006866e+05
1.49725528e+05
1.54601092e+05
1.59639374e+05
1.64846607e+05
1.70220394e+05
1.75776914e+05
1.81523405e+05
1.87467966e+05
1.93619378e+05
1.99987200e+05
2.06583077e+05
2.13416758e+05
2.20500339e+05
2.27850035e+05
2.35482720e+05
2.43414673e+05
2.51661647e+05
2.60241063e+05
2.69174185e+05
2.78475778e+05
2.88178831e+05
2.98301264e+05
3.08886590e+05
