2.33199701e-25
2.20435552e-25
2.09993696e-25
2.01328745e-25
1.94047592e-25
1.87854458e-25
1.82520223e-25
1.77864818e-25
1.73748745e-25
1.70061206e-25
1.66717358e-25
1.63651292e-25
1.60812096e-25
1.58156230e-25
1.55656276e-25
1.53281639e-25
1.51018006e-25
1.48842344e-25
1.46743066e-25
1.44707387e-25
1.42727791e-25
1.40793388e-25
1.38901053e-25
1.37040815e-25
1.35208406e-25
1.33399383e-25
1.31609210e-25
1.29833328e-25
1.28073066e-25
1.26322311e-25
1.24574369e-25
1.22836573e-25
1.21096450e-25
1.19360474e-25
1.17618008e-25
1.15878429e-25
1.14128725e-25
1.12375319e-25
1.10614693e-25
1.08841172e-25
1.07060024e-25
1.05268429e-25
1.03461156e-25
1.01637321e-25
9.98050373e-26
9.79545387e-26
9.60847551e-26
9.41947951e-26
9.22906444e-26
9.03662802e-26
8.84191705e-26
8.64484413e-26
8.44564442e-26
8.24447448e-26
8.04071110e-26
7.83427209e-26
7.62525296e-26
7.41421317e-26
7.20030590e-26
6.98346073e-26
6.76423872e-26
6.54248964e-26
6.31767651e-26
6.09043096e-26
5.86069515e-26
5.62785424e-26
5.39333644e-26
5.15579034e-26
4.91656553e-26
4.67469177e-26
4.43169029e-26
4.18675886e-26
3.94045638e-26
3.69373931e-26
3.44651472e-26
3.19940423e-26
2.95306732e-26
2.70821479e-26
2.46562846e-26
2.22656585e-26
1.99169034e-26
1.76253130e-26
1.54028277e-26
1.32651975e-26
1.12293180e-26
9.31346042e-27
7.53688330e-27
5.91936061e-27
4.48049166e-27
3.23810549e-27
2.20630269e-27
1.39251327e-27
7.94039468e-28
3.94442093e-28
1.61587590e-28
5.01317920e-29
1.02412022e-29
1.08518839e-30
4.33515956e-32
2.35037836e-33
