2.30911838e-25
2.16127942e-25
2.03883922e-25
1.93595846e-25
1.84843620e-25
1.77313653e-25
1.70764747e-25
1.65007367e-25
1.59894116e-25
1.55302613e-25
1.51142128e-25
1.47335535e-25
1.43821746e-25
1.40555138e-25
1.37494389e-25
1.34610096e-25
1.31873512e-25
1.29265979e-25
1.26771300e-25
1.24371586e-25
1.22053999e-25
1.19807504e-25
1.17626540e-25
1.15500710e-25
1.13425779e-25
1.11393034e-25
1.09394847e-25
1.07432450e-25
1.05496608e-25
1.03588513e-25
1.01698134e-25
9.98307139e-26
9.79793988e-26
9.61403555e-26
9.43121363e-26
9.24932922e-26
9.06836326e-26
8.88813807e-26
8.70834395e-26
8.52885382e-26
8.34954614e-26
8.17030573e-26
7.99102443e-26
7.81160179e-26
7.63203432e-26
7.45230649e-26
7.27220993e-26
7.09167194e-26
6.91062968e-26
6.72903046e-26
6.54683197e-26
6.36400238e-26
6.18052052e-26
5.99637588e-26
5.81156866e-26
5.62610971e-26
5.44016230e-26
5.25361586e-26
5.06646754e-26
4.87876819e-26
4.69058044e-26
4.50197900e-26
4.31305124e-26
4.12389794e-26
3.93474024e-26
3.74574073e-26
3.55694703e-26
3.36852188e-26
3.18065042e-26
2.99366380e-26
2.80800759e-26
2.62362572e-26
2.44114907e-26
2.26075499e-26
2.08304378e-26
1.90829654e-26
1.73709632e-26
1.57002440e-26
1.40766825e-26
1.25066185e-26
1.09968625e-26
9.55505672e-27
8.18912867e-27
6.90727503e-27
5.71791050e-27
4.62947163e-27
3.64998379e-27
2.78665843e-27
2.04529037e-27
1.42930250e-27
9.38724451e-28
5.69325574e-28
3.10954436e-28
1.47600823e-28
5.77329730e-29
1.71471909e-29
3.39129649e-30
3.62329086e-31
1.82586705e-32
2.00621059e-33
