7.73000129e-05
7.53304218e-05
7.33706582e-05
7.14148915e-05
6.94693153e-05
6.75341506e-05
6.56104062e-05
6.37047472e-05
6.18203237e-05
5.99655355e-05
5.81425746e-05
5.63563382e-05
5.46119843e-05
5.29113456e-05
5.12563424e-05
4.96481410e-05
4.80871701e-05
4.65741096e-05
4.51079425e-05
4.36872128e-05
4.23107771e-05
4.09771186e-05
3.96868728e-05
3.84366386e-05
3.72255017e-05
3.60522893e-05
3.49164030e-05
3.38165940e-05
3.27512401e-05
3.17192328e-05
3.07195070e-05
2.97519391e-05
2.88146463e-05
2.79067226e-05
2.70272683e-05
2.61757450e-05
2.53512775e-05
2.45525926e-05
2.37788856e-05
2.30293983e-05
2.23040148e-05
2.16014060e-05
2.09208184e-05
2.02615461e-05
1.96231392e-05
1.90050285e-05
1.84062537e-05
1.78262344e-05
1.72644018e-05
1.67206183e-05
1.61939229e-05
1.56837053e-05
1.51894449e-05
1.47101687e-05
1.42474201e-05
1.37985612e-05
1.33637745e-05
1.29426124e-05
1.25349352e-05
1.21400712e-05
1.17575563e-05
1.13870180e-05
1.10278000e-05
1.06808331e-05
1.03443609e-05
1.00184204e-05
9.70267540e-06
9.39701487e-06
9.10098420e-06
8.81422525e-06
8.53645331e-06
8.26721435e-06
8.00701788e-06
7.75472967e-06
7.51031137e-06
7.27351593e-06
7.04423702e-06
6.82215640e-06
6.60696242e-06
6.39841028e-06
6.19625664e-06
6.00040499e-06
5.81045759e-06
5.62617759e-06
5.44732793e-06
5.27366429e-06
5.10491125e-06
4.94091173e-06
4.78127652e-06
4.62578927e-06
4.47420914e-06
4.32631521e-06
4.18185846e-06
4.04067035e-06
3.90249490e-06
3.76718925e-06
3.63451597e-06
3.50444991e-06
3.37664457e-06
3.25051643e-06
