2.31853680e-25
2.15183530e-25
1.98782809e-25
1.82596138e-25
1.66684534e-25
1.51050397e-25
1.35830371e-25
1.21133735e-25
1.07071439e-25
9.37825205e-26
8.14035221e-26
7.00381653e-26
5.97580557e-26
5.05991601e-26
4.25589643e-26
3.55975615e-26
2.96422845e-26
2.46155469e-26
2.03913230e-26
1.68641470e-26
1.39318670e-26
1.15041066e-26
9.49808984e-27
7.83974532e-27
6.46975838e-27
5.33839709e-27
4.40639817e-27
3.63677221e-27
3.00117438e-27
2.47636423e-27
2.04353052e-27
1.68671869e-27
1.39205748e-27
1.14873537e-27
9.47822828e-28
7.82305540e-28
6.45658724e-28
5.32821694e-28
4.39659545e-28
3.62454496e-28
2.99468952e-28
2.47151742e-28
2.03947660e-28
1.68275252e-28
1.38886676e-28
1.14629811e-28
9.45995866e-29
7.80605754e-29
6.43604032e-29
5.31676807e-29
4.38786162e-29
3.62083146e-29
2.98757435e-29
2.46581673e-29
2.03520075e-29
1.67957729e-29
1.38591357e-29
1.14279038e-29
9.43912554e-30
7.79012029e-30
6.42853577e-30
5.30436123e-30
4.37790796e-30
3.61332855e-30
2.98188907e-30
2.46049796e-30
2.02912197e-30
1.67578887e-30
1.38305182e-30
1.14131000e-30
9.41692940e-31
7.77148643e-31
6.41376071e-31
5.29248686e-31
4.36659764e-31
3.60121429e-31
2.97250549e-31
2.45219491e-31
2.02232755e-31
1.66719502e-31
1.37273454e-31
1.13212503e-31
9.32111340e-32
7.66712215e-32
6.29904093e-32
5.16719231e-32
4.23061230e-32
3.45362386e-32
2.81232207e-32
2.28268287e-32
1.84285064e-32
1.47872433e-32
1.17750796e-32
9.29015842e-33
7.24477684e-33
5.56825892e-33
4.20152023e-33
3.09600889e-33
2.20981552e-33
1.50450051e-33
