7.75287589e-05
7.57684567e-05
7.39935909e-05
7.22017397e-05
7.03904372e-05
6.85643523e-05
6.67265528e-05
6.48860845e-05
6.30438649e-05
6.12119113e-05
5.93971559e-05
5.76050056e-05
5.58472959e-05
5.41244469e-05
5.24419592e-05
5.08028189e-05
4.92088823e-05
4.76628808e-05
4.61638677e-05
4.47104655e-05
4.33018308e-05
4.19362438e-05
4.06168936e-05
3.93376282e-05
3.80980816e-05
3.68970833e-05
3.57347168e-05
3.46094246e-05
3.35191799e-05
3.24628678e-05
3.14391899e-05
3.04496412e-05
2.94905332e-05
2.85612744e-05
2.76609802e-05
2.67895812e-05
2.59460367e-05
2.51287060e-05
2.43367679e-05
2.35694554e-05
2.28273708e-05
2.21083970e-05
2.14118257e-05
2.07369510e-05
2.00836274e-05
1.94512120e-05
1.88384386e-05
1.82447281e-05
1.76695200e-05
1.71131946e-05
1.65742472e-05
1.60520607e-05
1.55461037e-05
1.50562399e-05
1.45821165e-05
1.41227508e-05
1.36777012e-05
1.32465231e-05
1.28294361e-05
1.24253903e-05
1.20338934e-05
1.16545710e-05
1.12865224e-05
1.09318900e-05
1.05875484e-05
1.02539233e-05
9.93067182e-06
9.61793392e-06
9.31500401e-06
9.02149457e-06
8.73712482e-06
8.46127702e-06
8.19528807e-06
7.93707689e-06
7.68685493e-06
7.44436794e-06
7.20967442e-06
6.98230802e-06
6.76190897e-06
6.54822184e-06
6.34096872e-06
6.14025581e-06
5.94540804e-06
5.75619403e-06
5.57235234e-06
5.39361087e-06
5.21968380e-06
5.05013122e-06
4.88488662e-06
4.72369612e-06
4.56606011e-06
4.41162496e-06
4.26017646e-06
4.11147836e-06
3.96529347e-06
3.82136433e-06
3.67958537e-06
3.53960282e-06
3.40122934e-06
3.26364739e-06
