2.29573569e-25
2.10933326e-25
1.92887748e-25
1.75399909e-25
1.58461742e-25
1.42151074e-25
1.26538480e-25
1.11746835e-25
9.78305897e-26
8.49223789e-26
7.30979481e-26
6.23970252e-26
5.28953899e-26
4.45352607e-26
3.72871969e-26
3.10782378e-26
2.58137788e-26
2.13919809e-26
1.76986409e-26
1.46259755e-26
1.20778796e-26
9.96699217e-27
8.22985776e-27
6.79259401e-27
5.60570016e-27
4.62573211e-27
3.81747572e-27
3.15060977e-27
2.60001852e-27
2.14549761e-27
1.77013103e-27
1.46120060e-27
1.20593769e-27
9.95177989e-28
8.21175975e-28
6.77664189e-28
5.59286467e-28
4.61558503e-28
3.80882936e-28
3.14285239e-28
2.59400105e-28
2.14080050e-28
1.76662351e-28
1.45773762e-28
1.20298015e-28
9.92868368e-29
8.19395275e-29
6.76173545e-29
5.57933641e-29
4.60480365e-29
3.80027492e-29
3.13610314e-29
2.58784892e-29
2.13560241e-29
1.76260786e-29
1.45462384e-29
1.20034441e-29
9.90435138e-30
8.17431873e-30
6.74633726e-30
5.56743786e-30
4.59418164e-30
3.78782472e-30
3.12896737e-30
2.58219883e-30
2.13082344e-30
1.75823947e-30
1.45112860e-30
1.19763803e-30
9.88336039e-31
8.15530890e-31
6.72451528e-31
5.55376444e-31
4.58308921e-31
3.78170310e-31
3.12006769e-31
2.57443963e-31
2.12400268e-31
1.75196591e-31
1.44469249e-31
1.19084858e-31
9.81564811e-32
8.08526284e-32
6.65459943e-32
5.47141500e-32
4.49265732e-32
3.68281888e-32
3.01111100e-32
2.45605031e-32
1.99758600e-32
1.61752018e-32
1.30225628e-32
1.04133921e-32
8.25774840e-33
6.48104289e-33
5.02106511e-33
3.82751114e-33
2.85696037e-33
2.07484557e-33
1.44709527e-33
