3.75117250e-17
3.58214044e-17
3.44126735e-17
3.32254815e-17
3.22148547e-17
3.13457098e-17
3.05899672e-17
2.99249307e-17
2.93326435e-17
2.87985615e-17
2.83114053e-17
2.78623140e-17
2.74443860e-17
2.70516325e-17
2.66803250e-17
2.63261751e-17
2.59872527e-17
2.56602741e-17
2.53436285e-17
2.50354949e-17
2.47348251e-17
2.44400383e-17
2.41507197e-17
2.38653963e-17
2.35834534e-17
2.33042411e-17
2.30270863e-17
2.27513038e-17
2.24771182e-17
2.22035922e-17
2.19296860e-17
2.16565554e-17
2.13822430e-17
2.11077683e-17
2.08314456e-17
2.05547572e-17
2.02756263e-17
1.99950654e-17
1.97125021e-17
1.94270092e-17
1.91394176e-17
1.88492573e-17
1.85556601e-17
1.82584566e-17
1.79589483e-17
1.76555174e-17
1.73479578e-17
1.70360910e-17
1.67208762e-17
1.64012878e-17
1.60768692e-17
1.57474359e-17
1.54133423e-17
1.50748153e-17
1.47307661e-17
1.43810087e-17
1.40256573e-17
1.36656199e-17
1.32994053e-17
1.29268368e-17
1.25488254e-17
1.21650610e-17
1.17745553e-17
1.13783447e-17
1.09762710e-17
1.05671913e-17
1.01535526e-17
9.73290639e-18
9.30757298e-18
8.87575677e-18
8.44010330e-18
7.99910532e-18
7.55368936e-18
7.10551424e-18
6.65434037e-18
6.20122607e-18
5.74730708e-18
5.29382199e-18
4.84214997e-18
4.39457242e-18
3.95227660e-18
3.51809600e-18
3.09426198e-18
2.68376348e-18
2.28985661e-18
1.91612304e-18
1.56641317e-18
1.24477668e-18
9.55355515e-19
7.02100493e-19
4.88414085e-19
3.16584177e-19
1.87082618e-19
9.77648951e-20
4.32976081e-20
1.53720556e-20
4.15094469e-21
9.13476088e-22
2.64060021e-22
1.37491471e-22
