4.73884454e-13
4.52701109e-13
4.34483405e-13
4.18678646e-13
4.04859481e-13
3.92684379e-13
3.81873312e-13
3.72193074e-13
3.63454298e-13
3.55491103e-13
3.48178590e-13
3.41405913e-13
3.35083316e-13
3.29143522e-13
3.23523095e-13
3.18177403e-13
3.13060717e-13
3.08144321e-13
3.03402864e-13
2.98806632e-13
2.94334568e-13
2.89968341e-13
2.85699713e-13
2.81510553e-13
2.77394416e-13
2.73335647e-13
2.69320320e-13
2.65352090e-13
2.61413308e-13
2.57507271e-13
2.53614155e-13
2.49745380e-13
2.45887344e-13
2.42032460e-13
2.38178003e-13
2.34321177e-13
2.30461810e-13
2.26596310e-13
2.22718145e-13
2.18824605e-13
2.14913039e-13
2.10980875e-13
2.07025641e-13
2.03044974e-13
1.99038634e-13
1.95006097e-13
1.90942465e-13
1.86845812e-13
1.82714394e-13
1.78546653e-13
1.74341232e-13
1.70096980e-13
1.65812959e-13
1.61488452e-13
1.57122966e-13
1.52716233e-13
1.48271618e-13
1.43785938e-13
1.39258526e-13
1.34689978e-13
1.30081161e-13
1.25433224e-13
1.20747616e-13
1.16026107e-13
1.11273488e-13
1.06493124e-13
1.01685459e-13
9.68538220e-14
9.20021169e-14
8.71380558e-14
8.22724602e-14
7.74030371e-14
7.25456108e-14
6.77041085e-14
6.28938694e-14
5.81217719e-14
5.34030285e-14
4.87530706e-14
4.41877758e-14
3.97246334e-14
3.53828445e-14
3.11844861e-14
2.71530979e-14
2.33137859e-14
1.96932772e-14
1.63195974e-14
1.32210640e-14
1.04254047e-14
7.95828950e-15
5.84069374e-15
4.08588473e-15
2.69672477e-15
1.65935745e-15
9.41899273e-16
4.92142101e-16
2.42830519e-16
1.22544768e-16
7.07370158e-17
4.83724422e-17
3.71566842e-17
