4.29025492e-21
6.28877114e-21
1.05727626e-20
2.22721355e-20
5.61969218e-20
1.42489085e-19
3.26727692e-19
6.65555612e-19
1.22234891e-18
2.06443763e-18
3.26687590e-18
4.90826450e-18
7.08076225e-18
9.88922497e-18
1.34473441e-17
1.78872537e-17
2.33660346e-17
3.00753146e-17
3.82239337e-17
4.80423484e-17
5.98041204e-17
7.38390721e-17
9.05491046e-17
1.10387590e-16
1.33737407e-16
1.61379073e-16
1.93749306e-16
2.31806876e-16
2.76527189e-16
3.28530452e-16
3.89366520e-16
4.60419183e-16
5.43280206e-16
6.39601662e-16
7.51322879e-16
8.81121107e-16
1.03177554e-15
1.20648312e-15
1.40892086e-15
1.64331733e-15
1.91453470e-15
2.22816285e-15
2.59062726e-15
3.00931272e-15
3.49270510e-15
4.05055389e-15
4.69405834e-15
5.43608081e-15
6.29139114e-15
7.27694660e-15
8.41221270e-15
9.71953081e-15
1.12245395e-14
1.29566580e-14
1.49496407e-14
1.72422149e-14
1.98788131e-14
2.29104175e-14
2.63955336e-14
3.04013166e-14
3.50048759e-14
4.02947924e-14
4.63728867e-14
5.33562894e-14
6.13798721e-14
7.05991148e-14
8.11553068e-14
9.32771666e-14
1.07200383e-13
1.23197881e-13
1.41586812e-13
1.62650005e-13
1.86814416e-13
2.14616156e-13
2.46474253e-13
2.83062180e-13
3.25075245e-13
3.73329787e-13
4.28667994e-13
4.92287463e-13
5.65374967e-13
6.49327284e-13
7.45803123e-13
8.56781525e-13
9.84425347e-13
1.13139554e-12
1.30064486e-12
1.49581621e-12
1.72112626e-12
1.98160671e-12
2.28330482e-12
2.63354129e-12
3.04141829e-12
3.51816758e-12
4.07798150e-12
4.73903276e-12
5.52473376e-12
6.46547515e-12
7.60163003e-12
8.98802156e-12
