4.08174186e-21
5.43262800e-21
7.52363427e-21
1.10400443e-20
1.72930476e-20
2.82838770e-20
4.65099661e-20
7.47874252e-20
1.16249673e-19
1.74374771e-19
2.53269881e-19
3.57877446e-19
4.93928421e-19
6.68512392e-19
8.90030757e-19
1.16890387e-18
1.51784760e-18
1.95071071e-18
2.48749561e-18
3.14698962e-18
3.95785372e-18
4.95129299e-18
6.16507550e-18
7.64506302e-18
9.44709916e-18
1.16393359e-17
1.42946308e-17
1.75076477e-17
2.14054048e-17
2.61205353e-17
3.17976665e-17
3.86793506e-17
4.69429857e-17
5.69297974e-17
6.89394426e-17
8.34058445e-17
1.00798640e-16
1.21724581e-16
1.46841991e-16
1.77078667e-16
2.13268304e-16
2.56919579e-16
3.08966172e-16
3.71736015e-16
4.46675779e-16
5.36705939e-16
6.44648711e-16
7.73638659e-16
9.28957806e-16
1.11366517e-15
1.33579303e-15
1.60130115e-15
1.91878437e-15
2.30015104e-15
2.75370376e-15
3.29896104e-15
3.94869032e-15
4.72690586e-15
5.65794435e-15
6.76843593e-15
8.10115971e-15
9.68563310e-15
1.15907226e-14
1.38518909e-14
1.65704990e-14
1.97992291e-14
2.36799939e-14
2.82863124e-14
3.38150012e-14
4.03972136e-14
4.82673158e-14
5.76869397e-14
6.88878007e-14
8.22910649e-14
9.83188180e-14
1.17429782e-13
1.40227809e-13
1.67463420e-13
1.99992409e-13
2.38843261e-13
2.85259172e-13
3.40660410e-13
4.06762962e-13
4.85864354e-13
5.80206144e-13
6.92977615e-13
8.27809880e-13
9.88880789e-13
1.18157872e-12
1.41215079e-12
1.68819645e-12
2.01895892e-12
2.41580295e-12
2.89266251e-12
3.46686515e-12
4.16015527e-12
5.00004245e-12
6.02160403e-12
7.26986576e-12
8.80366676e-12
