6.19277519e-14
5.69428753e-14
5.30296034e-14
4.98864814e-14
4.73146031e-14
4.51769912e-14
4.33734047e-14
4.18302686e-14
4.04913443e-14
3.93129984e-14
3.82627621e-14
3.73156898e-14
3.64513831e-14
3.56550318e-14
3.49150496e-14
3.42210313e-14
3.35671375e-14
3.29452210e-14
3.23517291e-14
3.17827398e-14
3.12341159e-14
3.07016481e-14
3.01870193e-14
2.96836607e-14
2.91921302e-14
2.87114219e-14
2.82388067e-14
2.77734132e-14
2.73143586e-14
2.68607592e-14
2.64117409e-14
2.59664474e-14
2.55240481e-14
2.50841765e-14
2.46481409e-14
2.42131073e-14
2.37783553e-14
2.33434617e-14
2.29116272e-14
2.24784464e-14
2.20433615e-14
2.16103400e-14
2.11751871e-14
2.07371581e-14
2.03008777e-14
1.98607644e-14
1.94188472e-14
1.89760501e-14
1.85286271e-14
1.80813423e-14
1.76300515e-14
1.71753734e-14
1.67196510e-14
1.62586211e-14
1.57964271e-14
1.53304228e-14
1.48595598e-14
1.43883953e-14
1.39120808e-14
1.34320923e-14
1.29507980e-14
1.24649625e-14
1.19753643e-14
1.14852419e-14
1.09915296e-14
1.04948071e-14
9.99578798e-15
9.49680725e-15
8.99626010e-15
8.49490021e-15
7.99352561e-15
7.49298266e-15
6.99417394e-15
6.49807111e-15
6.00573403e-15
5.51833690e-15
5.03782550e-15
4.56576522e-15
4.10312715e-15
3.65323312e-15
3.21727528e-15
2.79811325e-15
2.39849343e-15
2.02120194e-15
1.66919646e-15
1.34565896e-15
1.05364283e-15
7.96028160e-16
5.75291217e-16
3.93122495e-16
2.50001701e-16
1.44686107e-16
7.38343230e-17
3.17001578e-17
1.06694792e-17
2.51370709e-18
3.42093539e-19
1.88008023e-20
2.05041636e-22
9.39032988e-25
