1.54612999e-09
1.42217387e-09
1.29881646e-09
1.17626326e-09
1.05547513e-09
9.37608024e-10
8.24246664e-10
7.17529463e-10
6.18802079e-10
5.29377497e-10
4.50046111e-10
3.80857526e-10
3.21292099e-10
2.70515573e-10
2.27513007e-10
1.91297567e-10
1.60810355e-10
1.35161875e-10
1.13591128e-10
9.54690401e-11
8.02456653e-11
6.74449541e-11
5.66825531e-11
4.76279616e-11
4.00413515e-11
3.36546832e-11
2.82845189e-11
2.37697536e-11
1.99792964e-11
1.67934575e-11
1.41141930e-11
1.18613897e-11
9.96335222e-12
8.37947427e-12
7.04298885e-12
5.91906367e-12
4.97404576e-12
4.18103443e-12
3.51430459e-12
2.95365251e-12
2.48219627e-12
2.08620898e-12
1.75354554e-12
1.47383370e-12
1.23864675e-12
1.04066783e-12
8.74988952e-13
7.35423754e-13
6.18079624e-13
5.19423361e-13
4.36598725e-13
3.66972588e-13
3.08422137e-13
2.59195571e-13
2.17843030e-13
1.83112987e-13
1.53904282e-13
1.29342302e-13
1.08691142e-13
9.13664978e-14
7.67964802e-14
6.45436592e-14
5.42403592e-14
4.55883793e-14
3.83192443e-14
3.22069217e-14
2.70671248e-14
2.27382884e-14
1.91203615e-14
1.60706643e-14
1.35065074e-14
1.13505274e-14
9.54067846e-15
8.01907017e-15
6.73962966e-15
5.66395459e-15
4.76038406e-15
4.00132075e-15
3.36291994e-15
2.82609415e-15
2.37454892e-15
1.99598337e-15
1.67729913e-15
1.40915953e-15
1.18352906e-15
9.93793023e-16
8.34122533e-16
6.99514879e-16
5.85929004e-16
4.89981593e-16
4.08832092e-16
3.40085212e-16
2.81724872e-16
2.32072773e-16
1.89788961e-16
1.53745542e-16
1.23029555e-16
9.68906561e-17
7.47183012e-17
5.59600895e-17
