5.97802116e-13
7.35562329e-13
9.43689826e-13
1.28933219e-12
1.91677127e-12
3.08961339e-12
5.20250863e-12
8.75295507e-12
1.42911882e-11
2.23690739e-11
3.35150260e-11
4.82118816e-11
6.68980917e-11
8.99892638e-11
1.17836969e-10
1.50827795e-10
1.89274690e-10
2.33572786e-10
2.83980038e-10
3.40826444e-10
4.04570109e-10
4.75554720e-10
5.54192200e-10
6.40674285e-10
7.35657009e-10
8.39545501e-10
9.52802746e-10
1.07596363e-09
1.20964702e-09
1.35406727e-09
1.50981107e-09
1.67809950e-09
1.85919497e-09
2.05338864e-09
2.26279481e-09
2.48590746e-09
2.72639039e-09
2.98198605e-09
3.25669535e-09
3.54893525e-09
3.86147456e-09
4.19513889e-09
4.54962807e-09
4.92869476e-09
5.33124586e-09
5.75951782e-09
6.21653502e-09
6.70077099e-09
7.21573581e-09
7.76444036e-09
8.34544040e-09
8.96262037e-09
9.61955619e-09
1.03149524e-08
1.10530644e-08
1.18382163e-08
1.26686645e-08
1.35503958e-08
1.44877094e-08
1.54780304e-08
1.65310747e-08
1.76468116e-08
1.88300555e-08
2.00860337e-08
2.14165545e-08
2.28295261e-08
2.43271127e-08
2.59167562e-08
2.76043342e-08
2.93939975e-08
3.12953879e-08
3.33151347e-08
3.54598329e-08
3.77396868e-08
4.01642225e-08
4.27438323e-08
4.54900004e-08
4.84153290e-08
5.15349641e-08
5.48632761e-08
5.84193780e-08
6.22215982e-08
6.62937543e-08
7.06621274e-08
7.53539225e-08
8.04067137e-08
8.58570416e-08
9.17556389e-08
9.81545124e-08
1.05122646e-07
1.12739382e-07
1.21100312e-07
1.30323425e-07
1.40549116e-07
1.51950474e-07
1.64740135e-07
1.79176558e-07
1.95587028e-07
2.14387242e-07
2.36118249e-07
