6.22368317e-03
6.05090489e-03
5.87264893e-03
5.68874044e-03
5.49981313e-03
5.30662264e-03
5.11053414e-03
4.91403292e-03
4.71856409e-03
4.52606298e-03
4.33828529e-03
4.15633093e-03
3.98077195e-03
3.81194767e-03
3.64993475e-03
3.49490610e-03
3.34639696e-03
3.20411332e-03
3.06780264e-03
2.93735465e-03
2.81253431e-03
2.69296937e-03
2.57843316e-03
2.46866839e-03
2.36383781e-03
2.26335730e-03
2.16710974e-03
2.07491407e-03
1.98672251e-03
1.90228509e-03
1.82139927e-03
1.74392204e-03
1.66961114e-03
1.59881067e-03
1.53084122e-03
1.46572996e-03
1.40336282e-03
1.34373928e-03
1.28662889e-03
1.23191649e-03
1.17950431e-03
1.12935711e-03
1.08136680e-03
1.03539489e-03
9.91354386e-04
9.49136647e-04
9.08849279e-04
8.70217218e-04
8.33211453e-04
7.97761577e-04
7.63855925e-04
7.31390254e-04
7.00291740e-04
6.70503415e-04
6.41991511e-04
6.14711191e-04
5.88576874e-04
5.63543030e-04
5.39563804e-04
5.16643046e-04
4.94683353e-04
4.73646050e-04
4.53494420e-04
4.34217060e-04
4.15765396e-04
3.98088795e-04
3.81154727e-04
3.64917619e-04
3.49435273e-04
3.34582003e-04
3.20353189e-04
3.06722235e-04
2.93687429e-04
2.81205004e-04
2.69248259e-04
2.57794564e-04
2.46832548e-04
2.36342309e-04
2.26292822e-04
2.16665912e-04
2.07440792e-04
1.98624905e-04
1.90172201e-04
1.82069764e-04
1.74301174e-04
1.66855780e-04
1.59713582e-04
1.52848988e-04
1.46243346e-04
1.39877311e-04
1.33730036e-04
1.27778940e-04
1.22000218e-04
1.16369622e-04
1.10868289e-04
1.05474245e-04
1.00168921e-04
9.49360920e-05
8.97588005e-05
8.46077768e-05
