3.34733318e-25
4.43978958e-25
5.85737356e-25
7.69722222e-25
1.00849286e-24
1.31811198e-24
1.71961919e-24
2.24069086e-24
2.91608420e-24
3.79131222e-24
4.92589566e-24
6.39752759e-24
8.30736291e-24
1.07868645e-23
1.40065749e-23
1.81791907e-23
2.35911463e-23
3.06198799e-23
3.97507711e-23
5.16041739e-23
6.69559178e-23
8.68920637e-23
1.12788751e-22
1.46430435e-22
1.90023101e-22
2.46583170e-22
3.20041136e-22
4.15471089e-22
5.39290891e-22
6.99765816e-22
9.08167726e-22
1.17885939e-21
1.53046136e-21
1.98584805e-21
2.57709430e-21
3.34502722e-21
4.34256464e-21
5.63586356e-21
7.31310638e-21
9.49159935e-21
1.23216048e-20
1.59955991e-20
2.07538197e-20
2.69333709e-20
3.49606953e-20
4.53886882e-20
5.89001516e-20
7.64308149e-20
9.92001547e-20
1.28781177e-19
1.67162841e-19
2.16902252e-19
2.81495362e-19
3.65398327e-19
4.74386345e-19
6.15548478e-19
7.98809214e-19
1.03682559e-18
1.34601563e-18
1.74691269e-18
2.26681962e-18
2.94207113e-18
3.81921775e-18
4.95800176e-18
6.43289218e-18
8.34841337e-18
1.08366298e-17
1.40687886e-17
1.82567159e-17
2.36905218e-17
3.07484540e-17
3.99177676e-17
5.18147553e-17
6.72312339e-17
8.72521023e-17
1.13259591e-16
1.47043371e-16
1.90799452e-16
2.47600412e-16
3.21373173e-16
4.17211944e-16
5.41484736e-16
7.02639134e-16
9.11932641e-16
1.18379662e-15
1.53677655e-15
1.99391186e-15
2.58748564e-15
3.35805097e-15
4.35767445e-15
5.65054108e-15
7.32056549e-15
9.47418415e-15
1.22415583e-14
1.57845084e-14
2.02956451e-14
2.60256069e-14
3.32749282e-14
4.24243765e-14
5.39470732e-14
