1.55874629e-09
1.47077133e-09
1.40134623e-09
1.34558235e-09
1.30012886e-09
1.26253333e-09
1.23096297e-09
1.20398955e-09
1.18053024e-09
1.15978649e-09
1.14112557e-09
1.12412988e-09
1.10842369e-09
1.09374364e-09
1.07991117e-09
1.06677617e-09
1.05419764e-09
1.04206458e-09
1.03030090e-09
1.01885680e-09
1.00767847e-09
9.96709909e-10
9.85894503e-10
9.75212240e-10
9.64660352e-10
9.54159828e-10
9.43741340e-10
9.33359643e-10
9.22967954e-10
9.12619681e-10
9.02261725e-10
8.91866074e-10
8.81425304e-10
8.70931903e-10
8.60412149e-10
8.49828084e-10
8.39163716e-10
8.28411594e-10
8.17564257e-10
8.06614241e-10
7.95554079e-10
7.84376299e-10
7.73073422e-10
7.61637959e-10
7.50062407e-10
7.38339243e-10
7.26460919e-10
7.14419857e-10
7.02208444e-10
6.89819024e-10
6.77243898e-10
6.64475316e-10
6.51505475e-10
6.38326519e-10
6.24930537e-10
6.11309564e-10
5.97455589e-10
5.83360553e-10
5.69016369e-10
5.54414924e-10
5.39548106e-10
5.24407820e-10
5.08986029e-10
4.93274785e-10
4.77266297e-10
4.60952999e-10
4.44342043e-10
4.27464073e-10
4.10270796e-10
3.92757338e-10
3.74919933e-10
3.56789183e-10
3.38419204e-10
3.19735549e-10
3.00801503e-10
2.81665631e-10
2.62305941e-10
2.42818534e-10
2.23235885e-10
2.03604764e-10
1.84023657e-10
1.64595241e-10
1.45429833e-10
1.26650877e-10
1.08421950e-10
9.09259708e-11
7.43781982e-11
5.89990833e-11
4.50349214e-11
3.27371199e-11
2.23383143e-11
1.40190366e-11
7.85521907e-12
3.76125689e-12
1.44007119e-12
3.97669209e-13
6.73649220e-14
5.60184467e-15
2.95776614e-16
6.88002080e-17
