9.62730899e-12
8.78338485e-12
8.10326047e-12
7.54395048e-12
7.07623279e-12
6.67958159e-12
6.33892447e-12
6.04301943e-12
5.78312602e-12
5.55251613e-12
5.34584764e-12
5.15893878e-12
4.98846573e-12
4.83165588e-12
4.68652160e-12
4.55112536e-12
4.42423984e-12
4.30447541e-12
4.19107952e-12
4.08322154e-12
3.98002748e-12
3.88112954e-12
3.78575819e-12
3.69400592e-12
3.60511138e-12
3.51882077e-12
3.43487661e-12
3.35302251e-12
3.27300770e-12
3.19503783e-12
3.11854154e-12
3.04328309e-12
2.96953720e-12
2.89693124e-12
2.82528095e-12
2.75485092e-12
2.68508593e-12
2.61640096e-12
2.54831809e-12
2.48100547e-12
2.41441649e-12
2.34817027e-12
2.28290795e-12
2.21792806e-12
2.15341619e-12
2.08958721e-12
2.02600387e-12
1.96288122e-12
1.90031936e-12
1.83798189e-12
1.77605546e-12
1.71466124e-12
1.65348918e-12
1.59270845e-12
1.53245486e-12
1.47244383e-12
1.41288312e-12
1.35382110e-12
1.29504943e-12
1.23688736e-12
1.17915507e-12
1.12190102e-12
1.06529942e-12
1.00916636e-12
9.53819121e-13
8.99032747e-13
8.45102453e-13
7.91902617e-13
7.39601128e-13
6.88249858e-13
6.37891415e-13
5.88648541e-13
5.40615940e-13
4.93866913e-13
4.48512828e-13
4.04667168e-13
3.62448758e-13
3.21984678e-13
2.83394944e-13
2.46824626e-13
2.12407827e-13
1.80292477e-13
1.50604901e-13
1.23476199e-13
9.90424333e-14
7.73939109e-14
5.86149977e-14
4.27294097e-14
2.97238202e-14
1.94995924e-14
1.18757811e-14
6.57122804e-15
3.20407596e-15
1.31760313e-15
4.27883669e-16
9.90719036e-17
1.38824233e-17
9.21479763e-19
3.33262943e-20
5.92246233e-21
