1.52953212e-09
1.39169942e-09
1.25754807e-09
1.12715872e-09
1.00119847e-09
8.81308295e-10
7.68455391e-10
6.64139829e-10
5.69401274e-10
4.84940443e-10
4.10865054e-10
3.47014805e-10
2.92377018e-10
2.46008370e-10
2.06843666e-10
1.73877000e-10
1.46157641e-10
1.22845858e-10
1.03243461e-10
8.67467000e-11
7.29284939e-11
6.12959061e-11
5.15166414e-11
4.32947852e-11
3.63891155e-11
3.05847527e-11
2.57052308e-11
2.16034012e-11
1.81567412e-11
1.52611064e-11
1.28263918e-11
1.07796218e-11
9.05915619e-12
7.61472971e-12
6.40016150e-12
5.37892630e-12
4.52040829e-12
3.79933745e-12
3.19345861e-12
2.68402170e-12
2.25568227e-12
1.89512864e-12
1.59338454e-12
1.33924062e-12
1.12556659e-12
9.45912906e-13
7.95039175e-13
6.68228841e-13
5.61625527e-13
4.72004887e-13
3.96698534e-13
3.33428228e-13
2.80234679e-13
2.35519231e-13
1.97919843e-13
1.66371393e-13
1.39832273e-13
1.17519682e-13
9.87637542e-14
8.30112925e-14
6.97728923e-14
5.86412659e-14
4.92823369e-14
4.14026592e-14
3.48135409e-14
2.92607087e-14
2.45917708e-14
2.06663459e-14
1.73703360e-14
1.45999164e-14
1.22708060e-14
1.03125586e-14
8.66719627e-15
7.28482327e-15
6.12270066e-15
5.14576265e-15
4.32393953e-15
3.63487633e-15
3.05497664e-15
2.56745264e-15
2.15760728e-15
1.81332509e-15
1.52387807e-15
1.28040750e-15
1.07560361e-15
9.03153288e-16
7.58420001e-16
6.36318984e-16
5.33343984e-16
4.46418022e-16
3.72951061e-16
3.10757788e-16
2.58005025e-16
2.13173654e-16
1.75026717e-16
1.42544303e-16
1.14873792e-16
9.13297197e-17
7.13485188e-17
5.44040440e-17
