4.88950754e-21
1.03216119e-20
4.97438250e-20
3.99353639e-19
2.39308923e-18
9.79451363e-18
2.98405421e-17
7.32239050e-17
1.53154318e-16
2.84054695e-16
4.80612612e-16
7.57001182e-16
1.12662452e-15
1.60241456e-15
2.19591246e-15
2.91932405e-15
3.78320503e-15
4.79992193e-15
5.97869160e-15
7.33033391e-15
8.86879865e-15
1.06054064e-14
1.25532077e-14
1.47198173e-14
1.71245389e-14
1.97805837e-14
2.27027432e-14
2.59078169e-14
2.94149959e-14
3.32329720e-14
3.73802965e-14
4.18927834e-14
4.67809155e-14
5.20558913e-14
5.77788437e-14
6.39122280e-14
7.05606409e-14
7.76656500e-14
8.53425972e-14
9.35516794e-14
1.02375124e-13
1.11841219e-13
1.21946306e-13
1.32802689e-13
1.44384698e-13
1.56762313e-13
1.70029378e-13
1.84148082e-13
1.99227427e-13
2.15363254e-13
2.32520854e-13
2.50822945e-13
2.70384764e-13
2.91177163e-13
3.13337169e-13
3.37005816e-13
3.62142075e-13
3.88939346e-13
4.17542280e-13
4.47886540e-13
4.80285362e-13
5.14755162e-13
5.51463010e-13
5.90591448e-13
6.32218767e-13
6.76616532e-13
7.23879325e-13
7.74271075e-13
8.28010654e-13
8.85265829e-13
9.46384794e-13
1.01162549e-12
1.08125067e-12
1.15564755e-12
1.23519070e-12
1.32029337e-12
1.41141703e-12
1.50907467e-12
1.61388178e-12
1.72644884e-12
1.84757182e-12
1.97805143e-12
2.11891468e-12
2.27132295e-12
2.43652966e-12
2.61623007e-12
2.81218271e-12
3.02678400e-12
3.26264725e-12
3.52323327e-12
3.81269397e-12
4.13620486e-12
4.50036576e-12
4.91343378e-12
5.38606758e-12
5.93211766e-12
6.56965953e-12
7.32322033e-12
8.22671479e-12
9.32868932e-12
