2.41793618e-07
2.25523172e-07
2.11872346e-07
2.00265828e-07
1.90283810e-07
1.81613516e-07
1.74011914e-07
1.67289084e-07
1.61290184e-07
1.55891782e-07
1.50992402e-07
1.46510600e-07
1.42380157e-07
1.38544277e-07
1.34962481e-07
1.31593402e-07
1.28411679e-07
1.25386666e-07
1.22502799e-07
1.19741860e-07
1.17083860e-07
1.14521338e-07
1.12036050e-07
1.09631904e-07
1.07290269e-07
1.05005535e-07
1.02771836e-07
1.00583180e-07
9.84335799e-08
9.63292574e-08
9.42554102e-08
9.22061094e-08
9.01892982e-08
8.81952253e-08
8.62191667e-08
8.42687661e-08
8.23289406e-08
8.04114938e-08
7.85033356e-08
7.66093752e-08
7.47285150e-08
7.28501373e-08
7.09926016e-08
6.91361088e-08
6.72860417e-08
6.54487040e-08
6.36116106e-08
6.17810379e-08
5.99599968e-08
5.81387617e-08
5.63228225e-08
5.45158140e-08
5.27086556e-08
5.09063602e-08
4.91130141e-08
4.73201736e-08
4.55340513e-08
4.37561387e-08
4.19801667e-08
4.02157948e-08
3.84575934e-08
3.67070272e-08
3.49694394e-08
3.32391837e-08
3.15260493e-08
2.98230824e-08
2.81394646e-08
2.64712926e-08
2.48238366e-08
2.31987591e-08
2.15974322e-08
2.00237928e-08
1.84809230e-08
1.69712427e-08
1.54984279e-08
1.40662676e-08
1.26787761e-08
1.13402978e-08
1.00550106e-08
8.82800670e-09
7.66411241e-09
6.56874005e-09
5.54670691e-09
4.60315422e-09
3.74360708e-09
2.97223534e-09
2.29328782e-09
1.70917915e-09
1.22136953e-09
8.28600193e-10
5.26947475e-10
3.09011124e-10
1.63598828e-10
7.62706982e-11
3.06006292e-11
1.06317354e-11
3.58393191e-12
1.51749288e-12
8.92962489e-13
6.37160195e-13
