6.18521180e-03
5.99813400e-03
5.82931729e-03
5.67635099e-03
5.53720923e-03
5.41018893e-03
5.29376680e-03
5.18660980e-03
5.08747599e-03
4.99528457e-03
4.90905728e-03
4.82795855e-03
4.75126801e-03
4.67831448e-03
4.60864034e-03
4.54169621e-03
4.47718904e-03
4.41467276e-03
4.35397272e-03
4.29483237e-03
4.23692870e-03
4.18018923e-03
4.12428629e-03
4.06937663e-03
4.01509606e-03
3.96136365e-03
3.90808497e-03
3.85515501e-03
3.80246118e-03
3.75018853e-03
3.69799790e-03
3.64575870e-03
3.59369319e-03
3.54156870e-03
3.48927391e-03
3.43702478e-03
3.38442739e-03
3.33181034e-03
3.27882234e-03
3.22560358e-03
3.17212887e-03
3.11809601e-03
3.06403653e-03
3.00937668e-03
2.95426974e-03
2.89890400e-03
2.84290013e-03
2.78644259e-03
2.72962183e-03
2.67212774e-03
2.61412393e-03
2.55572112e-03
2.49661651e-03
2.43696137e-03
2.37688253e-03
2.31608487e-03
2.25476408e-03
2.19295967e-03
2.13043725e-03
2.06752082e-03
2.00400145e-03
1.93991169e-03
1.87542910e-03
1.81032297e-03
1.74494055e-03
1.67899404e-03
1.61281460e-03
1.54622455e-03
1.47940642e-03
1.41240094e-03
1.34523493e-03
1.27804257e-03
1.21092481e-03
1.14395438e-03
1.07726005e-03
1.01097865e-03
9.45260809e-04
8.80277302e-04
8.16196121e-04
7.53237840e-04
6.91620135e-04
6.31604976e-04
5.73439322e-04
5.17409318e-04
4.63856495e-04
4.13081741e-04
3.65446618e-04
3.21263148e-04
2.80875404e-04
2.44550909e-04
2.12503460e-04
1.84837961e-04
1.61500370e-04
1.42265166e-04
1.26711786e-04
1.14271744e-04
1.04315341e-04
9.62553893e-05
8.96219154e-05
8.40742314e-05
