4.25119066e-21
5.59372996e-21
7.25692210e-21
9.31897467e-21
1.18719655e-20
1.50264822e-20
1.89310160e-20
2.37553225e-20
2.97240740e-20
3.71139086e-20
4.62641701e-20
5.76199952e-20
7.16970498e-20
8.91720583e-20
1.10872778e-19
1.37831401e-19
1.71309973e-19
2.12893681e-19
2.64579447e-19
3.28819461e-19
4.08658381e-19
5.07773034e-19
6.30985261e-19
7.84162002e-19
9.74575399e-19
1.21102511e-18
1.50478472e-18
1.86997367e-18
2.32400806e-18
2.88823022e-18
3.58879270e-18
4.45950829e-18
5.54193914e-18
6.88726372e-18
8.55882864e-18
1.06353865e-17
1.32163324e-17
1.64248013e-17
2.04111991e-17
2.53633472e-17
3.15186591e-17
3.91693064e-17
4.86787749e-17
6.04858577e-17
7.51638307e-17
9.34096060e-17
1.16066642e-16
1.44252484e-16
1.79246746e-16
2.22752107e-16
2.76837356e-16
3.44039951e-16
4.27482779e-16
5.31203565e-16
6.60154839e-16
8.20422768e-16
1.01951797e-15
1.26684961e-15
1.57428332e-15
1.95650667e-15
2.43139619e-15
3.02127548e-15
3.75441302e-15
4.66569965e-15
5.79851079e-15
7.20509926e-15
8.95354816e-15
1.11267684e-14
1.38255169e-14
1.71829309e-14
2.13518398e-14
2.65344193e-14
3.29765823e-14
4.09807403e-14
5.09202295e-14
6.32764643e-14
7.86382600e-14
9.77292806e-14
1.21441809e-13
1.50902201e-13
1.87525801e-13
2.33060396e-13
2.89628248e-13
3.59886391e-13
4.47205282e-13
5.55740261e-13
6.90614984e-13
8.57910168e-13
1.06535376e-12
1.32192275e-12
1.63793036e-12
2.02463266e-12
2.49384906e-12
3.05779591e-12
3.72807570e-12
4.51631484e-12
5.43414345e-12
6.49477852e-12
7.71186589e-12
9.10436816e-12
