2.42803021e-07
2.24606633e-07
2.06707522e-07
1.89113546e-07
1.71903029e-07
1.55283463e-07
1.39374423e-07
1.24374039e-07
1.10428086e-07
9.76503341e-08
8.60877305e-08
7.57640937e-08
6.65886764e-08
5.84821902e-08
5.13434387e-08
4.50727240e-08
3.95677180e-08
3.47328725e-08
3.04869372e-08
2.67556543e-08
2.34904729e-08
2.06202781e-08
1.81000895e-08
1.58870774e-08
1.39458411e-08
1.22418380e-08
1.07457475e-08
9.43218411e-09
8.27935720e-09
7.26784505e-09
6.37962927e-09
5.59979926e-09
4.91515016e-09
4.31479317e-09
3.78756185e-09
3.32459033e-09
2.91811364e-09
2.56154418e-09
2.24861924e-09
1.97381625e-09
1.73250523e-09
1.52040668e-09
1.33493781e-09
1.17182985e-09
1.02859984e-09
9.02826871e-10
7.92516982e-10
6.95686930e-10
6.10669296e-10
5.36017352e-10
4.70502464e-10
4.13017346e-10
3.62543812e-10
3.18229734e-10
2.79312000e-10
2.45203169e-10
2.15239364e-10
1.88930087e-10
1.65832196e-10
1.45570509e-10
1.27785909e-10
1.12167901e-10
9.84545447e-11
8.63987063e-11
7.58633594e-11
6.65935968e-11
5.84532600e-11
5.13055530e-11
4.50376153e-11
3.95351848e-11
3.47036006e-11
3.04608348e-11
2.67377680e-11
2.34710530e-11
2.06028834e-11
1.80845525e-11
1.58720692e-11
1.39342435e-11
1.22313256e-11
1.07361200e-11
9.42325458e-12
8.27135974e-12
7.25991926e-12
6.37137524e-12
5.59072988e-12
4.90420391e-12
4.30214250e-12
3.77164890e-12
3.30425244e-12
2.89199952e-12
2.52784612e-12
2.20554695e-12
1.91962719e-12
1.66537203e-12
1.43882928e-12
1.23661888e-12
1.05580016e-12
8.94010819e-13
7.49250658e-13
6.19359022e-13
