9.53837608e-12
8.45118913e-12
7.42562861e-12
6.46236359e-12
5.56379584e-12
4.73538949e-12
3.98700464e-12
3.31958926e-12
2.73694709e-12
2.23827297e-12
1.81902668e-12
1.47226247e-12
1.18824723e-12
9.57482646e-13
7.70890928e-13
6.20477837e-13
4.99376383e-13
4.01880043e-13
3.23394951e-13
2.60177052e-13
2.09416105e-13
1.68526239e-13
1.35618155e-13
1.09130733e-13
8.78205931e-14
7.06716843e-14
5.68708310e-14
4.57646024e-14
3.68080480e-14
2.96371852e-14
2.38493396e-14
1.91914290e-14
1.54431487e-14
1.24283701e-14
1.00016384e-14
8.04826870e-15
6.47621017e-15
5.21162099e-15
4.19417561e-15
3.37519302e-15
2.71595952e-15
2.18489963e-15
1.75876967e-15
1.41537903e-15
1.13898806e-15
9.16512353e-16
7.37540327e-16
5.93527374e-16
4.77631666e-16
3.84355269e-16
3.09294073e-16
2.48900672e-16
2.00294207e-16
1.61178906e-16
1.29699952e-16
1.04379093e-16
8.39964877e-17
6.75914689e-17
5.43899333e-17
4.37702623e-17
3.52247986e-17
2.83459119e-17
2.28092535e-17
1.83484542e-17
1.47711311e-17
1.18871184e-17
9.56562841e-18
7.69707298e-18
6.19411346e-18
4.98474542e-18
4.01141748e-18
3.22797280e-18
2.59753880e-18
2.09033697e-18
1.68215712e-18
1.35366483e-18
1.08923527e-18
8.76595951e-19
7.05403660e-19
5.67628660e-19
4.56750722e-19
3.67540374e-19
2.95734591e-19
2.37919267e-19
1.91369328e-19
1.53864574e-19
1.23702858e-19
9.93670309e-20
7.97331303e-20
6.38819361e-20
5.10733498e-20
4.07107878e-20
3.23155613e-20
2.55067184e-20
1.99829632e-20
1.55022046e-20
1.18721609e-20
8.93916489e-21
6.58233034e-21
4.69435684e-21
