6.27626019e-14
5.84862872e-14
5.51857611e-14
5.25806492e-14
5.04867762e-14
4.87745771e-14
4.73503328e-14
4.61431452e-14
4.51003981e-14
4.41838559e-14
4.33637159e-14
4.26203401e-14
4.19363765e-14
4.12996977e-14
4.07020626e-14
4.01366012e-14
3.95969491e-14
3.90781173e-14
3.85766753e-14
3.80903549e-14
3.76167492e-14
3.71533895e-14
3.66978117e-14
3.62491154e-14
3.58071320e-14
3.53685151e-14
3.49345174e-14
3.45032290e-14
3.40726966e-14
3.36451224e-14
3.32183016e-14
3.27910829e-14
3.23631698e-14
3.19342656e-14
3.15054523e-14
3.10751922e-14
3.06428539e-14
3.02081578e-14
2.97708270e-14
2.93305880e-14
2.88871701e-14
2.84403061e-14
2.79897316e-14
2.75351852e-14
2.70764084e-14
2.66131453e-14
2.61451424e-14
2.56721486e-14
2.51939150e-14
2.47101946e-14
2.42207422e-14
2.37253144e-14
2.32236697e-14
2.27155680e-14
2.22007713e-14
2.16790433e-14
2.11501499e-14
2.06138593e-14
2.00699429e-14
1.95181755e-14
1.89583359e-14
1.83902085e-14
1.78135843e-14
1.72282625e-14
1.66340529e-14
1.60307792e-14
1.54188114e-14
1.47993777e-14
1.41708106e-14
1.35330508e-14
1.28860853e-14
1.22311469e-14
1.15702998e-14
1.09009863e-14
1.02256050e-14
9.54600424e-15
8.86152560e-15
8.17568709e-15
7.48973950e-15
6.80543203e-15
6.12629913e-15
5.45598335e-15
4.79835309e-15
4.15768620e-15
3.53957390e-15
2.95018276e-15
2.39666451e-15
1.88621129e-15
1.42670772e-15
1.02598485e-15
6.90977717e-16
4.26587847e-16
2.33971746e-16
1.08792954e-16
3.98970313e-17
1.02742564e-17
1.52412126e-18
8.98579554e-20
9.64037429e-22
1.42186153e-24
