5.05785589e-17
6.75863863e-17
9.76111442e-17
1.60176138e-16
3.05430724e-16
6.33647790e-16
1.30020971e-15
2.50413588e-15
4.46629759e-15
7.42047738e-15
1.15980204e-14
1.72336666e-14
2.45704388e-14
3.38554206e-14
4.53462920e-14
5.93399483e-14
7.61111954e-14
9.60399104e-14
1.19448395e-13
1.46714809e-13
1.78303873e-13
2.14800431e-13
2.56506901e-13
3.04322990e-13
3.58597106e-13
4.20162933e-13
4.89885771e-13
5.68614706e-13
6.57296219e-13
7.56989592e-13
8.68883828e-13
9.94316117e-13
1.13479192e-12
1.29200674e-12
1.46702013e-12
1.66201010e-12
1.87965327e-12
2.12256935e-12
2.39166223e-12
2.69075602e-12
3.02413740e-12
3.39316034e-12
3.80212330e-12
4.25757230e-12
4.75969202e-12
5.31681497e-12
5.93573599e-12
6.61620063e-12
7.37280118e-12
8.20756281e-12
9.12973401e-12
1.01539231e-11
1.12767145e-11
1.25228999e-11
1.38978882e-11
1.54125337e-11
1.70915720e-11
1.89356867e-11
2.09732555e-11
2.32287788e-11
2.57021751e-11
2.84361293e-11
3.14581860e-11
3.47794100e-11
3.84408138e-11
4.24831640e-11
4.69437604e-11
5.18543625e-11
5.72613075e-11
6.32249210e-11
6.98010851e-11
7.70519426e-11
8.50468863e-11
9.38637080e-11
1.03589902e-10
1.14324096e-10
1.26150258e-10
1.39208384e-10
1.53638695e-10
1.69558440e-10
1.87160826e-10
2.06625588e-10
2.28159212e-10
2.52003990e-10
2.78437378e-10
3.07767088e-10
3.40359105e-10
3.76638159e-10
4.17096876e-10
4.62324136e-10
5.13026132e-10
5.70074267e-10
6.34499280e-10
7.07631628e-10
7.91069553e-10
8.86854151e-10
9.97550727e-10
1.12643794e-09
1.27778958e-09
1.45729946e-09
