2.46544131e-07
2.34760400e-07
2.25307789e-07
2.17614944e-07
2.11277170e-07
2.05988728e-07
2.01515021e-07
1.97668762e-07
1.94305481e-07
1.91317372e-07
1.88617870e-07
1.86149793e-07
1.83860902e-07
1.81714508e-07
1.79685780e-07
1.77753699e-07
1.75898295e-07
1.74103780e-07
1.72359362e-07
1.70658032e-07
1.68992102e-07
1.67353470e-07
1.65733861e-07
1.64130418e-07
1.62542852e-07
1.60959358e-07
1.59384619e-07
1.57811847e-07
1.56233957e-07
1.54659064e-07
1.53079095e-07
1.51489740e-07
1.49889810e-07
1.48278091e-07
1.46658566e-07
1.45025332e-07
1.43375832e-07
1.41708810e-07
1.40022999e-07
1.38317115e-07
1.36589865e-07
1.34839940e-07
1.33066018e-07
1.31266761e-07
1.29440815e-07
1.27586808e-07
1.25703352e-07
1.23789036e-07
1.21842430e-07
1.19862079e-07
1.17846507e-07
1.15794211e-07
1.13703662e-07
1.11573305e-07
1.09401558e-07
1.07186808e-07
1.04927417e-07
1.02621717e-07
1.00268014e-07
9.78645867e-08
9.54096902e-08
9.29015587e-08
9.03384090e-08
8.77184467e-08
8.50398741e-08
8.23009013e-08
7.95021907e-08
7.66483838e-08
7.37307594e-08
7.07478637e-08
6.76983921e-08
6.45869057e-08
6.14220668e-08
5.81903593e-08
5.49019730e-08
5.15646381e-08
4.81737652e-08
4.47454210e-08
4.12845889e-08
3.77987636e-08
3.43046790e-08
3.08199700e-08
2.73637975e-08
2.39578610e-08
2.06313848e-08
1.74175028e-08
1.43558017e-08
1.14875123e-08
8.85956667e-09
6.52110266e-09
4.51937017e-09
2.89382642e-09
1.66636828e-09
8.30151736e-10
3.38549372e-10
1.04945452e-10
2.31319037e-11
4.17190708e-12
1.23296226e-12
6.92945055e-13
