1.54174298e-09
1.43847452e-09
1.35525427e-09
1.28699204e-09
1.23016746e-09
1.18225849e-09
1.14134657e-09
1.10598114e-09
1.07502182e-09
1.04756220e-09
1.02291786e-09
1.00055547e-09
9.80031416e-10
9.61022338e-10
9.43273330e-10
9.26551471e-10
9.10729254e-10
8.95620007e-10
8.81145770e-10
8.67217905e-10
8.53740853e-10
8.40615698e-10
8.27887979e-10
8.15398614e-10
8.03164047e-10
7.91161740e-10
7.79325602e-10
7.67635425e-10
7.56070435e-10
7.44609577e-10
7.33231767e-10
7.21916125e-10
7.10642175e-10
6.99401083e-10
6.88226895e-10
6.77047430e-10
6.65844254e-10
6.54606410e-10
6.43416865e-10
6.32161595e-10
6.20825707e-10
6.09512547e-10
5.98112463e-10
5.86605370e-10
5.75112587e-10
5.63486826e-10
5.51781021e-10
5.40019315e-10
5.28101561e-10
5.16154111e-10
5.04065796e-10
4.91852309e-10
4.79576027e-10
4.67121324e-10
4.54599314e-10
4.41937646e-10
4.29106725e-10
4.16230010e-10
4.03174209e-10
3.89978555e-10
3.76707356e-10
3.63270462e-10
3.49688091e-10
3.36049237e-10
3.22267682e-10
3.08358314e-10
2.94339882e-10
2.80277068e-10
2.66123708e-10
2.51899928e-10
2.37627246e-10
2.23328694e-10
2.09029050e-10
1.94755223e-10
1.80536818e-10
1.66406921e-10
1.52421305e-10
1.38625132e-10
1.25046421e-10
1.11782651e-10
9.88693247e-11
8.63917906e-11
7.44330822e-11
6.30785423e-11
5.24199955e-11
4.25577403e-11
3.35902780e-11
2.56133513e-11
1.87133634e-11
1.29559890e-11
8.37310256e-12
4.94631055e-12
2.59366812e-12
1.15662023e-12
4.12072673e-13
1.06758636e-13
1.75740703e-14
1.65416027e-15
1.72352662e-16
6.32821598e-17
