4.92264225e-17
6.03579996e-17
7.35018472e-17
8.90522220e-17
1.07451627e-16
1.29198339e-16
1.54959092e-16
1.85432648e-16
2.21540051e-16
2.64356366e-16
3.15145495e-16
3.75474196e-16
4.47105945e-16
5.32261352e-16
6.33527310e-16
7.53987806e-16
8.97218205e-16
1.06755584e-15
1.27027710e-15
1.51153905e-15
1.79864167e-15
2.13989528e-15
2.54605949e-15
3.02952127e-15
3.60497452e-15
4.28920083e-15
5.10312097e-15
6.07187197e-15
7.22503841e-15
8.59714984e-15
1.02284808e-14
1.21698603e-14
1.44805393e-14
1.72305323e-14
2.05012474e-14
2.43923528e-14
2.90231110e-14
3.45347396e-14
4.10910692e-14
4.88893622e-14
5.81706746e-14
6.92166751e-14
8.23622239e-14
9.79889440e-14
1.16588850e-13
1.38727437e-13
1.65061056e-13
1.96405995e-13
2.33677128e-13
2.78040782e-13
3.30848049e-13
3.93675491e-13
4.68371276e-13
5.57268872e-13
6.63084777e-13
7.89020819e-13
9.38784652e-13
1.11695140e-12
1.32899290e-12
1.58138954e-12
1.88163044e-12
2.23872878e-12
2.66370737e-12
3.16949151e-12
3.77144859e-12
4.48706976e-12
5.33881627e-12
6.35252993e-12
7.55832802e-12
8.99360265e-12
1.07004103e-11
1.27320003e-11
1.51500741e-11
1.80267844e-11
2.14471015e-11
2.55180422e-11
3.03638420e-11
3.61307919e-11
4.29880431e-11
5.11461199e-11
6.08560380e-11
7.24144882e-11
8.61631834e-11
1.02514347e-10
1.21972967e-10
1.45131510e-10
1.72689950e-10
2.05435660e-10
2.44360143e-10
2.90563064e-10
3.45274162e-10
4.09808216e-10
4.85540638e-10
5.73915118e-10
6.76306069e-10
7.94124042e-10
9.28796634e-10
1.08197298e-09
1.25531497e-09
1.45111856e-09
