3.42187896e-25
4.86563333e-25
7.35629101e-25
1.21619967e-24
2.17874671e-24
3.99385366e-24
7.11499439e-24
1.20736697e-23
1.94908873e-23
3.01340161e-23
4.49702586e-23
6.51673238e-23
9.23062233e-23
1.28343580e-22
1.75611056e-22
2.37340868e-22
3.17386637e-22
4.20715771e-22
5.53794695e-22
7.23808960e-22
9.41598097e-22
1.21848754e-21
1.57167339e-21
2.01947966e-21
2.58635966e-21
3.30451761e-21
4.21291651e-21
5.36037161e-21
6.80802599e-21
8.63244766e-21
1.09295040e-20
1.38192095e-20
1.74517898e-20
2.20152701e-20
2.77449676e-20
3.49353690e-20
4.39549895e-20
5.52649629e-20
6.94422968e-20
8.72089631e-20
1.09468283e-19
1.37350433e-19
1.72269346e-19
2.15993851e-19
2.70537064e-19
3.38748417e-19
4.24056597e-19
5.30736728e-19
6.64131351e-19
8.30916227e-19
1.03943198e-18
1.29935563e-18
1.62367245e-18
2.02874069e-18
2.53463430e-18
3.16640388e-18
3.95530415e-18
4.94032163e-18
6.16928470e-18
7.69917660e-18
9.60792920e-18
1.19891607e-17
1.49595355e-17
1.86644094e-17
2.32848529e-17
2.90463909e-17
3.62298851e-17
4.51850950e-17
5.63475967e-17
7.02599309e-17
8.75980956e-17
1.09204843e-16
1.36131692e-16
1.69692201e-16
2.11529927e-16
2.63709788e-16
3.28700940e-16
4.09520160e-16
5.10371031e-16
6.36178442e-16
7.92547860e-16
9.87834775e-16
1.23089472e-15
1.53368619e-15
1.91120483e-15
2.38183965e-15
2.96870655e-15
3.69961186e-15
4.61141021e-15
5.74878118e-15
7.16775938e-15
8.93942340e-15
1.11526455e-14
1.39205574e-14
1.73872491e-14
2.17381757e-14
2.72139972e-14
3.41306438e-14
4.29048370e-14
5.40955060e-14
