4.81740846e-17
5.81690201e-17
7.00119832e-17
8.40562452e-17
1.00712281e-16
1.20459512e-16
1.43901647e-16
1.71706663e-16
2.04730212e-16
2.43954937e-16
2.90565098e-16
3.45981238e-16
4.11855751e-16
4.90130210e-16
5.83254753e-16
6.94071013e-16
8.25969947e-16
9.82783438e-16
1.16928951e-15
1.39128813e-15
1.65554683e-15
1.97001356e-15
2.34372188e-15
2.78857542e-15
3.31814154e-15
3.94853477e-15
4.69778760e-15
5.58920395e-15
6.65037731e-15
7.91371237e-15
9.41645553e-15
1.12028688e-14
1.33292748e-14
1.58607202e-14
1.88745941e-14
2.24550212e-14
2.67164020e-14
3.17889605e-14
3.78279360e-14
4.50087611e-14
5.35490793e-14
6.37146579e-14
7.58157109e-14
9.02166935e-14
1.07331233e-13
1.27703584e-13
1.51954380e-13
1.80822134e-13
2.15133895e-13
2.55957815e-13
3.04555718e-13
3.62409387e-13
4.31224214e-13
5.13031737e-13
6.10413262e-13
7.26345285e-13
8.64366021e-13
1.02832439e-12
1.22346880e-12
1.45577023e-12
1.73233661e-12
2.06118596e-12
2.45227847e-12
2.91779397e-12
3.47196206e-12
4.13147771e-12
4.91525949e-12
5.84819619e-12
6.95871693e-12
8.28069750e-12
9.85204424e-12
1.17216444e-11
1.39471831e-11
1.65964926e-11
1.97477614e-11
2.34942059e-11
2.79539748e-11
3.32631577e-11
3.95836354e-11
4.70917833e-11
5.60284527e-11
6.66671107e-11
7.93328134e-11
9.43920661e-11
1.12301289e-10
1.33618687e-10
1.58995047e-10
1.89189916e-10
2.25055665e-10
2.67699215e-10
3.18347988e-10
3.78398816e-10
4.49411178e-10
5.33113895e-10
6.31453776e-10
7.46625781e-10
8.80989308e-10
1.03731638e-09
1.21868687e-09
1.42890893e-09
