9.75978320e-12
9.03142044e-12
8.45309056e-12
7.98434559e-12
7.59795192e-12
7.27483633e-12
7.00081173e-12
6.76533424e-12
6.56024902e-12
6.37916504e-12
6.21729701e-12
6.07094656e-12
5.93706802e-12
5.81344624e-12
5.69834276e-12
5.59018512e-12
5.48809966e-12
5.39084323e-12
5.29788322e-12
5.20862452e-12
5.12243374e-12
5.03866188e-12
4.95758480e-12
4.87817684e-12
4.80053316e-12
4.72450167e-12
4.64965638e-12
4.57586372e-12
4.50298761e-12
4.43089111e-12
4.35943809e-12
4.28849463e-12
4.21793022e-12
4.14768788e-12
4.07797831e-12
4.00834976e-12
3.93868731e-12
3.86892321e-12
3.79957175e-12
3.72992592e-12
3.65989522e-12
3.59011838e-12
3.51991946e-12
3.44917709e-12
3.37863790e-12
3.30739900e-12
3.23578734e-12
3.16395201e-12
3.09128390e-12
3.01855558e-12
2.94509224e-12
2.87099263e-12
2.79663741e-12
2.72132928e-12
2.64574325e-12
2.56944516e-12
2.49226089e-12
2.41493592e-12
2.33667286e-12
2.25771150e-12
2.17843973e-12
2.09832268e-12
2.01748581e-12
1.93646206e-12
1.85474272e-12
1.77242098e-12
1.68961242e-12
1.60670268e-12
1.52342321e-12
1.43989694e-12
1.35625453e-12
1.27263506e-12
1.18918734e-12
1.10607212e-12
1.02346533e-12
9.41562520e-13
8.60689683e-13
7.81109875e-13
7.02986521e-13
6.26881109e-13
5.52996750e-13
4.81820228e-13
4.13821525e-13
3.49479945e-13
2.89307039e-13
2.33856470e-13
1.83664570e-13
1.39243501e-13
1.01042630e-13
6.93834777e-14
4.43864286e-14
2.58808827e-14
1.33365472e-14
5.80273836e-15
1.99126990e-15
4.83823135e-16
6.96760823e-17
4.39098209e-18
9.15616001e-20
6.75258468e-21
