1.51166819e-09
1.35958103e-09
1.21474905e-09
1.07732371e-09
9.47646907e-10
8.26498040e-10
7.15273525e-10
6.14197164e-10
5.23936272e-10
4.44587506e-10
3.75781749e-10
3.16852807e-10
2.66723701e-10
2.24322373e-10
1.88577202e-10
1.58507697e-10
1.33230413e-10
1.11977900e-10
9.41102049e-11
7.90812272e-11
6.64753791e-11
5.58714772e-11
4.69579771e-11
3.94646831e-11
3.31685067e-11
2.78771077e-11
2.34297187e-11
1.96915415e-11
1.65436878e-11
1.39097259e-11
1.16904499e-11
9.82517195e-12
8.25743231e-12
6.94040886e-12
5.83319654e-12
4.90242813e-12
4.12011852e-12
3.46285619e-12
2.91053107e-12
2.44618706e-12
2.05583133e-12
1.72746364e-12
1.45218761e-12
1.22054576e-12
1.02581122e-12
8.62103894e-13
7.24567624e-13
6.08985704e-13
5.11835972e-13
4.30169663e-13
3.61532076e-13
3.03857683e-13
2.55380588e-13
2.14636123e-13
1.80387580e-13
1.51614732e-13
1.27425920e-13
1.07094034e-13
9.00058007e-14
7.56482819e-14
6.35814915e-14
5.34368988e-14
4.49096156e-14
3.77354584e-14
3.17239519e-14
2.66633413e-14
2.24088846e-14
1.88325863e-14
1.58283888e-14
1.33036460e-14
1.11813153e-14
9.39710987e-15
7.89766223e-15
6.63781321e-15
5.57890612e-15
4.68883092e-15
3.94049601e-15
3.31198638e-15
2.78356300e-15
2.33941226e-15
1.96607705e-15
1.65233805e-15
1.38859130e-15
1.16680904e-15
9.80310285e-16
8.23372426e-16
6.91509334e-16
5.80382914e-16
4.86724111e-16
4.07722473e-16
3.41007155e-16
2.84579229e-16
2.36767720e-16
1.96191722e-16
1.61719150e-16
1.32399244e-16
1.07453005e-16
8.62400300e-17
6.82454681e-17
5.29602157e-17
