3.64937622e-25
5.94640856e-25
1.22102453e-24
3.48279353e-24
1.11175104e-23
3.14344142e-23
7.48823932e-23
1.54096944e-22
2.83564423e-22
4.79646729e-22
7.61637774e-22
1.15277625e-21
1.68031584e-21
2.37795722e-21
3.28601065e-21
4.45460506e-21
5.94530624e-21
7.82642993e-21
1.01952784e-20
1.31463904e-20
1.68211658e-20
2.13761916e-20
2.70018884e-20
3.39305504e-20
4.24463115e-20
5.28974856e-20
6.56613172e-20
8.12269255e-20
1.00249740e-19
1.23423774e-19
1.51512523e-19
1.85778345e-19
2.27176059e-19
2.77497859e-19
3.38350621e-19
4.12044911e-19
5.01103574e-19
6.08785206e-19
7.38653328e-19
8.95711575e-19
1.08452813e-18
1.31325618e-18
1.58711009e-18
1.91871789e-18
2.31616536e-18
2.79545377e-18
3.37221743e-18
4.06390215e-18
4.89966747e-18
5.89692580e-18
7.10016085e-18
8.54298757e-18
1.02736383e-17
1.23588605e-17
1.48461410e-17
1.78449965e-17
2.14285628e-17
2.57326750e-17
3.08959759e-17
3.70708138e-17
4.45006430e-17
5.33564679e-17
6.40309030e-17
7.67316028e-17
9.20385490e-17
1.10260872e-16
1.32214391e-16
1.58332439e-16
1.89751663e-16
2.27242118e-16
2.72167699e-16
3.26057226e-16
3.90277407e-16
4.67292189e-16
5.59587163e-16
6.69875283e-16
8.01726617e-16
9.59585755e-16
1.14853992e-15
1.37471836e-15
1.64554928e-15
1.96955474e-15
2.35706127e-15
2.82190643e-15
3.37772891e-15
4.04391400e-15
4.84269081e-15
5.79983219e-15
6.94872911e-15
8.32850627e-15
9.98726071e-15
1.19842810e-14
1.43936753e-14
1.73082865e-14
2.08466343e-14
2.51622129e-14
3.04564280e-14
3.69969111e-14
4.51442003e-14
5.53970861e-14
