2.40454897e-07
2.20338679e-07
2.00955150e-07
1.82331556e-07
1.64511004e-07
1.47595446e-07
1.31767416e-07
1.17066436e-07
1.03596704e-07
9.13989782e-08
8.04621861e-08
7.07436800e-08
6.21451124e-08
5.45667794e-08
4.79022738e-08
4.20499328e-08
3.69126213e-08
3.24016755e-08
2.84409257e-08
2.49620158e-08
2.19137060e-08
1.92359426e-08
1.68849844e-08
1.48208377e-08
1.30095173e-08
1.14197135e-08
1.00241213e-08
8.79891885e-09
7.72167307e-09
6.77961723e-09
5.95102725e-09
5.22367246e-09
4.58515533e-09
4.02491189e-09
3.53301942e-09
3.10117335e-09
2.72209070e-09
2.38944285e-09
2.09747923e-09
1.84112588e-09
1.61605989e-09
1.41835793e-09
1.24519696e-09
1.09303721e-09
9.59438858e-10
8.42143317e-10
7.39227055e-10
6.48897635e-10
5.69597781e-10
4.99973853e-10
4.38860202e-10
3.85230278e-10
3.38151498e-10
2.96823209e-10
2.60539348e-10
2.28703199e-10
2.00752183e-10
1.76215310e-10
1.54676335e-10
1.35774610e-10
1.19183096e-10
1.04615804e-10
9.18276145e-11
8.05926167e-11
7.07555547e-11
6.21088179e-11
5.45169143e-11
4.78520290e-11
4.20047133e-11
3.68721694e-11
3.23659144e-11
2.84093880e-11
2.49368145e-11
2.18896380e-11
1.92146637e-11
1.68662133e-11
1.48040721e-11
1.29952002e-11
1.14069622e-11
1.00127082e-11
8.78863510e-12
7.71424564e-12
6.77097016e-12
5.94258380e-12
5.21503253e-12
4.57560248e-12
4.01431210e-12
3.52030315e-12
3.08541331e-12
2.70221073e-12
2.36410380e-12
2.06526758e-12
1.80062473e-12
1.56581651e-12
1.35714509e-12
1.17134723e-12
1.00568829e-12
8.57868566e-13
7.26012814e-13
6.07922979e-13
