2.44981216e-07
2.28646334e-07
2.12234450e-07
1.95763935e-07
1.79347225e-07
1.63119867e-07
1.47275710e-07
1.32091729e-07
1.17744145e-07
1.04419741e-07
9.22509894e-08
8.12823770e-08
7.14892017e-08
6.28080963e-08
5.51484337e-08
4.84198011e-08
4.25073102e-08
3.73132765e-08
3.27511710e-08
2.87483647e-08
2.52367536e-08
2.21529784e-08
1.94450016e-08
1.70655704e-08
1.49829712e-08
1.31522699e-08
1.15446506e-08
1.01330341e-08
8.89518298e-09
7.80858048e-09
6.85422259e-09
6.01616802e-09
5.27890216e-09
4.63588901e-09
4.06944861e-09
3.57195383e-09
3.13508794e-09
2.75221867e-09
2.41601953e-09
2.12074418e-09
1.86141591e-09
1.63393595e-09
1.43435652e-09
1.25909172e-09
1.10517290e-09
9.69863492e-10
8.51565649e-10
7.47517992e-10
6.56151450e-10
5.75919083e-10
5.05567951e-10
4.43804078e-10
3.89562076e-10
3.41932918e-10
3.00143262e-10
2.63486252e-10
2.31288641e-10
2.03012229e-10
1.78182680e-10
1.56426829e-10
1.37317373e-10
1.20533283e-10
1.05793302e-10
9.28665181e-11
8.15236338e-11
7.15619526e-11
6.28129449e-11
5.51186007e-11
4.83993706e-11
4.24859856e-11
3.72930661e-11
3.27325992e-11
2.87343032e-11
2.52237627e-11
2.21409682e-11
1.94339393e-11
1.70588950e-11
1.49750848e-11
1.31447955e-11
1.15374255e-11
1.01253684e-11
8.88871254e-12
7.80148508e-12
6.84604816e-12
6.00632832e-12
5.26872503e-12
4.62026658e-12
4.04910340e-12
3.54548446e-12
3.10086792e-12
2.70771322e-12
2.35932354e-12
2.04978705e-12
1.77397742e-12
1.52775750e-12
1.30745262e-12
1.11003756e-12
9.32993279e-13
7.74235762e-13
6.31612589e-13
