3.85582745e-05
3.65657070e-05
3.48417537e-05
3.33368676e-05
3.20127828e-05
3.08395797e-05
2.97928034e-05
2.88525315e-05
2.80017633e-05
2.72265064e-05
2.65148658e-05
2.58570736e-05
2.52450180e-05
2.46715439e-05
2.41316065e-05
2.36197787e-05
2.31328652e-05
2.26667152e-05
2.22193773e-05
2.17884058e-05
2.13709941e-05
2.09662368e-05
2.05714766e-05
2.01875349e-05
1.98116135e-05
1.94429552e-05
1.90807401e-05
1.87241072e-05
1.83721759e-05
1.80260586e-05
1.76834032e-05
1.73432887e-05
1.70070935e-05
1.66732493e-05
1.63410065e-05
1.60116938e-05
1.56827999e-05
1.53563574e-05
1.50301673e-05
1.47050894e-05
1.43809592e-05
1.40559583e-05
1.37332822e-05
1.34095084e-05
1.30855769e-05
1.27626040e-05
1.24384006e-05
1.21140725e-05
1.17901603e-05
1.14649330e-05
1.11393644e-05
1.08141080e-05
1.04875241e-05
1.01605074e-05
9.83379664e-06
9.50584407e-06
9.17777230e-06
8.84984796e-06
8.52089957e-06
8.19270251e-06
7.86423516e-06
7.53575155e-06
7.20823967e-06
6.88061637e-06
6.55471761e-06
6.22920201e-06
5.90580414e-06
5.58375559e-06
5.26405106e-06
4.94699410e-06
4.63283072e-06
4.32231202e-06
4.01602790e-06
3.71444055e-06
3.41826675e-06
3.12825393e-06
2.84520392e-06
2.56999692e-06
2.30349140e-06
2.04675085e-06
1.80080422e-06
1.56682923e-06
1.34590776e-06
1.13922768e-06
9.48111798e-07
7.73645774e-07
6.17010346e-07
4.79064820e-07
3.60567716e-07
2.61778712e-07
1.82477319e-07
1.21755185e-07
7.78838568e-08
4.83477732e-08
2.99879837e-08
1.94314954e-08
1.36517986e-08
1.04360901e-08
8.49589979e-09
7.21148815e-09
