6.23716724e-03
6.10612702e-03
5.99555780e-03
5.90173266e-03
5.82169171e-03
5.75291257e-03
5.69325670e-03
5.64085005e-03
5.59415116e-03
5.55195966e-03
5.51326167e-03
5.47738749e-03
5.44368781e-03
5.41170311e-03
5.38112499e-03
5.35168495e-03
5.32311601e-03
5.29520326e-03
5.26780058e-03
5.24081543e-03
5.21414007e-03
5.18765548e-03
5.16123496e-03
5.13483655e-03
5.10845948e-03
5.08190896e-03
5.05526325e-03
5.02840676e-03
5.00121451e-03
4.97382258e-03
4.94608670e-03
4.91792429e-03
4.88930580e-03
4.86020024e-03
4.83067076e-03
4.80060021e-03
4.76992949e-03
4.73862184e-03
4.70663890e-03
4.67394069e-03
4.64048544e-03
4.60622959e-03
4.57112759e-03
4.53513186e-03
4.49819260e-03
4.46025769e-03
4.42127252e-03
4.38117985e-03
4.33991960e-03
4.29742871e-03
4.25364093e-03
4.20848660e-03
4.16189245e-03
4.11378138e-03
4.06407221e-03
4.01267941e-03
3.95951287e-03
3.90447758e-03
3.84747338e-03
3.78839461e-03
3.72712980e-03
3.66356130e-03
3.59756499e-03
3.52900985e-03
3.45775762e-03
3.38366247e-03
3.30663807e-03
3.22670603e-03
3.14350649e-03
3.05686710e-03
2.96660768e-03
2.87271304e-03
2.77529408e-03
2.67376591e-03
2.56825989e-03
2.45883324e-03
2.34512427e-03
2.22744501e-03
2.10573033e-03
1.97998193e-03
1.85052331e-03
1.71771592e-03
1.58198113e-03
1.44384041e-03
1.30413148e-03
1.16389147e-03
1.02449977e-03
8.87507494e-04
7.54881447e-04
6.28943966e-04
5.12305507e-04
4.07740838e-04
3.17869206e-04
2.44704159e-04
1.88953229e-04
1.49416436e-04
1.22987619e-04
1.05644009e-04
9.39091459e-05
8.55624618e-05
