2.44283346e-07
2.30380070e-07
2.18955705e-07
2.09434055e-07
2.01401904e-07
1.94553832e-07
1.88649904e-07
1.83504246e-07
1.78967229e-07
1.74917482e-07
1.71262254e-07
1.67928419e-07
1.64854257e-07
1.61994648e-07
1.59313795e-07
1.56778491e-07
1.54370974e-07
1.52064086e-07
1.49846923e-07
1.47706748e-07
1.45629559e-07
1.43600645e-07
1.41627527e-07
1.39685945e-07
1.37778757e-07
1.35902744e-07
1.34047811e-07
1.32210971e-07
1.30389115e-07
1.28579054e-07
1.26777561e-07
1.24981409e-07
1.23187401e-07
1.21394170e-07
1.19607197e-07
1.17814972e-07
1.16014516e-07
1.14204029e-07
1.12396881e-07
1.10574642e-07
1.08734812e-07
1.06894124e-07
1.05034698e-07
1.03153138e-07
1.01269222e-07
9.93587316e-08
9.74302339e-08
9.54876196e-08
9.35142137e-08
9.15308191e-08
8.95188702e-08
8.74808046e-08
8.54269065e-08
8.33376679e-08
8.12315596e-08
7.90962668e-08
7.69265794e-08
7.47432146e-08
7.25234002e-08
7.02735629e-08
6.80044895e-08
6.57005618e-08
6.33649808e-08
6.10128536e-08
5.86291052e-08
5.62160350e-08
5.37766281e-08
5.13219192e-08
4.88436226e-08
4.63449879e-08
4.38295254e-08
4.13010290e-08
3.87636185e-08
3.62218094e-08
3.36806165e-08
3.11456987e-08
2.86268305e-08
2.61319465e-08
2.36659086e-08
2.12462644e-08
1.88793877e-08
1.65808553e-08
1.43659959e-08
1.22507567e-08
1.02525220e-08
8.39056734e-09
6.68422193e-09
5.15278062e-09
3.81437383e-09
2.68390727e-09
1.77063042e-09
1.07493280e-09
5.85569766e-10
2.76510369e-10
1.08329877e-10
3.36910522e-11
8.48533749e-12
2.30260498e-12
1.02618918e-12
6.62555834e-13
