4.87392596e-17
6.09440586e-17
7.81094871e-17
1.03600580e-16
1.43397046e-16
2.06603769e-16
3.04826241e-16
4.51121454e-16
6.59300589e-16
9.43532532e-16
1.31976163e-15
1.80424653e-15
2.41649153e-15
3.17860986e-15
4.11417550e-15
5.25070173e-15
6.62101432e-15
8.26529038e-15
1.02265370e-14
1.25516886e-14
1.52965550e-14
1.85284903e-14
2.23295475e-14
2.67913581e-14
3.19879650e-14
3.80796744e-14
4.51482017e-14
5.33871913e-14
6.29898299e-14
7.40704636e-14
8.69387045e-14
1.01863593e-13
1.19153412e-13
1.39124466e-13
1.62148043e-13
1.88741458e-13
2.19435426e-13
2.54838363e-13
2.95647717e-13
3.42662951e-13
3.96800381e-13
4.59110171e-13
5.30795760e-13
6.13236081e-13
7.08010973e-13
8.16930218e-13
9.42066747e-13
1.08579458e-12
1.25083219e-12
1.44029207e-12
1.65773737e-12
1.90724668e-12
2.19348809e-12
2.52180397e-12
2.89830799e-12
3.32999637e-12
3.82487554e-12
4.39210878e-12
5.04218505e-12
5.78711379e-12
6.64065018e-12
7.61855633e-12
8.73890529e-12
1.00224359e-11
1.14929690e-11
1.31778966e-11
1.51018088e-11
1.73049873e-11
1.98286373e-11
2.27203492e-11
2.60352810e-11
2.98219634e-11
3.41543484e-11
3.91252269e-11
4.48056843e-11
5.13113677e-11
5.87606668e-11
6.72921567e-11
7.70475060e-11
8.82291980e-11
1.01035417e-10
1.15698443e-10
1.32492863e-10
1.51744583e-10
1.73805773e-10
1.99107507e-10
2.28121604e-10
2.61425663e-10
2.99677962e-10
3.43651615e-10
3.94258164e-10
4.52575864e-10
5.19912020e-10
5.97827727e-10
6.88227407e-10
7.93457280e-10
9.16411554e-10
1.06066478e-09
1.23071076e-09
1.43226745e-09
