6.12528004e-14
5.44210815e-14
4.78732076e-14
4.16131081e-14
3.56772475e-14
3.01495333e-14
2.50793212e-14
2.05372564e-14
1.65659621e-14
1.31840077e-14
1.03744903e-14
8.10115701e-15
6.28798898e-15
4.86284138e-15
3.75281496e-15
2.89358423e-15
2.23030685e-15
1.71867368e-15
1.32422935e-15
1.01982968e-15
7.86193324e-16
6.05785818e-16
4.66750173e-16
3.59601614e-16
2.77100992e-16
2.13522072e-16
1.64516097e-16
1.26749973e-16
9.76611937e-17
7.52585808e-17
5.79885474e-17
4.46771413e-17
3.44190703e-17
2.65243717e-17
2.04389783e-17
1.57480751e-17
1.21324843e-17
9.34831000e-18
7.20369011e-18
5.55070079e-18
4.27659599e-18
3.29303305e-18
2.53896320e-18
1.95637581e-18
1.50737861e-18
1.16132650e-18
8.94887308e-19
6.89552547e-19
5.31296906e-19
4.09339153e-19
3.15401904e-19
2.43045696e-19
1.87268903e-19
1.44281371e-19
1.11144198e-19
8.56618257e-20
6.60074479e-20
5.08570161e-20
3.91806158e-20
3.01904677e-20
2.32646251e-20
1.79259923e-20
1.38109176e-20
1.06331497e-20
8.19952795e-21
6.31816570e-21
4.86809167e-21
3.75042256e-21
2.88997941e-21
2.22687410e-21
1.71582359e-21
1.32196382e-21
1.01859191e-21
7.84898063e-22
6.04767949e-22
4.65949025e-22
3.58891717e-22
2.76638778e-22
2.13155748e-22
1.64221968e-22
1.26509489e-22
9.74707637e-23
7.50920452e-23
5.78356401e-23
4.45285190e-23
3.42562942e-23
2.63604662e-23
2.02557936e-23
1.55402378e-23
1.18955771e-23
9.07709494e-24
6.89623666e-24
5.20769694e-24
3.89993441e-24
2.88801818e-24
2.10694954e-24
1.50653344e-24
1.04826243e-24
7.02243342e-25
4.44503241e-25
