2.63746084e+04
2.82908957e+04
3.02181065e+04
3.21403257e+04
3.40428236e+04
3.59167884e+04
3.77597494e+04
3.95780230e+04
4.13830274e+04
4.31876115e+04
4.50092196e+04
4.68595238e+04
4.87572829e+04
5.07185068e+04
5.27556116e+04
5.48826607e+04
5.71181389e+04
5.94813023e+04
6.19897329e+04
6.46591695e+04
6.75095968e+04
7.05658771e+04
7.38584145e+04
7.74114224e+04
8.12457245e+04
8.54150041e+04
8.99361830e+04
9.48610489e+04
1.00252403e+05
1.06126108e+05
1.12559744e+05
1.19629248e+05
1.27407245e+05
1.35975288e+05
1.45393269e+05
1.55786111e+05
1.67277003e+05
1.79996324e+05
1.94090821e+05
2.09725719e+05
2.27087104e+05
2.46384623e+05
2.67854528e+05
2.91763117e+05
3.18410629e+05
3.48135638e+05
3.81320016e+05
4.18394549e+05
4.59845276e+05
5.06220654e+05
5.58139658e+05
6.16300942e+05
6.81493195e+05
7.54606872e+05
8.36647477e+05
9.28750630e+05
1.03219918e+06
1.14844264e+06
1.27911942e+06
1.42608207e+06
1.59142637e+06
1.77752458e+06
1.98706389e+06
2.22309078e+06
2.48906266e+06
2.78890788e+06
3.12678839e+06
3.50681276e+06
3.93549429e+06
4.41933303e+06
4.96577160e+06
5.58217639e+06
6.27582353e+06
7.06024250e+06
7.94537696e+06
8.94295495e+06
1.00705666e+07
1.13416326e+07
1.27757416e+07
1.43952427e+07
1.62221423e+07
1.82817836e+07
2.06035525e+07
2.32215267e+07
2.61714477e+07
2.94935150e+07
3.32300686e+07
3.74310999e+07
4.21489933e+07
4.74393851e+07
5.33610954e+07
5.99740898e+07
6.73394671e+07
7.55141249e+07
8.45494707e+07
9.44900424e+07
1.05372417e+08
1.17226341e+08
1.30070836e+08
1.43912176e+08
