4.38627844e-21
5.89201341e-21
7.75885074e-21
1.00752801e-20
1.29404584e-20
1.64800778e-20
2.08508735e-20
2.62506640e-20
3.29169108e-20
4.11664652e-20
5.13711200e-20
6.40151033e-20
7.96951077e-20
9.91507240e-20
1.23301428e-19
1.53289720e-19
1.90526823e-19
2.36799701e-19
2.94302414e-19
3.65671209e-19
4.54504716e-19
5.64785296e-19
7.01866706e-19
8.72257095e-19
1.08396568e-18
1.34693142e-18
1.67375024e-18
2.08000197e-18
2.58488685e-18
3.21222053e-18
3.99160151e-18
4.96020001e-18
6.16419642e-18
7.66028461e-18
9.51915363e-18
1.18291467e-17
1.46998917e-17
1.82677650e-17
2.27002541e-17
2.82094921e-17
3.50561360e-17
4.35551044e-17
5.41342798e-17
6.72701641e-17
8.35981083e-17
1.03891187e-16
1.29103416e-16
1.60422863e-16
1.99352051e-16
2.47743534e-16
3.07882636e-16
3.82586645e-16
4.75408369e-16
5.90779930e-16
7.34198416e-16
9.12393100e-16
1.13377362e-15
1.40887865e-15
1.75080481e-15
2.17579827e-15
2.70376548e-15
3.35990484e-15
4.17528382e-15
5.18762383e-15
6.44766340e-15
8.01236441e-15
9.95706854e-15
1.23738111e-14
1.53764802e-14
1.91070168e-14
2.37442005e-14
2.95080097e-14
3.66708850e-14
4.55668860e-14
5.66226782e-14
7.03655621e-14
8.74485197e-14
1.08670761e-13
1.35035363e-13
1.67801137e-13
2.08530230e-13
2.59153108e-13
3.22034548e-13
4.00173027e-13
4.97272581e-13
6.17822933e-13
7.67744871e-13
9.53586744e-13
1.18362965e-12
1.46726551e-12
1.81478580e-12
2.23674000e-12
2.74339979e-12
3.34360191e-12
4.04386992e-12
4.85216926e-12
5.77061407e-12
6.80713889e-12
7.96566121e-12
9.25635179e-12
