3.88574063e-05
3.71674593e-05
3.57423918e-05
3.45286404e-05
3.34857970e-05
3.25826266e-05
3.17933577e-05
3.10972849e-05
3.04771243e-05
2.99184105e-05
2.94098930e-05
2.89425450e-05
2.85085714e-05
2.81022523e-05
2.77190066e-05
2.73544799e-05
2.70064325e-05
2.66711896e-05
2.63473666e-05
2.60332729e-05
2.57269914e-05
2.54264581e-05
2.51328843e-05
2.48427394e-05
2.45565082e-05
2.42737646e-05
2.39930312e-05
2.37138878e-05
2.34358879e-05
2.31585655e-05
2.28814409e-05
2.26040264e-05
2.23258315e-05
2.20466430e-05
2.17673177e-05
2.14860538e-05
2.12023681e-05
2.09159567e-05
2.06289254e-05
2.03383331e-05
2.00437467e-05
1.97478253e-05
1.94476725e-05
1.91426972e-05
1.88360785e-05
1.85238433e-05
1.82073438e-05
1.78871831e-05
1.75605637e-05
1.72308831e-05
1.68950115e-05
1.65532935e-05
1.62074044e-05
1.58539981e-05
1.54961360e-05
1.51316682e-05
1.47596256e-05
1.43834974e-05
1.39992927e-05
1.36080334e-05
1.32115232e-05
1.28069515e-05
1.23947789e-05
1.19775895e-05
1.15526228e-05
1.11201788e-05
1.06806827e-05
1.02360254e-05
9.78460428e-06
9.32689197e-06
8.86341085e-06
8.39473736e-06
7.92151010e-06
7.44444310e-06
6.96434578e-06
6.48215124e-06
5.99958535e-06
5.51803940e-06
5.03831400e-06
4.56369404e-06
4.09531087e-06
3.63613044e-06
3.18912259e-06
2.75743970e-06
2.34459920e-06
1.95460886e-06
1.59162415e-06
1.25997129e-06
9.63965655e-07
7.07534423e-07
4.93752101e-07
3.24175978e-07
1.98221216e-07
1.12279653e-07
5.96866053e-08
3.13852624e-08
1.79556215e-08
1.19370374e-08
9.01636119e-09
7.36035681e-09
