3.84254138e-05
3.60372941e-05
3.37024655e-05
3.14246585e-05
2.92080953e-05
2.70640196e-05
2.50128174e-05
2.30596378e-05
2.12179250e-05
1.94952901e-05
1.78946500e-05
1.64164633e-05
1.50546871e-05
1.38032298e-05
1.26546897e-05
1.16016298e-05
1.06362614e-05
9.75099040e-06
8.93921706e-06
8.19463982e-06
7.51305775e-06
6.88780984e-06
6.31448154e-06
5.78875586e-06
5.30695452e-06
4.86529827e-06
4.46036197e-06
4.08906429e-06
3.74822177e-06
3.43669396e-06
3.15065084e-06
2.88839615e-06
2.64793686e-06
2.42758499e-06
2.22553463e-06
2.04027736e-06
1.87042907e-06
1.71475941e-06
1.57205947e-06
1.44120494e-06
1.32122351e-06
1.21116508e-06
1.11044711e-06
1.01803088e-06
9.33286304e-07
8.55581698e-07
7.84375972e-07
7.19101568e-07
6.59250351e-07
6.04368310e-07
5.54057100e-07
5.07947548e-07
4.65672292e-07
4.26910918e-07
3.91368632e-07
3.58799316e-07
3.28936138e-07
3.01556362e-07
2.76453253e-07
2.53444743e-07
2.32352025e-07
2.13011191e-07
1.95278594e-07
1.79010332e-07
1.64126405e-07
1.50466204e-07
1.37940340e-07
1.26455844e-07
1.15932412e-07
1.06284780e-07
9.74381428e-08
8.93260367e-08
8.18902391e-08
7.50755452e-08
6.88273330e-08
6.30980495e-08
5.78440318e-08
5.30305870e-08
4.86167741e-08
4.45698359e-08
4.08589157e-08
3.74571478e-08
3.43380359e-08
3.14772663e-08
2.88530820e-08
2.64444251e-08
2.42357898e-08
2.22059595e-08
2.03398452e-08
1.86225925e-08
1.70402097e-08
1.55796371e-08
1.42289365e-08
1.29774187e-08
1.18157297e-08
1.07350395e-08
9.72791081e-09
8.78797108e-09
7.91003039e-09
7.08586590e-09
