3.89580198e-05
3.70277513e-05
3.50652751e-05
3.30711436e-05
3.10561577e-05
2.90333354e-05
2.70226776e-05
2.50553379e-05
2.31508771e-05
2.13321335e-05
1.96175929e-05
1.80167677e-05
1.65319869e-05
1.51617408e-05
1.39012098e-05
1.27456927e-05
1.16856136e-05
1.07130933e-05
9.82098556e-06
9.00352050e-06
8.25456078e-06
7.56764752e-06
6.93762685e-06
6.35948192e-06
5.83089651e-06
5.34570410e-06
4.90071878e-06
4.49261264e-06
4.11883560e-06
3.77616923e-06
3.46185941e-06
3.17359991e-06
2.90880831e-06
2.66743441e-06
2.44546046e-06
2.24185480e-06
2.05512479e-06
1.88420486e-06
1.72745143e-06
1.58366321e-06
1.45177395e-06
1.33094835e-06
1.22023658e-06
1.11869280e-06
1.02555260e-06
9.40049116e-07
8.61951400e-07
7.90229736e-07
7.24450769e-07
6.64119091e-07
6.08868135e-07
5.58210274e-07
5.11748097e-07
4.69137465e-07
4.30088552e-07
3.94314320e-07
3.61498310e-07
3.31400171e-07
3.03796867e-07
2.78535174e-07
2.55361081e-07
2.34103561e-07
2.14606501e-07
1.96748655e-07
1.80382810e-07
1.65371131e-07
1.51601310e-07
1.38956491e-07
1.27418261e-07
1.16816265e-07
1.07092111e-07
9.81727244e-08
9.00058092e-08
8.25172203e-08
7.56491039e-08
6.93499915e-08
6.35777184e-08
5.82885100e-08
5.34367695e-08
4.89867495e-08
4.49038010e-08
4.11685150e-08
3.77390109e-08
3.45913749e-08
3.17019269e-08
2.90507416e-08
2.66159419e-08
2.43755314e-08
2.23116107e-08
2.04075854e-08
1.86477931e-08
1.70173309e-08
1.55021984e-08
1.40895818e-08
1.27692549e-08
1.15312905e-08
1.03674865e-08
9.27100310e-09
8.23591340e-09
7.25434309e-09
