5.82554417e-13
6.86459857e-13
8.20642872e-13
9.99532884e-13
1.24614857e-12
1.59395151e-12
2.08518481e-12
2.76763401e-12
3.68938855e-12
4.89980010e-12
6.44524014e-12
8.37276757e-12
1.07314768e-11
1.35708054e-11
1.69424887e-11
2.09082944e-11
2.55221699e-11
3.08652736e-11
3.70010010e-11
4.40061169e-11
5.19774453e-11
6.10388839e-11
7.12421327e-11
8.27829396e-11
9.57201691e-11
1.10227258e-10
1.26480948e-10
1.44650685e-10
1.64925278e-10
1.87515889e-10
2.12659286e-10
2.40621352e-10
2.71700860e-10
3.06233536e-10
3.44411696e-10
3.86668376e-10
4.33536939e-10
4.85530151e-10
5.42789484e-10
6.06074289e-10
6.76229385e-10
7.53474814e-10
8.38643418e-10
9.33021813e-10
1.03656918e-09
1.15092046e-09
1.27737378e-09
1.41578059e-09
1.56900262e-09
1.73733162e-09
1.92251038e-09
2.12733149e-09
2.35096899e-09
2.59820494e-09
2.86993392e-09
3.16811772e-09
3.49741718e-09
3.85774459e-09
4.25440765e-09
4.69189900e-09
5.16991784e-09
5.69640304e-09
6.27629520e-09
6.91133486e-09
7.60894989e-09
8.37643325e-09
9.22033692e-09
1.01460942e-08
1.11618115e-08
1.22781094e-08
1.35046437e-08
1.48521045e-08
1.63323751e-08
1.79587149e-08
1.97459628e-08
2.17107560e-08
2.38667832e-08
2.62376331e-08
2.88464897e-08
3.17119317e-08
3.48656690e-08
3.83362590e-08
4.21562003e-08
4.63632975e-08
5.10002280e-08
5.61133042e-08
6.17568672e-08
6.79926415e-08
7.48903866e-08
8.25314782e-08
9.10107049e-08
1.00441852e-07
1.10953485e-07
1.22707581e-07
1.35888316e-07
1.50722180e-07
1.67479222e-07
1.86485496e-07
2.08139870e-07
2.32936833e-07
