6.20089916e-03
6.00746261e-03
5.81152053e-03
5.61292764e-03
5.41206700e-03
5.21065784e-03
5.00945713e-03
4.81022964e-03
4.61436062e-03
4.42321762e-03
4.23777703e-03
4.05913722e-03
3.88719878e-03
3.72214776e-03
3.56391249e-03
3.41242105e-03
3.26739437e-03
3.12847408e-03
2.99541012e-03
2.86790467e-03
2.74610931e-03
2.62937133e-03
2.51755714e-03
2.41045805e-03
2.30798944e-03
2.20988235e-03
2.11592134e-03
2.02592630e-03
1.93977148e-03
1.85732156e-03
1.77835459e-03
1.70272635e-03
1.63029274e-03
1.56100861e-03
1.49464558e-03
1.43108513e-03
1.37021272e-03
1.31196119e-03
1.25619677e-03
1.20278262e-03
1.15162343e-03
1.10259523e-03
1.05578210e-03
1.01089877e-03
9.67907418e-04
9.26730425e-04
8.87338795e-04
8.49621160e-04
8.13495766e-04
7.78893725e-04
7.45771252e-04
7.14072415e-04
6.83713444e-04
6.54637039e-04
6.26783403e-04
6.00150626e-04
5.74636143e-04
5.50200209e-04
5.26797300e-04
5.04402481e-04
4.82961633e-04
4.62425218e-04
4.42756823e-04
4.23904489e-04
4.05910757e-04
3.88653604e-04
3.72124227e-04
3.56293326e-04
3.41150313e-04
3.26649147e-04
3.12759433e-04
2.99455419e-04
2.86721873e-04
2.74535149e-04
2.62863274e-04
2.51683825e-04
2.40972356e-04
2.30734916e-04
2.20925012e-04
2.11529249e-04
2.02529349e-04
1.93915745e-04
1.85666382e-04
1.77761869e-04
1.70186284e-04
1.62920071e-04
1.55964379e-04
1.49281514e-04
1.42858933e-04
1.36679143e-04
1.30723495e-04
1.24972373e-04
1.19405842e-04
1.14004314e-04
1.08750373e-04
1.03627410e-04
9.86186097e-05
9.37118071e-05
8.88939550e-05
8.41396481e-05
