6.13841709e-03
5.94917187e-03
5.80643088e-03
5.69741261e-03
5.61316753e-03
5.54697201e-03
5.49361300e-03
5.44924315e-03
5.41111557e-03
5.37742167e-03
5.34690678e-03
5.31869473e-03
5.25865331e-03
5.16128577e-03
5.05957495e-03
4.94733959e-03
4.83116807e-03
4.70457340e-03
4.57509268e-03
4.43276795e-03
4.27950224e-03
4.11839941e-03
3.95365888e-03
3.77260060e-03
3.59496583e-03
3.40578416e-03
3.22880591e-03
3.04637979e-03
2.83787505e-03
2.65183849e-03
2.46840375e-03
2.29015405e-03
2.11927867e-03
1.97721347e-03
1.82406293e-03
1.68128707e-03
1.54888451e-03
1.42651012e-03
1.31361777e-03
1.20957202e-03
1.11372047e-03
1.02593050e-03
9.53669497e-04
8.77988976e-04
8.08286921e-04
7.44091401e-04
6.84967630e-04
6.30515095e-04
5.80364859e-04
5.34177076e-04
4.91638697e-04
4.52461359e-04
4.16379439e-04
3.83148257e-04
3.52542427e-04
3.21905076e-04
2.95886528e-04
2.71958801e-04
2.50160752e-04
2.30083096e-04
2.11589568e-04
1.94554638e-04
1.77436014e-04
1.62973099e-04
1.49792155e-04
1.36789547e-04
1.25386587e-04
1.15181475e-04
1.05046236e-04
9.63166933e-05
8.78689392e-05
8.04724331e-05
7.33222207e-05
6.71595470e-05
6.10873146e-05
5.55906001e-05
5.06062383e-05
4.60234697e-05
4.18113892e-05
3.79410509e-05
3.43853939e-05
3.11222672e-05
2.81924731e-05
2.53714046e-05
2.28485800e-05
2.05348022e-05
1.84147335e-05
1.64734936e-05
1.46985706e-05
1.30946138e-05
1.15989422e-05
1.02541804e-05
9.03450500e-06
7.93274055e-06
6.94277382e-06
6.05957062e-06
5.27904726e-06
4.59827381e-06
4.01437319e-06
3.52539604e-06
