3.75376791e-05
3.41226360e-05
3.06288142e-05
2.71260983e-05
2.37398020e-05
2.05936891e-05
1.77703847e-05
1.52966093e-05
1.31563766e-05
1.13139212e-05
9.72824520e-06
8.36572454e-06
7.19291875e-06
6.18581796e-06
5.31803028e-06
4.57384968e-06
3.93266745e-06
3.38190460e-06
2.90794721e-06
2.50060924e-06
2.15021347e-06
1.84892839e-06
1.58994159e-06
1.36707154e-06
1.17562793e-06
1.01080279e-06
8.69273763e-07
7.47301141e-07
6.42756624e-07
5.52649350e-07
4.75253123e-07
4.08652932e-07
3.51401388e-07
3.02167492e-07
2.59826632e-07
2.23430219e-07
1.92110939e-07
1.65210168e-07
1.42043880e-07
1.22157435e-07
1.05030970e-07
9.03245585e-08
7.76632405e-08
6.67867744e-08
5.74271409e-08
4.93814666e-08
4.24635599e-08
3.65125121e-08
3.13982128e-08
2.69970303e-08
2.32165763e-08
1.99609076e-08
1.71667000e-08
1.47598595e-08
1.26930542e-08
1.09140371e-08
9.38535821e-09
8.07012163e-09
6.93951202e-09
5.96733265e-09
5.13096934e-09
4.41237817e-09
3.79380904e-09
3.26256027e-09
2.80505468e-09
2.41240236e-09
2.07417473e-09
1.78374024e-09
1.53374044e-09
1.31889104e-09
1.13409192e-09
9.75193860e-10
8.38573532e-10
7.21045041e-10
6.20066414e-10
5.33127968e-10
4.58483913e-10
3.94172247e-10
3.39007012e-10
2.91483171e-10
2.50666363e-10
2.15533030e-10
1.85341090e-10
1.59373457e-10
1.37040159e-10
1.17843456e-10
1.01326435e-10
8.71344774e-11
7.49149968e-11
6.44212969e-11
5.53720367e-11
4.75997007e-11
4.08820387e-11
3.50796962e-11
3.00327848e-11
2.56202064e-11
2.17315702e-11
1.82702973e-11
1.51650508e-11
1.23596570e-11
