5.75289144e-14
4.70492729e-14
3.70360071e-14
2.78240016e-14
1.98819327e-14
1.35595270e-14
8.92375402e-15
5.74996426e-15
3.67017541e-15
2.33565098e-15
1.48502933e-15
9.44418649e-16
6.00266084e-16
3.81792636e-16
2.42585212e-16
1.54338910e-16
9.81060932e-17
6.23935004e-17
3.96634834e-17
2.52214488e-17
1.60361503e-17
1.01951413e-17
6.48297572e-18
4.12124995e-18
2.62086382e-18
1.66582239e-18
1.05955754e-18
6.73042673e-19
4.28319385e-19
2.72272135e-19
1.73146415e-19
1.10075524e-19
6.99944754e-20
4.45024299e-20
2.82928665e-20
1.79919406e-20
1.14366468e-20
7.27336787e-21
4.62294374e-21
2.94038399e-21
1.86886049e-21
1.18868591e-21
7.55601250e-22
4.80502775e-22
3.05491810e-22
1.94240520e-22
1.23501914e-22
7.85183947e-23
4.99303108e-23
3.17374991e-23
2.01854746e-23
1.28289692e-23
8.15991532e-24
5.18667743e-24
3.29875919e-24
2.09692156e-24
1.33350050e-24
8.47800221e-25
5.39030864e-25
3.42751548e-25
2.17897582e-25
1.38562642e-25
8.80771341e-26
5.60183655e-26
3.55999389e-26
2.26456147e-26
1.43943223e-26
9.15431021e-27
5.81954062e-27
3.70068509e-27
2.35275766e-27
1.49590593e-27
9.51215143e-28
6.04674089e-28
3.84542614e-28
2.44427119e-28
1.55456306e-28
9.87744199e-29
6.28464096e-29
3.99464676e-29
2.54047792e-29
1.61508413e-29
1.02696352e-29
6.52941411e-30
4.15141545e-30
2.63972198e-30
1.67800620e-30
1.06713879e-30
6.78184492e-31
4.31227312e-31
2.73812074e-31
1.73937071e-31
1.10162617e-31
6.95517202e-32
4.35632763e-32
2.69246197e-32
1.62681372e-32
9.45365052e-33
5.14948043e-33
2.50347699e-33
