2.37603793e-07
2.21468069e-07
2.10091422e-07
2.01823354e-07
1.95667876e-07
1.90967258e-07
1.87262035e-07
1.84236302e-07
1.81675362e-07
1.79441678e-07
1.77442151e-07
1.75612989e-07
1.71583673e-07
1.65074205e-07
1.58419336e-07
1.51229174e-07
1.43962891e-07
1.36228896e-07
1.28526142e-07
1.20274710e-07
1.11641809e-07
1.02852718e-07
9.41730167e-08
8.49669095e-08
7.63150880e-08
6.74922057e-08
5.96577307e-08
5.19860482e-08
4.37046027e-08
3.68664490e-08
3.06307126e-08
2.50880616e-08
2.02856196e-08
1.67251521e-08
1.32763122e-08
1.04685236e-08
8.21706437e-09
6.43163076e-09
5.02615897e-09
3.92464119e-09
3.06335394e-09
2.39439173e-09
1.92735852e-09
1.50371898e-09
1.17309999e-09
9.15094813e-10
7.13768243e-10
5.56679553e-10
4.34116926e-10
3.38499211e-10
2.63908729e-10
2.05726473e-10
1.60347269e-10
1.24957386e-10
9.73609034e-11
7.39656024e-11
5.74409004e-11
4.46049142e-11
3.47298294e-11
2.70335875e-11
2.10364718e-11
1.63642346e-11
1.23868355e-11
9.60264792e-12
7.46280603e-12
5.67515984e-12
4.37177823e-12
3.39310324e-12
2.56996161e-12
1.98289192e-12
1.50400044e-12
1.15639901e-12
8.73725617e-13
6.72588347e-13
5.05442025e-13
3.80586914e-13
2.87038436e-13
2.15827101e-13
1.61748936e-13
1.20783867e-13
8.98334181e-14
6.65391584e-14
4.94795411e-14
3.59239929e-14
2.61701737e-14
1.89324509e-14
1.35906286e-14
9.67024813e-15
6.81303506e-15
4.77279354e-15
3.26252869e-15
2.20977196e-15
1.47132787e-15
9.60759889e-16
6.13778838e-16
3.82842018e-16
2.32996501e-16
1.38798440e-16
8.17471906e-17
4.87888324e-17
