2.79903681e+04
3.21331692e+04
3.70454477e+04
4.28692373e+04
4.97298394e+04
5.77699423e+04
6.71581641e+04
7.80946986e+04
9.08183688e+04
1.05612949e+05
1.22828375e+05
1.42831933e+05
1.66121968e+05
1.93168592e+05
2.24677858e+05
2.61246204e+05
3.03841181e+05
3.53319644e+05
4.10908394e+05
4.77846275e+05
5.55709398e+05
6.46265680e+05
7.51541565e+05
8.74054065e+05
1.01639132e+06
1.18213707e+06
1.37459013e+06
1.59882624e+06
1.85903584e+06
2.16212305e+06
2.51423126e+06
2.92401579e+06
3.40037569e+06
3.95441432e+06
4.59886472e+06
5.34796784e+06
6.21981624e+06
7.23264996e+06
8.41217895e+06
9.78159117e+06
1.13767110e+07
1.32289547e+07
1.53855741e+07
1.78913649e+07
2.08072425e+07
2.41971973e+07
2.81395628e+07
3.27258063e+07
3.80560753e+07
4.42606230e+07
5.14676375e+07
5.98616333e+07
6.96059612e+07
8.09562730e+07
9.41375023e+07
1.09483214e+08
1.27315765e+08
1.48063745e+08
1.72188333e+08
2.00241030e+08
2.32878524e+08
2.70806821e+08
3.14961960e+08
3.66243908e+08
4.25979786e+08
4.95317934e+08
5.76081257e+08
6.69884657e+08
7.79080106e+08
9.05983608e+08
1.05361765e+09
1.22530209e+09
1.42491289e+09
1.65717571e+09
1.92706354e+09
2.24129096e+09
2.60619265e+09
3.03131286e+09
3.52469302e+09
4.09936715e+09
4.76692450e+09
5.54391340e+09
6.44700903e+09
7.49753129e+09
8.71932011e+09
1.01396715e+10
1.17926206e+10
1.37131548e+10
1.59496255e+10
1.85471072e+10
2.15747312e+10
2.50918673e+10
2.91971105e+10
3.39803079e+10
3.95805557e+10
4.61508733e+10
5.38833644e+10
6.30303175e+10
7.38890279e+10
8.68380460e+10
