5.95013452e-14
5.38766070e-14
5.01001426e-14
4.74477939e-14
4.55213630e-14
4.40770682e-14
4.29545865e-14
4.20481988e-14
4.12881314e-14
4.06304278e-14
4.00457636e-14
3.95142666e-14
3.83181386e-14
3.63931585e-14
3.44542612e-14
3.23901107e-14
3.03383646e-14
2.81902778e-14
2.60899156e-14
2.38805239e-14
2.16157053e-14
1.93614555e-14
1.71895213e-14
1.49445573e-14
1.28987660e-14
1.08781693e-14
9.15072872e-15
7.52326860e-15
5.84397326e-15
4.53842245e-15
3.42133425e-15
2.50059547e-15
1.77122586e-15
1.28399562e-15
8.60470895e-16
5.61668582e-16
3.58529210e-16
2.24863088e-16
1.39246687e-16
8.55164429e-17
5.22667093e-17
3.19717359e-17
2.07962620e-17
1.26577512e-17
7.70217904e-18
4.68594600e-18
2.85046399e-18
1.73366942e-18
1.05425211e-18
6.40979469e-19
3.89635453e-19
2.36799086e-19
1.43880003e-19
8.73997960e-20
5.30761702e-20
3.05305119e-20
1.84126641e-20
1.11041456e-20
6.73601582e-21
4.08447383e-21
2.47550706e-21
1.49956248e-21
8.56228113e-22
5.14980372e-22
3.11494095e-22
1.79728471e-22
1.06690126e-22
6.44008598e-23
3.68549837e-23
2.19746270e-23
1.26216529e-23
7.47403891e-24
4.25923552e-24
2.53140944e-24
1.42660054e-24
8.07927323e-25
4.59492719e-25
2.59730549e-25
1.45840428e-25
8.12940193e-26
4.49480313e-26
2.46469086e-26
1.36583914e-26
7.16900679e-27
3.79862963e-27
1.98384068e-27
1.01932263e-27
5.14008651e-28
2.53726100e-28
1.23937086e-28
5.71008065e-29
2.57870334e-29
1.11745880e-29
4.60769058e-30
1.78844559e-30
6.44480935e-31
2.11874205e-31
6.23245806e-32
1.61097176e-32
3.76315958e-33
