1.45466217e-09
1.24051819e-09
1.03026508e-09
8.29957124e-10
6.48785722e-10
4.94557937e-10
3.70635221e-10
2.75311506e-10
2.03800729e-10
1.50734927e-10
1.11448703e-10
8.24162142e-11
6.09267276e-11
4.50609849e-11
3.33037218e-11
2.46354959e-11
1.82129470e-11
1.34688207e-11
9.95796627e-12
7.36371132e-12
5.44465760e-12
4.02566811e-12
2.97691696e-12
2.20084968e-12
1.62756309e-12
1.20319642e-12
8.89859533e-13
6.57599252e-13
4.86514793e-13
3.59673111e-13
2.65979868e-13
1.96657923e-13
1.45417221e-13
1.07521367e-13
7.95003117e-14
5.87885679e-14
4.34614326e-14
3.21421091e-14
2.37604238e-14
1.75727719e-14
1.29907717e-14
9.60773034e-15
7.10284160e-15
5.25267511e-15
3.88367956e-15
2.87163855e-15
2.12340030e-15
1.56997315e-15
1.16094697e-15
8.58283186e-16
6.34753143e-16
4.69206271e-16
3.47033867e-16
2.56550337e-16
1.89730106e-16
1.40271285e-16
1.03731200e-16
7.66946122e-17
5.67094670e-17
4.19341341e-17
3.10030363e-17
2.29267778e-17
1.69495256e-17
1.25349656e-17
9.26571167e-18
6.85339036e-18
5.06637520e-18
3.74680248e-18
2.77018679e-18
2.04844864e-18
1.51458703e-18
1.11991879e-18
8.28113860e-19
6.12241464e-19
4.52772778e-19
3.34711872e-19
2.47540619e-19
1.82961838e-19
1.35339919e-19
1.00051967e-19
7.39936679e-20
5.47061929e-20
4.04522384e-20
2.99111913e-20
2.21159052e-20
1.63534952e-20
1.20905619e-20
8.94105728e-21
6.60901526e-21
4.88715351e-21
3.61046580e-21
2.66795432e-21
1.96778592e-21
1.44839740e-21
1.06071940e-21
7.70439625e-22
5.51959281e-22
3.86573615e-22
2.61330433e-22
1.66956923e-22
