9.12967159e-12
7.60734541e-12
6.13497596e-12
4.75891319e-12
3.54633717e-12
2.55058921e-12
1.78820554e-12
1.23605170e-12
8.49359726e-13
5.82663728e-13
3.99492122e-13
2.73960425e-13
1.87790859e-13
1.28800112e-13
8.82631497e-14
6.05503670e-14
4.15087981e-14
2.84665032e-14
1.95154688e-14
1.33824412e-14
9.17561702e-15
6.29091326e-15
4.31392284e-15
2.95739866e-15
2.02809882e-15
1.39022235e-15
9.53506108e-16
6.53284930e-16
4.48263471e-16
3.07295586e-16
2.10731260e-16
1.44478210e-16
9.90696873e-17
6.79261598e-17
4.65718945e-17
3.19364523e-17
2.18926936e-17
1.50143220e-17
1.02917170e-17
7.05862383e-18
4.83845182e-18
3.31852882e-18
2.27488977e-18
1.56004976e-18
1.06960465e-18
7.33386445e-19
5.02866540e-19
3.44773405e-19
2.36421270e-19
1.62069518e-19
1.11153709e-19
7.61861764e-20
5.22550384e-20
3.58206148e-20
2.45664286e-20
1.68412623e-20
1.15492413e-20
7.91822802e-21
5.42917087e-21
3.72285158e-21
2.55227445e-21
1.75022253e-21
1.19981008e-21
8.22860277e-22
5.63978610e-22
3.86853805e-22
2.65181887e-22
1.81861807e-22
1.24681169e-22
8.54975067e-23
5.86183846e-23
4.01927081e-23
2.75603370e-23
1.88938322e-23
1.29572876e-23
8.88199737e-24
6.09151495e-24
4.17450989e-24
2.86387361e-24
1.96313357e-24
1.34634483e-24
9.23031944e-25
6.32916768e-25
4.33965348e-25
2.97544283e-25
2.04024446e-25
1.39868807e-25
9.59193587e-26
6.57415838e-26
4.50797728e-26
3.08752971e-26
2.11535531e-26
1.44579570e-26
9.85601202e-27
6.67520123e-27
4.47263939e-27
2.94295372e-27
1.87801503e-27
1.14065905e-27
6.37621671e-28
