1.49185300e-09
1.37343110e-09
1.29167323e-09
1.23313202e-09
1.19001890e-09
1.15736202e-09
1.13178131e-09
1.11099603e-09
1.09347638e-09
1.07824967e-09
1.06466174e-09
1.05226660e-09
1.02470086e-09
9.80237080e-10
9.35073462e-10
8.86588666e-10
8.37942267e-10
7.86534016e-10
7.35742253e-10
6.81760350e-10
6.25780781e-10
5.69344724e-10
5.14204834e-10
4.56369484e-10
4.02737326e-10
3.48793677e-10
3.01672764e-10
2.56290529e-10
2.08233352e-10
1.69559204e-10
1.35228638e-10
1.05663449e-10
8.09797646e-11
6.34455110e-11
4.71794826e-11
3.46605362e-11
2.52361422e-11
1.82633652e-11
1.31683725e-11
9.47549029e-12
6.81138628e-12
4.90453102e-12
3.67595913e-12
2.64007919e-12
1.89590130e-12
1.36134548e-12
9.77400116e-13
7.01655843e-13
5.03639037e-13
3.61454272e-13
2.59370641e-13
1.86086941e-13
1.33484885e-13
9.57331056e-14
6.86432698e-14
4.75405365e-14
3.39353672e-14
2.42221946e-14
1.73532962e-14
1.24281428e-14
8.89755361e-15
6.36733061e-15
4.38836684e-15
3.12585617e-15
2.23437513e-15
1.54997208e-15
1.09463711e-15
7.81200541e-16
5.38992451e-16
3.81589251e-16
2.63837731e-16
1.85927498e-16
1.27887113e-16
9.02965247e-17
6.16576027e-17
4.22240143e-17
2.89858320e-17
1.98173019e-17
1.34892085e-17
9.13745048e-18
6.15642251e-18
4.12511036e-18
2.78055101e-18
1.81221306e-18
1.18726279e-18
7.70502660e-19
4.94764514e-19
3.13871608e-19
1.96406500e-19
1.21985334e-19
7.31271305e-20
4.32735584e-20
2.49728545e-20
1.39943927e-20
7.57722786e-21
3.94251602e-21
1.96143551e-21
9.31978058e-22
4.26402129e-22
1.94926671e-22
