3.80514650e-05
3.60586681e-05
3.46132134e-05
3.35409545e-05
3.27304486e-05
3.21043391e-05
3.16063704e-05
3.11967815e-05
3.08480242e-05
3.05422585e-05
3.02672919e-05
3.00147086e-05
2.94658959e-05
2.85776338e-05
2.76613976e-05
2.66627360e-05
2.56434430e-05
2.45478506e-05
2.34445801e-05
2.22499167e-05
2.09848284e-05
1.96795030e-05
1.83714536e-05
1.69630237e-05
1.56151832e-05
1.42150329e-05
1.29439282e-05
1.16714690e-05
1.02630679e-05
9.06026759e-06
7.92486509e-06
6.87456469e-06
5.92178957e-06
5.17752401e-06
4.41928786e-06
3.76097628e-06
3.19479521e-06
2.71096290e-06
2.29912240e-06
1.94931511e-06
1.65250872e-06
1.40220786e-06
1.21262857e-06
1.02773961e-06
8.70988635e-07
7.38098411e-07
6.25440994e-07
5.29939562e-07
4.48984807e-07
3.80363944e-07
3.22200494e-07
2.72903204e-07
2.31122723e-07
1.95714849e-07
1.65709365e-07
1.38048659e-07
1.16634383e-07
9.85355627e-08
8.33855957e-08
7.05505747e-08
5.96776827e-08
5.04677960e-08
4.19425168e-08
3.53901491e-08
2.99074047e-08
2.49269413e-08
2.09458148e-08
1.76835071e-08
1.46996588e-08
1.23624525e-08
1.02847958e-08
8.62936584e-09
7.16077409e-09
6.01159453e-09
4.97090198e-09
4.11514023e-09
3.40981385e-09
2.81970429e-09
2.32665621e-09
1.91526175e-09
1.57246840e-09
1.28752864e-09
1.05653156e-09
8.54254898e-10
6.91971354e-10
5.58022531e-10
4.47792446e-10
3.57348918e-10
2.83431941e-10
2.23984083e-10
1.74476553e-10
1.35187516e-10
1.03748277e-10
7.87985366e-11
5.91981283e-11
4.39919878e-11
3.23779101e-11
2.36847516e-11
1.73349049e-11
1.28464309e-11
