1.65115088e+02
1.72742942e+02
1.79349680e+02
1.84992154e+02
1.89764483e+02
1.93799406e+02
1.97253823e+02
2.00275515e+02
2.02988316e+02
2.05480817e+02
2.07819628e+02
2.10054470e+02
2.14378355e+02
2.21371542e+02
2.29034185e+02
2.37876706e+02
2.47520505e+02
2.58559590e+02
2.70514449e+02
2.84356896e+02
3.00151270e+02
3.17844417e+02
3.37234184e+02
3.59987268e+02
3.84232650e+02
4.12118793e+02
4.40853537e+02
4.73169301e+02
5.13388401e+02
5.54120210e+02
5.99221604e+02
6.48919403e+02
7.03448059e+02
7.56511845e+02
8.20953856e+02
8.91119069e+02
9.67425526e+02
1.05035639e+03
1.14045884e+03
1.23834233e+03
1.34467807e+03
1.45961563e+03
1.57276650e+03
1.70810961e+03
1.85519130e+03
2.01504472e+03
2.18879668e+03
2.37767664e+03
2.58302660e+03
2.80631222e+03
3.04913503e+03
3.31324612e+03
3.60056138e+03
3.91317853e+03
4.25339630e+03
4.65058527e+03
5.05924680e+03
5.50428436e+03
5.98525104e+03
6.50928070e+03
7.08043121e+03
7.70318427e+03
8.43130206e+03
9.18124329e+03
9.99386557e+03
1.09294619e+04
1.19217239e+04
1.29857214e+04
1.42166402e+04
1.55086130e+04
1.69769988e+04
1.85384674e+04
2.03134430e+04
2.21851280e+04
2.43395194e+04
2.66963052e+04
2.92766129e+04
3.21278979e+04
3.52811979e+04
3.87716989e+04
4.26394576e+04
4.69276897e+04
5.16236295e+04
5.69816847e+04
6.28642227e+04
6.94140776e+04
7.67107551e+04
8.48460161e+04
9.39171409e+04
1.03983802e+05
1.15332949e+05
1.27931018e+05
1.41974655e+05
1.57609127e+05
1.74979355e+05
1.94219934e+05
2.15442179e+05
2.38705072e+05
2.63994905e+05
2.91161483e+05
