6.09679197e-03
5.78608239e-03
5.45932480e-03
5.12075227e-03
4.77965196e-03
4.44604146e-03
4.12771649e-03
3.82891806e-03
3.55080766e-03
3.29277206e-03
3.05331120e-03
2.83143429e-03
2.62547090e-03
2.43473854e-03
2.25752252e-03
2.09360931e-03
1.94132112e-03
1.80026007e-03
1.66935235e-03
1.54802046e-03
1.43547386e-03
1.33111278e-03
1.23436724e-03
1.14459026e-03
1.06142619e-03
9.84208362e-04
9.12709640e-04
8.46265341e-04
7.84832818e-04
7.27744797e-04
6.74865786e-04
6.25793764e-04
5.80304502e-04
5.38119602e-04
4.98994556e-04
4.62727263e-04
4.29072816e-04
3.97898611e-04
3.68948143e-04
3.42148711e-04
3.17258152e-04
2.94209659e-04
2.72811518e-04
2.52987700e-04
2.34591646e-04
2.17538898e-04
2.01726263e-04
1.87057339e-04
1.73463207e-04
1.60846759e-04
1.49160194e-04
1.38307272e-04
1.28261939e-04
1.18930961e-04
1.10290447e-04
1.02269747e-04
9.48373077e-05
8.79416926e-05
8.15490688e-05
7.56212578e-05
7.01220224e-05
6.50265890e-05
6.02964159e-05
5.59157215e-05
5.18472268e-05
4.80815697e-05
4.45838187e-05
4.13447663e-05
3.83380227e-05
3.55515862e-05
3.29669614e-05
3.05702700e-05
2.83481698e-05
2.62866981e-05
2.43765886e-05
2.26032095e-05
2.09612381e-05
1.94356415e-05
1.80243097e-05
1.67132787e-05
1.54989378e-05
1.43717993e-05
1.33272576e-05
1.23583917e-05
1.14598276e-05
1.06269269e-05
9.85406505e-06
9.13795877e-06
8.47304753e-06
7.85723539e-06
7.28457734e-06
6.75406392e-06
6.25953743e-06
5.79879091e-06
5.36644092e-06
4.95848588e-06
4.57039242e-06
4.19725973e-06
3.83521536e-06
3.48065431e-06
