2.77854353e+04
3.11312534e+04
3.44379414e+04
3.76250993e+04
4.06309585e+04
4.34311652e+04
4.60446124e+04
4.85153512e+04
5.08973511e+04
5.32369557e+04
5.55766863e+04
5.79550194e+04
6.19599282e+04
6.82149958e+04
7.54226435e+04
8.40914338e+04
9.40627674e+04
1.05993956e+05
1.19667152e+05
1.36198079e+05
1.55989570e+05
1.79377816e+05
2.06571723e+05
2.39964659e+05
2.78082424e+05
3.24276314e+05
3.75821605e+05
4.37302085e+05
5.16742374e+05
6.04912200e+05
7.09517936e+05
8.33398938e+05
9.79869879e+05
1.13853161e+06
1.34004450e+06
1.57762841e+06
1.85762707e+06
2.18754682e+06
2.57626278e+06
3.03425919e+06
3.57391290e+06
4.20745443e+06
4.90411964e+06
5.77821999e+06
6.80870690e+06
8.02370198e+06
9.45642029e+06
1.11461026e+07
1.31391213e+07
1.54902927e+07
1.82644354e+07
2.15382227e+07
2.54023857e+07
2.99643359e+07
3.53512915e+07
4.20085518e+07
4.96115346e+07
5.85970351e+07
6.91645748e+07
8.16559848e+07
9.64267430e+07
1.13899590e+08
1.35457292e+08
1.60157301e+08
1.89276867e+08
2.24839756e+08
2.66323197e+08
3.14961713e+08
3.74479167e+08
4.43541530e+08
5.27186417e+08
6.24985935e+08
7.43414295e+08
8.81319168e+08
1.04931729e+09
1.24881094e+09
1.48572296e+09
1.76841222e+09
2.10583590e+09
2.50875014e+09
2.99009970e+09
3.56532049e+09
4.24828753e+09
5.07527438e+09
6.05859993e+09
7.23548732e+09
8.64396713e+09
1.03300743e+10
1.23477429e+10
1.47571613e+10
1.76530165e+10
2.11100075e+10
2.52427947e+10
3.01788722e+10
3.60668951e+10
4.30781518e+10
5.14077956e+10
6.12711270e+10
7.29001448e+10
8.65277852e+10
