2.32942751e-07
2.04421614e-07
1.75895853e-07
1.48081552e-07
1.22138728e-07
9.91267924e-08
7.96290773e-08
6.36449647e-08
5.07767918e-08
4.04945722e-08
3.22875434e-08
2.57476180e-08
2.05275660e-08
1.63711451e-08
1.30497561e-08
1.04088430e-08
8.29877554e-09
6.61796235e-09
5.27666272e-09
4.20776745e-09
3.35509547e-09
2.67522097e-09
2.13331269e-09
1.70086409e-09
1.35638932e-09
1.08138957e-09
8.62418036e-10
6.87404086e-10
5.48342762e-10
4.37177363e-10
3.48631874e-10
2.77980251e-10
2.21660626e-10
1.76746707e-10
1.40931230e-10
1.12381898e-10
8.95999956e-11
7.14556606e-11
5.69662204e-11
4.54317914e-11
3.62207370e-11
2.88863373e-11
2.30305043e-11
1.83660879e-11
1.46439944e-11
1.16768680e-11
9.31119257e-12
7.42414346e-12
5.92022229e-12
4.72013553e-12
3.76427234e-12
3.00089835e-12
2.39337355e-12
1.90812607e-12
1.52170449e-12
1.21327210e-12
9.67519959e-13
7.71438840e-13
6.15139055e-13
4.90516835e-13
3.91093660e-13
3.11880953e-13
2.48654663e-13
1.98298638e-13
1.58085162e-13
1.26083384e-13
1.00519469e-13
8.01635590e-14
6.39161862e-14
5.09677908e-14
4.06398330e-14
3.24055408e-14
2.58401127e-14
2.06026512e-14
1.64300890e-14
1.30987575e-14
1.04463770e-14
8.32732951e-15
6.64195812e-15
5.29541283e-15
4.22304964e-15
3.36708472e-15
2.68495650e-15
2.14094653e-15
1.70708533e-15
1.36125034e-15
1.08533965e-15
8.65502814e-16
6.89973816e-16
5.50204227e-16
4.38438027e-16
3.49439609e-16
2.78124939e-16
2.21035357e-16
1.75028408e-16
1.37792403e-16
1.07447171e-16
8.25113771e-17
6.19196976e-17
4.48763721e-17
