9.40640704e-12
8.57875966e-12
8.01633015e-12
7.61802544e-12
7.32701186e-12
7.10787454e-12
6.93699505e-12
6.79864710e-12
6.68238050e-12
6.58158592e-12
6.49183920e-12
6.41013451e-12
6.22718238e-12
5.93245208e-12
5.63451625e-12
5.31619152e-12
4.99850626e-12
4.66456677e-12
4.33658543e-12
3.99004639e-12
3.63304416e-12
3.27574822e-12
2.92942813e-12
2.56919778e-12
2.23845579e-12
1.90921825e-12
1.62512990e-12
1.35492905e-12
1.07297262e-12
8.50468656e-13
6.57015696e-13
4.94480211e-13
3.62717870e-13
2.72275719e-13
1.91333403e-13
1.31934248e-13
8.96163151e-14
6.02043326e-14
4.01495515e-14
2.66580489e-14
1.76588131e-14
1.17163333e-14
8.17912359e-15
5.40754920e-15
3.57458885e-15
2.36262776e-15
1.56137754e-15
1.03171634e-15
6.81628364e-16
4.50261194e-16
2.97375270e-16
1.96364021e-16
1.29636779e-16
8.55648610e-17
5.64617388e-17
3.56403411e-17
2.33844609e-17
1.53423155e-17
1.01140940e-17
6.66495352e-18
4.39019020e-18
2.89044860e-18
1.81338064e-18
1.18689920e-18
7.80405951e-19
4.93756866e-19
3.19695171e-19
2.09818141e-19
1.31850634e-19
8.56611488e-20
5.39845318e-20
3.48717206e-20
2.18334311e-20
1.41424895e-20
8.77356017e-21
5.46397468e-21
3.41409006e-21
2.12239664e-21
1.31212427e-21
8.06277587e-22
4.92110145e-22
2.98291261e-22
1.82294213e-22
1.06629385e-22
6.28245950e-23
3.65749116e-23
2.10086417e-23
1.18824011e-23
6.60394905e-24
3.63715582e-24
1.91163650e-24
9.88233792e-25
4.94201732e-25
2.37569072e-25
1.08920163e-25
4.71767652e-26
1.90947540e-26
7.15618559e-27
2.47974114e-27
8.27267183e-28
