1.66038751e+02
1.76831256e+02
1.89040775e+02
2.02793158e+02
2.18090157e+02
2.34900984e+02
2.53208472e+02
2.73030628e+02
2.94429685e+02
3.17506061e+02
3.42407336e+02
3.69238043e+02
3.98205147e+02
4.29399886e+02
4.63101714e+02
4.99365277e+02
5.38538743e+02
5.80734625e+02
6.26276142e+02
6.75363681e+02
7.28312421e+02
7.85414520e+02
8.46973978e+02
9.13404209e+02
9.84971977e+02
1.06225174e+03
1.14546146e+03
1.23537454e+03
1.33210169e+03
1.43659410e+03
1.54915925e+03
1.67064173e+03
1.80159566e+03
1.94282896e+03
2.09516754e+03
2.25937472e+03
2.43658907e+03
2.62749644e+03
2.83366246e+03
3.05561267e+03
3.29535155e+03
3.55350245e+03
3.83222002e+03
4.13252135e+03
4.45657380e+03
4.80591571e+03
5.18265174e+03
5.58906289e+03
6.02706187e+03
6.49983156e+03
7.00907831e+03
7.55906300e+03
8.15110618e+03
8.79061021e+03
9.47927346e+03
1.02227349e+04
1.10238890e+04
1.18882550e+04
1.28202115e+04
1.38251625e+04
1.49093426e+04
1.60776709e+04
1.73389475e+04
1.86973047e+04
2.01645283e+04
2.17438113e+04
2.34496138e+04
2.52867708e+04
2.72699705e+04
2.94072227e+04
3.17128222e+04
3.41991383e+04
3.68797538e+04
3.97720222e+04
4.28885694e+04
4.62533280e+04
4.98765810e+04
5.37912059e+04
5.80035431e+04
6.25535343e+04
6.74547621e+04
7.27448237e+04
7.84463274e+04
8.45965404e+04
9.12294848e+04
9.83797159e+04
1.06095982e+05
1.14409896e+05
1.23387644e+05
1.33057457e+05
1.43512230e+05
1.54777452e+05
1.66982985e+05
1.80194660e+05
1.94585156e+05
2.10324281e+05
2.27639384e+05
2.46844644e+05
2.68291238e+05
2.92425252e+05
