0,0,0,2.773814e-38,3.369066e-37,2.857992e-33,6.129601e-33,6.294697e-31,4.786209e-29,5.19484e-28,1.44201e-27,5.861881e-26,3.634415e-25,2.096069e-24,1.157997e-22,2.088381e-21,2.261587e-20,6.484123e-20,6.148561e-20,3.31487e-20,2.246133e-20,1.441879e-20,6.287412e-21,3.629584e-21,3.770854e-21,3.685188e-21,3.669241e-21,2.091565e-21,6.965679e-22,1.004281e-22,7.062364e-24,1.556141e-25,1.008387e-27,0
0,0,9.490378e-37,1.486435e-33,1.099475e-32,1.050719e-30,1.333572e-30,8.334802e-29,4.16321e-27,2.868705e-26,5.94512e-26,1.653307e-24,5.942413e-24,3.546858e-23,1.483023e-21,2.056019e-20,1.645596e-19,3.413799e-19,2.613671e-19,1.26511e-19,7.564308e-20,4.465216e-20,1.900752e-20,1.03822e-20,1.002264e-20,9.437705e-21,9.013847e-21,4.98177e-21,1.618485e-21,2.315427e-22,1.629469e-23,3.712867e-25,2.578511e-27,0
1.448244e-36,6.550045e-36,7.951154e-32,1.515987e-30,4.618255e-30,2.796223e-28,2.32923e-28,9.53754e-27,3.136417e-25,1.351554e-24,2.195723e-24,4.081743e-23,8.475156e-23,5.732193e-22,1.742971e-20,1.886307e-19,1.086588e-18,1.646788e-18,1.052154e-18,4.732369e-19,2.532704e-19,1.384825e-19,5.777111e-20,2.992295e-20,2.686301e-20,2.437751e-20,2.235488e-20,1.199039e-20,3.802912e-21,5.400184e-22,3.801995e-23,8.940719e-25,6.621128e-27,0
2.897727e-31,8.394741e-31,6.361276e-29,9.248823e-28,1.572896e-27,6.295541e-26,3.536674e-26,9.659049e-25,2.139579e-23,5.888198e-23,7.923674e-23,1.002518e-21,1.401982e-21,9.943493e-21,2.199737e-19,1.931041e-18,8.222702e-18,9.805851e-18,5.446227e-18,2.256402e-18,1.059395e-18,5.211329e-19,2.066237e-19,9.914617e-20,8.152656e-20,7.035925e-20,6.11629e-20,3.15074e-20,9.672261e-21,1.354397e-21,9.484745e-23,2.288581e-24,1.790721e-26,0
4.354946e-28,7.283737e-28,4.233104e-26,4.548648e-25,4.393505e-25,1.143399e-23,4.447526e-24,8.179723e-23,1.232726e-21,2.157742e-21,2.516476e-21,2.146534e-20,2.125617e-20,1.572614e-19,2.51424e-18,1.816267e-17,5.596011e-17,5.227028e-17,2.574229e-17,1.004539e-17,4.187663e-18,1.876256e-18,7.146717e-19,3.201646e-19,2.422897e-19,1.994811e-19,1.649098e-19,8.179877e-20,2.435245e-20,3.366724e-21,2.346446e-22,5.804594e-24,4.784751e-26,0
4.906683e-25,4.853203e-25,2.30023e-23,1.641829e-22,9.81921e-23,1.606063e-21,4.465846e-22,5.610322e-21,5.835987e-20,6.568469e-20,6.923689e-20,4.036557e-19,3.170109e-19,2.26476e-18,2.639239e-17,1.605794e-16,3.612965e-16,2.735781e-16,1.230208e-16,4.532095e-17,1.676101e-17,6.813453e-18,2.481368e-18,1.035892e-18,7.212856e-19,5.659551e-19,4.446598e-19,2.122945e-19,6.127731e-20,8.36102e-21,5.79617e-22,1.467732e-23,1.269902e-25,0
3.724033e-22,2.306238e-22,1.010118e-20,3.482271e-20,1.72974e-20,1.702734e-19,3.410765e-20,2.982459e-19,2.177071e-18,1.640303e-18,1.601524e-18,6.680165e-18,4.596131e-18,2.895721e-17,2.502329e-16,1.308684e-15,2.187175e-15,1.369164e-15,5.714106e-16,1.997823e-16,6.579204e-17,2.432953e-17,8.491624e-18,3.311212e-18,2.125285e-18,1.590912e-18,1.189332e-18,5.471213e-19,1.532416e-19,2.064691e-20,1.423955e-21,3.688295e-23,3.340895e-25,0
4.014741e-19,2.932993e-18,7.962546e-18,1.762346e-17,1.20849e-17,1.582719e-17,1.89274e-18,1.169858e-17,6.049008e-17,3.379717e-17,3.013554e-17,1.002728e-16,6.314046e-17,3.206754e-16,2.115271e-15,9.701339e-15,1.251388e-14,6.671988e-15,2.617738e-15,8.69808e-16,2.55939e-16,8.607803e-17,2.876787e-17,1.048603e-17,6.212313e-18,4.438846e-18,3.159771e-18,1.401593e-18,3.81166e-19,5.073045e-20,3.481164e-21,9.216892e-23,8.719377e-25,0
2.21547e-11,8.073456e-11,4.111147e-10,8.58485e-10,1.473001e-10,4.290161e-12,4.17978e-15,4.707971e-15,1.979228e-15,6.037417e-16,4.561349e-16,1.533673e-15,7.988787e-16,2.970855e-15,1.566132e-14,6.445615e-14,6.759479e-14,3.15774e-14,1.172284e-14,3.716999e-15,9.825432e-16,3.008184e-16,9.627506e-17,3.284512e-17,1.799003e-17,1.228008e-17,8.331939e-18,3.566966e-18,9.425878e-19,1.239838e-19,8.467668e-21,2.290779e-22,2.258756e-24,0
4.309162e-06,1.005487e-05,3.337866e-05,4.404478e-05,4.632113e-06,1.000721e-07,2.338813e-08,1.65935e-08,1.547051e-09,3.597256e-13,9.628869e-15,4.844844e-14,8.71437e-15,1.591772e-14,9.153276e-14,4.04038e-13,3.594736e-13,1.486886e-13,5.195928e-14,1.572819e-14,3.745249e-15,1.042385e-15,3.188337e-16,1.018242e-16,5.162827e-17,3.368796e-17,2.180528e-17,9.017109e-18,2.317059e-18,3.013573e-19,2.049311e-20,5.66406e-22,5.811339e-24,0
0,5.213975e-06,2.170795e-05,7.197355e-05,0.000180318,0.0002940084,0.0002949107,0.000134342,7.991314e-06,3.28319e-08,2.241535e-09,3.045905e-11,8.86686e-14,1.045863e-13,5.144478e-13,2.037858e-12,1.640448e-12,6.312749e-13,2.145027e-13,6.346358e-14,1.382395e-14,3.524691e-15,1.032046e-15,3.098291e-16,1.460714e-16,9.132785e-17,5.648151e-17,2.258242e-17,5.6466e-18,7.263471e-19,4.920048e-20,1.388786e-21,1.479801e-23,0
0,1.378298e-07,2.714504e-06,2.59742e-05,0.0001313934,0.0004162118,0.0008017245,0.0008665564,0.0004653189,0.0001031081,4.562267e-06,4.41132e-08,2.745145e-10,2.078009e-11,5.770859e-12,1.072245e-11,6.713723e-12,2.254638e-12,7.745774e-13,2.310282e-13,4.707079e-14,1.12752e-14,3.185521e-15,9.084538e-16,4.03099e-16,2.427345e-16,1.437528e-16,5.558046e-17,1.352371e-17,1.719096e-18,1.159806e-19,3.337894e-21,3.681169e-23,0
0,0,0,3.680252e-06,5.329972e-05,0.0003230641,0.0009972936,0.001607104,0.001320321,0.0005322612,0.0001015367,7.820166e-06,2.40102e-07,1.098864e-08,1.047085e-09,1.219939e-10,2.450297e-11,7.025503e-12,2.516742e-12,7.621204e-13,1.48168e-13,3.386125e-14,9.288354e-15,2.540377e-15,1.075212e-15,6.279307e-16,3.570491e-16,1.334859e-16,3.159587e-17,3.964548e-18,2.665434e-19,7.815466e-21,8.903883e-23,0
0,0,0,5.8513e-35,1.602756e-05,0.0001960884,0.000919554,0.002041332,0.002224112,0.001197389,0.0003189906,4.097213e-05,2.303772e-06,2.29126e-08,1.131681e-09,1.262117e-10,2.681324e-11,1.7659e-11,7.096899e-12,2.209851e-12,4.218878e-13,9.412112e-14,2.532898e-14,6.720696e-15,2.757865e-15,1.575377e-15,8.627593e-16,3.119112e-16,7.182285e-17,8.89458e-18,5.977739e-19,1.79166e-20,2.113514e-22,0
0,0,0,4.237375e-31,4.629322e-06,0.0001151307,0.000771828,0.002233778,0.002968346,0.001948108,0.0006472534,0.000113835,1.14972e-05,6.206837e-07,1.741082e-08,6.949502e-10,2.332549e-10,6.191962e-11,1.823329e-11,5.702262e-12,1.092951e-12,2.423732e-13,6.465168e-14,1.682553e-14,6.803555e-15,3.833749e-15,2.028587e-15,7.095881e-16,1.591245e-16,1.949637e-17,1.32108e-18,4.091628e-20,5.038548e-22,0
0,0,0,6.049024e-28,1.784574e-06,8.121973e-05,0.0006822498,0.002242351,0.003344699,0.002399738,0.0008698606,0.0001730072,2.200301e-05,1.69113e-06,7.213864e-08,2.428556e-09,2.406271e-10,6.384335e-11,3.300821e-11,1.296809e-11,2.588241e-12,5.799407e-13,1.549521e-13,3.999784e-14,1.618953e-14,9.068719e-15,4.650786e-15,1.576215e-15,3.453058e-16,4.2174e-17,2.934555e-18,9.564835e-20,1.238219e-21,0
0,0,0,6.329518e-28,9.44119e-07,6.300439e-05,0.0006168449,0.002232642,0.003589975,0.002744821,0.001057861,0.0002306419,3.531561e-05,3.569868e-06,2.084708e-07,8.277103e-09,7.920458e-10,3.359522e-10,1.028741e-10,3.101539e-11,5.949865e-12,1.335367e-12,3.581904e-13,9.21302e-14,3.760245e-14,2.101474e-14,1.046842e-14,3.447183e-15,7.429492e-16,9.204224e-17,6.773575e-18,2.348995e-19,3.168867e-21,0
0,0,1.48865e-35,4.596634e-26,5.926155e-07,5.018145e-05,0.0005582838,0.002204253,0.003791687,0.003073857,0.001252885,0.0002962881,5.337592e-05,6.851441e-06,5.272781e-07,2.4762e-08,2.220062e-09,3.351381e-10,1.060293e-10,5.475162e-11,1.246829e-11,2.918349e-12,7.958751e-13,2.05592e-13,8.534566e-14,4.77614e-14,2.31779e-14,7.453515e-15,1.602653e-15,2.078901e-16,1.654946e-17,5.990173e-19,8.231885e-21,0
0,0,1.59202e-35,4.287943e-26,3.966493e-07,4.021166e-05,0.0005034085,0.002160539,0.003966808,0.003404193,0.001464361,0.0003729727,7.76879e-05,1.23451e-05,1.227372e-06,6.836113e-08,4.659658e-09,1.087085e-09,4.424237e-10,1.505119e-10,2.692193e-11,6.194435e-12,1.715107e-12,4.464488e-13,1.896459e-13,1.065808e-13,5.058322e-14,1.603203e-14,3.532803e-15,4.990251e-16,4.22173e-17,1.539811e-18,2.118004e-20,0
0,0,3.706497e-34,5.335434e-25,2.718455e-07,3.230178e-05,0.0004523142,0.002104267,0.004116542,0.003734251,0.00169225,0.0004615216,0.0001096504,2.116276e-05,2.658686e-06,1.877092e-07,1.049864e-08,1.643519e-09,4.460354e-10,1.532401e-10,4.625871e-11,1.244924e-11,3.572264e-12,9.42273e-13,4.124921e-13,2.336286e-13,1.091303e-13,3.469103e-14,8.199753e-15,1.274189e-15,1.090039e-16,3.911485e-18,5.33883e-20,0
0,0,3.697757e-34,5.294568e-25,1.884548e-07,2.599394e-05,0.0004051506,0.002037711,0.004240039,0.004060198,0.001935233,0.0005623694,0.0001506991,3.481091e-05,5.413561e-06,4.807772e-07,3.256869e-08,3.561791e-09,1.343832e-09,5.397547e-10,1.105567e-10,2.538592e-11,7.245759e-12,1.935055e-12,8.787387e-13,5.03846e-13,2.342386e-13,7.726127e-14,2.055895e-14,3.35517e-15,2.789013e-16,9.739826e-18,1.313742e-19,0
0,0,4.403748e-33,3.633444e-24,1.315573e-07,2.094374e-05,0.0003618652,0.001962724,0.004337151,0.00437842,0.002191755,0.0006757631,0.0002022664,5.523459e-05,1.050881e-05,1.133886e-06,9.976223e-08,1.156445e-08,2.26833e-09,5.620149e-10,1.4845e-10,4.586304e-11,1.410788e-11,3.859176e-12,1.834943e-12,1.072736e-12,5.070602e-13,1.840959e-13,5.49635e-14,8.841314e-15,7.006461e-16,2.370353e-17,3.15177e-19,0
0,0,4.436523e-33,3.721646e-24,9.219903e-08,1.688562e-05,0.0003223006,0.001880844,0.004406891,0.004684943,0.002459966,0.0008017186,0.0002656746,8.479398e-05,1.954313e-05,2.572348e-06,2.606067e-07,2.991925e-08,4.273635e-09,1.536388e-09,4.088702e-10,9.29851e-11,2.702603e-11,7.490786e-12,3.765693e-12,2.27227e-12,1.14001e-12,4.844395e-13,1.505594e-13,2.296011e-14,1.721726e-15,5.630034e-17,7.365931e-19,0
0,0,3.440132e-32,1.861808e-23,6.475609e-08,1.361671e-05,0.000286257,0.001793374,0.004449292,0.004975456,0.002737454,0.0009399077,0.0003420073,0.0001262362,3.486212e-05,5.645703e-06,6.716554e-07,5.986911e-08,5.615632e-09,1.548115e-09,4.16013e-10,1.415661e-10,4.853643e-11,1.412247e-11,7.635096e-12,4.871107e-12,2.80753e-12,1.37705e-12,4.106414e-13,5.838099e-14,4.130748e-15,1.303736e-16,1.675704e-18,0
0,0,3.483164e-32,1.935784e-23,4.556451e-08,1.097895e-05,0.0002535068,0.001701432,0.004461004,0.005244902,0.003021075,0.001089558,0.0004319272,0.000182521,5.98558e-05,1.177319e-05,1.710222e-06,1.569023e-07,1.07812e-08,3.091391e-09,1.184952e-09,3.064346e-10,9.026307e-11,2.619131e-11,1.547469e-11,1.099992e-11,7.904398e-12,4.017628e-12,1.100197e-12,1.449047e-13,9.662764e-15,2.940427e-16,3.707685e-18,0
0,0,1.967287e-31,8.75214e-23,3.212464e-08,8.8482e-06,0.0002238222,0.001606005,0.004448087,0.00548868,0.003306731,0.00124929,0.0005355314,0.0002565293,9.924498e-05,2.339974e-05,4.051138e-06,5.106048e-07,5.833304e-08,1.189706e-08,1.955025e-09,4.038652e-10,1.491418e-10,4.734921e-11,3.215843e-11,2.836479e-11,2.450895e-11,1.164249e-11,2.877994e-12,3.504048e-13,2.201105e-14,6.452343e-16,7.971725e-18,0
0,0,2.005103e-31,8.637391e-23,2.267778e-08,7.123309e-06,0.0001969377,0.00150782,0.004404158,0.005699554,0.003589314,0.001417161,0.0006520973,0.0003505339,0.0001588305,4.459841e-05,9.107813e-06,1.433549e-06,2.347634e-07,4.227762e-08,4.737015e-09,8.690573e-10,2.862044e-10,8.73016e-11,7.352559e-11,8.894352e-11,7.813892e-11,3.300895e-11,7.3262e-12,8.241548e-13,4.875982e-14,1.375887e-15,1.663669e-17,0
0,0,9.641105e-31,3.632012e-22,1.600837e-08,5.724166e-06,0.0001725998,0.001407461,0.004328797,0.005873822,0.003863062,0.001590402,0.0007800012,0.0004658876,0.0002451899,8.152972e-05,1.999708e-05,3.694671e-06,6.152173e-07,9.654688e-08,6.910982e-09,1.175668e-09,4.898974e-10,1.616341e-10,2.124181e-10,3.154267e-10,2.462295e-10,9.092882e-11,1.810597e-11,1.882397e-12,1.048988e-13,2.847537e-15,3.36637e-17,0
0,0,9.346761e-31,3.6484e-22,1.127963e-08,4.586027e-06,0.0001505437,0.001305301,0.004221232,0.005993295,0.004119923,0.001765596,0.0009164033,0.0006020642,0.0003646028,0.0001424357,4.21677e-05,9.322522e-06,1.471903e-06,1.384147e-07,7.695329e-09,2.677762e-09,1.065073e-09,3.611466e-10,8.111417e-10,1.144489e-09,7.53576e-10,2.423915e-10,4.335181e-11,4.168229e-12,2.188359e-13,5.711968e-15,6.596232e-17,0
0,0,3.792446e-30,1.286759e-21,7.923011e-09,3.659513e-06,0.0001305649,0.001201767,0.004081114,0.006084347,0.00435168,0.001937652,0.001057589,0.0007567421,0.0005226809,0.0002382413,8.437894e-05,2.233036e-05,4.019191e-06,4.293735e-07,4.590687e-08,1.512512e-08,2.889019e-09,1.234541e-09,3.461202e-09,4.047446e-09,2.221672e-09,6.234072e-10,1.003514e-10,8.932269e-12,4.419939e-13,1.10893e-14,1.249962e-16,0
0,0,3.766581e-30,1.282589e-21,5.535035e-09,2.903189e-06,0.0001124293,0.001097003,0.003907809,0.006080857,0.004550713,0.002101567,0.001198252,0.0009241281,0.000721428,0.0003810632,0.0001597764,5.0107e-05,1.141827e-05,2.163981e-06,3.589977e-07,6.983219e-08,7.862974e-09,6.09384e-09,1.465517e-08,1.368797e-08,6.27745e-09,1.542181e-09,2.240137e-10,1.848252e-11,8.62478e-13,2.079422e-14,2.286146e-16,0
0,2.28007e-37,1.172522e-29,3.465521e-21,3.833361e-09,2.283927e-06,9.592924e-05,0.0009911892,0.003700839,0.00601593,0.0046906,0.002248232,0.001331393,0.001095293,0.0009571103,0.0005806234,0.0002853624,0.0001061217,3.00684e-05,7.931957e-06,1.456971e-06,1.96827e-07,2.351092e-08,3.332896e-08,5.882633e-08,4.388225e-08,1.693507e-08,3.659757e-09,4.812014e-10,3.686116e-11,1.623427e-12,3.761035e-14,4.030894e-16,0
2.86551e-34,2.939861e-32,1.212894e-29,3.521282e-21,2.621966e-09,1.77691e-06,8.090054e-05,0.0008845374,0.003459387,0.005873663,0.004805185,0.002373685,0.001450079,0.001258876,0.001220062,0.0008415135,0.0004809712,0.0002130424,7.362001e-05,2.271739e-05,3.849901e-06,4.084671e-07,1.125195e-07,1.758939e-07,2.194925e-07,1.325347e-07,4.344377e-08,8.304512e-09,9.919416e-10,7.068621e-11,2.941046e-12,6.547692e-14,6.838014e-16,0
1.100233e-29,3.496872e-28,1.408751e-26,7.174556e-21,1.762593e-09,1.360839e-06,6.72434e-05,0.0007777209,0.003184895,0.00564799,0.004803103,0.002460471,0.001543341,0.00140266,0.001490841,0.001154649,0.0007604476,0.0003991813,0.0001675545,5.630378e-05,8.459987e-06,1.229508e-06,7.114201e-07,8.284688e-07,7.516415e-07,3.748519e-07,1.054695e-07,1.794591e-08,1.95532e-09,1.299123e-10,5.11211e-12,1.093793e-13,1.112578e-15,0
4.270814e-25,3.835937e-24,7.379409e-23,7.011858e-21,1.151582e-09,1.022263e-06,5.474931e-05,0.000671241,0.002880585,0.005336769,0.004731053,0.002519517,0.001607443,0.001505911,0.001746084,0.001499653,0.00112665,0.0006949475,0.0003501446,0.0001322363,2.303625e-05,6.246847e-06,3.985382e-06,3.353995e-06,2.342676e-06,9.877231e-07,2.412926e-07,3.680975e-08,3.675765e-09,2.282975e-10,8.507228e-12,1.749743e-13,1.733024e-15,0
2.464585e-20,1.303533e-19,4.581813e-19,1.130808e-18,7.452538e-10,7.461381e-07,4.391128e-05,0.0005674222,0.002549622,0.004938151,0.004572968,0.002512071,0.001622836,0.001578636,0.001943838,0.001837498,0.001558147,0.001118331,0.000660569,0.0003052653,7.703319e-05,2.969109e-05,1.74847e-05,1.157942e-05,6.602047e-06,2.408786e-06,5.172045e-07,7.132294e-08,6.56235e-09,3.820874e-10,1.349999e-11,2.669539e-13,2.573683e-15,0
1.458014e-12,5.055161e-12,1.916623e-12,7.702534e-16,3.950222e-10,5.227257e-07,3.261747e-05,0.000464067,0.002205077,0.004469915,0.004319545,0.002445065,0.00159671,0.001566076,0.0020973,0.002112188,0.001997893,0.001650666,0.001117163,0.0006668594,0.0002385366,0.0001096213,6.055202e-05,3.417492e-05,1.671796e-05,5.397196e-06,1.032296e-06,1.298925e-07,1.107637e-08,6.063108e-10,2.033352e-11,3.865391e-13,3.6256e-15,0
2.615436e-07,5.810182e-07,1.429947e-07,2.194175e-10,4.272524e-10,3.739976e-07,2.90263e-05,0.0003732367,0.001829529,0.003903104,0.003978186,0.002339524,0.001524097,0.001495629,0.002082398,0.002317155,0.002366364,0.002215665,0.001685746,0.001297731,0.0006065143,0.0003135845,0.0001688799,8.625945e-05,3.773108e-05,1.101294e-05,1.904879e-06,2.210099e-07,1.757413e-08,9.06752e-10,2.887981e-11,5.274196e-13,4.808106e-15,0
1.057981e-06,2.147456e-06,8.376166e-06,9.480854e-06,6.212937e-07,1.385941e-07,8.124999e-07,0.0002677833,0.00154512,0.003410995,0.003538289,0.002103788,0.00137437,0.001357229,0.001965223,0.002294291,0.002597882,0.002695587,0.002263926,0.002181403,0.001245387,0.0007104147,0.0003852709,0.0001862039,7.536486e-05,2.031543e-05,3.232004e-06,3.496693e-07,2.608515e-08,1.271113e-09,3.844035e-11,6.734046e-13,5.9568e-15,0
9.641223e-07,2.730177e-06,1.274294e-05,1.390555e-05,4.21421e-05,1.318994e-06,7.384322e-07,0.0001944113,0.001216015,0.002847616,0.003091824,0.001889192,0.001216638,0.001186104,0.001756917,0.002143806,0.002557175,0.002985559,0.002741409,0.003187804,0.002121911,0.001319138,0.0007344125,0.0003460721,0.0001331247,3.382997e-05,5.038773e-06,5.139676e-07,3.616372e-08,1.666231e-09,4.779254e-11,8.012695e-13,6.863891e-15,0
9.769625e-07,2.997931e-06,1.468703e-05,1.970389e-05,6.070895e-05,5.999535e-05,2.11518e-06,2.950458e-05,0.001043688,0.002425386,0.002627788,0.001588774,0.001016771,0.0009898863,0.001499791,0.001900991,0.002402276,0.003088225,0.003051896,0.004144211,0.003099132,0.002074357,0.001195743,0.0005598243,0.0002089347,5.100504e-05,7.235123e-06,7.029829e-07,4.686786e-08,2.042547e-09,5.546453e-11,8.873385e-13,7.337717e-15,0
7.788744e-07,1.796888e-06,9.278361e-06,2.513761e-05,0.0001054282,0.0001012846,4.47967e-05,2.221282e-05,0.0006887119,0.002164689,0.002213991,0.001326594,0.0008341376,0.0008057808,0.001242641,0.001633001,0.002179276,0.003018118,0.00320004,0.004922335,0.004019954,0.002858775,0.001707264,0.0008026159,0.0002952126,7.042032e-05,9.660029e-06,9.013366e-07,5.710477e-08,2.352417e-09,6.032259e-11,9.182043e-13,7.271929e-15,0
7.80223e-07,2.139219e-06,9.295752e-06,2.116693e-05,0.0001146283,0.0001249228,0.000150029,7.99731e-06,0.0004944477,0.001820053,0.001916633,0.001056621,0.0006828749,0.0006519865,0.001019875,0.001384248,0.001931068,0.002872819,0.003235469,0.005475027,0.004771526,0.003557353,0.002192177,0.001040925,0.0003821075,9.033088e-05,1.212251e-05,1.091703e-06,6.579484e-08,2.557817e-09,6.177905e-11,8.931635e-13,6.772371e-15,0
8.058665e-07,2.015148e-06,1.235625e-05,2.148967e-05,0.0001023458,0.0001262777,0.000269125,2.037074e-05,0.0003551556,0.001572319,0.001523005,0.0009946375,0.0005696515,0.0005330337,0.0008445745,0.001177156,0.001708322,0.00271022,0.003200502,0.005827735,0.00532039,0.00410751,0.002598004,0.001251455,0.0004634914,0.0001097394,1.450377e-05,1.262119e-06,7.228017e-08,2.644934e-09,6.016115e-11,8.199336e-13,5.931139e-15,0
7.866516e-07,1.824015e-06,1.232825e-05,2.156761e-05,0.00010639,0.0001029926,0.0003858031,6.523464e-05,0.0002091438,0.001443314,0.001163508,0.000963863,0.0004904841,0.0004466365,0.0007153854,0.001019516,0.001534935,0.002559198,0.003145862,0.0060276,0.005679176,0.004494228,0.002905999,0.001427422,0.000538209,0.0001283364,1.671826e-05,1.401875e-06,7.59831e-08,2.607824e-09,5.559467e-11,7.13979e-13,4.910053e-15,0
7.34357e-07,1.839695e-06,9.421517e-06,1.913231e-05,0.0001294758,7.548906e-05,0.0004418569,0.0001481679,0.0001930803,0.001155126,0.001018225,0.0009347053,0.0004370372,0.000387152,0.0006251981,0.0009082644,0.001409835,0.002437829,0.003088229,0.006137958,0.00588394,0.004740514,0.00313213,0.00157917,0.0006093408,0.0001462087,1.868497e-05,1.501092e-06,7.622054e-08,2.45904e-09,4.901225e-11,5.915423e-13,3.857405e-15,0
7.725745e-07,2.184933e-06,8.61645e-06,1.967568e-05,0.0001272932,7.842277e-05,0.0004401755,0.0002432536,0.0001731925,0.000972916,0.000898562,0.0009025739,0.00040203,0.0003483653,0.0005659592,0.0008346603,0.001324478,0.002347423,0.003033352,0.006129375,0.00597066,0.004890308,0.003312818,0.001723973,0.0006796501,0.0001628744,2.025057e-05,1.547421e-06,7.412945e-08,2.218403e-09,4.116914e-11,4.657531e-13,2.874067e-15,0
7.607815e-07,1.905089e-06,9.576035e-06,1.769858e-05,0.0001289906,8.085264e-05,0.0004336584,0.0003127721,0.0001620426,0.0008776676,0.0007938071,0.000872585,0.0003799307,0.0003243136,0.0005290289,0.0007876755,0.001266953,0.002276875,0.002971743,0.006069158,0.005986231,0.005001924,0.003492623,0.001877237,0.0007487744,0.0001770862,2.121995e-05,1.530016e-06,6.838079e-08,1.903502e-09,3.28516e-11,3.478245e-13,2.028301e-15,0
7.473989e-07,2.196618e-06,7.863729e-06,1.649279e-05,0.000136189,7.666633e-05,0.0004388463,0.0003455122,0.0001756408,0.0008142333,0.0007193491,0.0008500616,0.00036668,0.0003099476,0.0005061787,0.0007565161,0.001223374,0.0022114,0.002890856,0.005967019,0.005981373,0.005127183,0.003699034,0.002038164,0.0008091265,0.0001864922,2.11903e-05,1.440188e-06,5.980632e-08,1.544062e-09,2.47423e-11,2.448318e-13,1.347435e-15,0
7.615205e-07,1.988364e-06,1.041236e-05,1.797361e-05,0.000120675,8.117789e-05,0.0004551761,0.0003481359,0.0001875447,0.0007602824,0.0006795824,0.0008253112,0.0003587182,0.0003009024,0.0004899323,0.0007312021,0.001180404,0.002137602,0.002785176,0.00584497,0.005996052,0.005289666,0.003924446,0.002182547,0.0008474826,0.0001864211,2.015115e-05,1.277478e-06,4.911157e-08,1.172544e-09,1.740858e-11,1.606776e-13,8.327282e-16,0
7.693386e-07,1.546063e-06,1.300918e-05,1.754551e-05,0.0001099871,9.434427e-05,0.0004427744,0.00037176,0.0002054489,0.0007042708,0.0006576754,0.0008032221,0.0003524458,0.000293273,0.0004741311,0.0007039366,0.001129601,0.002050347,0.002664197,0.005739861,0.006057492,0.005478063,0.004128399,0.002271149,0.0008454366,0.0001776037,1.798816e-05,1.057057e-06,3.74768e-08,8.251497e-10,1.132027e-11,9.713954e-14,4.721269e-16,0
7.776399e-07,2.234006e-06,1.230894e-05,2.107656e-05,9.499158e-05,0.0001144013,0.0004067078,0.0004210054,0.00021049,0.0006691585,0.000636804,0.0007810483,0.0003451608,0.0002842886,0.0004555066,0.0006717892,0.001071327,0.001957373,0.002553254,0.00570009,0.006162004,0.005647094,0.004228891,0.002265298,0.00080594,0.0001588822,1.493068e-05,8.083348e-07,2.631721e-08,5.325149e-10,6.723567e-12,5.334506e-14,2.41385e-16,0
7.600059e-07,1.728101e-06,1.032383e-05,1.616277e-05,0.0001130682,0.0001139867,0.0004216626,0.0004423454,0.0001915356,0.0006632921,0.0005911306,0.0007654572,0.0003351692,0.0002725836,0.0004337245,0.0006362252,0.001012731,0.001875454,0.002492291,0.005720705,0.006270722,0.005703688,0.004209669,0.002173792,0.0007263705,0.000132684,1.145319e-05,5.67262e-07,1.686873e-08,3.12082e-10,3.603106e-12,2.619051e-14,1.089767e-16,0
7.025916e-07,2.137403e-06,4.255406e-06,4.025358e-05,6.827634e-05,0.0001795312,0.0003031907,0.0005824591,0.0001791836,0.0006492143,0.0005515922,0.0007406833,0.0003219519,0.0002583585,0.000410317,0.0006021945,0.0009692145,0.001840326,0.002492681,0.005811444,0.006337869,0.005680376,0.00406595,0.0019898,0.0006171225,0.0001032422,8.100861e-06,3.640596e-07,9.818918e-09,1.648225e-10,1.72223e-12,1.129595e-14,4.228972e-17,0
7.63763e-07,2.074846e-06,4.450962e-06,4.521638e-05,4.040316e-05,0.0002179967,0.0002630517,0.0006519294,0.0001875921,0.000617172,0.0005259545,0.0007061949,0.0003096812,0.0002441251,0.0003908289,0.0005842486,0.0009643224,0.001845976,0.002548528,0.00593853,0.006356342,0.005541707,0.003789068,0.001734037,0.0004937427,7.476185e-05,5.271898e-06,2.128572e-07,5.155925e-09,7.758745e-11,7.210768e-13,4.151801e-15,1.338713e-17,0
7.065652e-07,1.482535e-06,1.409873e-05,1.750383e-05,3.926562e-05,0.0002772432,0.0002090767,0.0007072655,0.000220075,0.0005795106,0.0004980211,0.0006844692,0.0003069445,0.0002368129,0.0003867953,0.0005843804,0.0009763205,0.001899395,0.002666354,0.006083663,0.006334394,0.005285186,0.003404346,0.001438101,0.000371589,5.029966e-05,3.147763e-06,1.127698e-07,2.417779e-09,3.195724e-11,2.556782e-13,1.216919e-15,3.018704e-18,0
7.175586e-07,1.436379e-06,1.455637e-05,1.530757e-05,3.816243e-05,0.0002837103,0.0001748348,0.0007614671,0.0002696452,0.000544011,0.000472388,0.000683733,0.0003087975,0.0002367917,0.0003893289,0.0006000952,0.001028213,0.002010215,0.002835484,0.006232298,0.006225296,0.004918238,0.002942354,0.001131428,0.0002618308,3.125149e-05,1.709528e-06,5.339043e-08,9.88592e-10,1.102867e-11,7.032998e-14,2.303741e-16,2.422043e-19,0
6.792696e-07,1.843908e-06,4.821135e-06,4.170435e-05,4.229898e-05,0.0002175499,0.0001848298,0.0008377398,0.0002796207,0.0005090908,0.0004623021,0.0006997913,0.0003238888,0.0002436888,0.0004060421,0.0006402967,0.001121056,0.002175812,0.003046068,0.006359819,0.006025345,0.004449883,0.002434844,0.000839162,0.000171237,1.772026e-05,8.29683e-07,2.192841e-08,3.33576e-10,2.843553e-12,1.083464e-14,1.274725e-17,8.179242e-21,0
6.552041e-07,2.328503e-06,4.99173e-06,3.905625e-05,5.768414e-05,0.0001683965,0.0002415531,0.0006882118,0.000487336,0.0005092072,0.0004622612,0.0007599481,0.0003562385,0.0002628513,0.0004420912,0.0007108076,0.001258452,0.002392592,0.00328887,0.006435377,0.005723455,0.003896161,0.001916735,0.0005814572,0.0001025721,8.988315e-06,3.479006e-07,7.315367e-09,8.025208e-11,3.31573e-13,4.485621e-16,3.98556e-19,2.051269e-22,0
6.188232e-07,1.956226e-06,4.100503e-06,2.664072e-05,7.909851e-05,0.0001852952,0.0002622326,0.0006498417,0.0004615843,0.0005117804,0.000474884,0.0008634075,0.0004061267,0.0002972746,0.0005030978,0.0008176843,0.001444688,0.002653496,0.003548736,0.006434982,0.005303835,0.003274449,0.001419237,0.0003703215,5.488013e-05,3.910537e-06,1.161469e-07,1.629488e-09,6.589666e-12,1.098641e-14,1.461371e-17,1.933749e-20,1.02484e-22,0
6.302834e-07,1.966663e-06,4.506365e-06,2.123214e-05,8.408846e-05,0.0001870157,0.0002596684,0.0006484133,0.000443325,0.0005282121,0.0005133211,0.001010862,0.0004728608,0.0003499618,0.00059615,0.0009683068,0.001683322,0.002947639,0.003805844,0.006315276,0.004765669,0.002617507,0.0009749841,0.000212043,2.519315e-05,1.339933e-06,2.424948e-08,9.723595e-11,2.3084e-13,5.282775e-16,1.830197e-18,1.682763e-20,6.007344e-23,0
6.165671e-07,2.090841e-06,4.055352e-06,2.581638e-05,7.531802e-05,0.0001822217,0.0002504263,0.0006558177,0.0003953869,0.0005747749,0.0005802301,0.001202134,0.0005547919,0.0004240772,0.000728655,0.001168994,0.001972928,0.003255964,0.004034477,0.006057734,0.00411596,0.001964173,0.0006088422,0.0001052068,9.147368e-06,2.794707e-07,1.376735e-09,5.020107e-12,1.970353e-14,1.310932e-16,1.72912e-18,9.729876e-21,4.681328e-23,0
6.424767e-07,2.403256e-06,4.745814e-06,3.228226e-05,5.764084e-05,0.0001685384,0.0002384449,0.0006867691,0.0003060082,0.0006628931,0.0006750107,0.001437,0.0006507713,0.0005232516,0.000907176,0.001422337,0.002303514,0.003549105,0.004198147,0.005631176,0.003373545,0.001357455,0.000334707,4.221492e-05,2.106519e-06,1.9142e-08,1.109749e-10,7.091628e-13,7.741295e-15,1.328355e-16,1.072056e-18,7.978583e-21,2.738636e-23,0
6.286253e-07,2.260002e-06,4.560871e-06,3.278569e-05,4.948134e-05,0.0001749628,0.0002451169,0.0006544376,0.0002254475,0.0007816273,0.0008162198,0.001705394,0.0007608933,0.0006512962,0.001134856,0.001722918,0.002652535,0.003786606,0.004245531,0.005010355,0.002578538,0.0008410352,0.0001537348,1.173059e-05,1.962504e-07,2.247376e-09,2.210771e-11,3.088118e-13,6.234204e-15,8.195815e-17,8.52642e-19,4.972061e-21,2.086831e-23,0
6.535046e-07,2.082045e-06,3.733411e-06,3.36215e-05,4.102305e-05,0.0001921975,0.0002615595,0.0005277034,0.0001928103,0.0009195119,0.001064705,0.001962188,0.0008860151,0.0008106781,0.001408346,0.002053571,0.002982128,0.00392374,0.004148858,0.004203035,0.00179842,0.000450301,5.384509e-05,1.676328e-06,3.080392e-08,5.522015e-10,9.652576e-12,2.348816e-13,4.378258e-15,6.009834e-17,5.584579e-19,3.712756e-21,1.276843e-23,0
6.971655e-07,1.76517e-06,4.966635e-06,2.329045e-05,4.835962e-05,0.0002175541,0.0002459089,0.0003852769,0.0001832399,0.001097337,0.001445291,0.002180726,0.00102753,0.001000128,0.001715245,0.00238557,0.003246021,0.00393439,0.003826474,0.003269928,0.001116759,0.0001986112,1.252568e-05,3.145918e-07,8.581333e-09,2.389602e-10,6.77031e-12,1.60957e-13,2.958692e-15,4.164329e-17,3.915078e-19,2.359293e-21,9.134665e-24,0
6.412866e-07,1.51864e-06,4.471094e-06,1.590461e-05,9.404474e-05,0.0001190487,0.0003065105,0.0002456875,0.0001691718,0.001427431,0.001863582,0.002377378,0.001186465,0.001213846,0.002031713,0.002680378,0.003396413,0.003759535,0.003316963,0.002320627,0.000602062,6.885376e-05,2.625358e-06,9.52389e-08,3.765564e-09,1.505188e-10,4.490878e-12,1.087722e-13,2.080728e-15,2.762063e-17,2.621344e-19,1.620549e-21,5.572025e-24,0
5.022094e-07,1.432176e-06,2.936757e-06,2.576677e-05,7.095998e-05,0.0001270147,0.0002550285,0.0001637667,0.0001360878,0.002010865,0.002203158,0.002568722,0.001362776,0.001441699,0.002324295,0.00289218,0.003407355,0.003405117,0.002661931,0.001478868,0.0002773267,1.984828e-05,8.723175e-07,4.373283e-08,2.198474e-09,9.342824e-11,2.880006e-12,7.225245e-14,1.34875e-15,1.876209e-17,1.690846e-19,1.022646e-21,3.712785e-24,0
5.874128e-07,1.825929e-06,3.775252e-06,3.221426e-05,4.19855e-05,0.0001302711,0.0001752913,8.756471e-05,0.0001190505,0.002750503,0.00247466,0.00275988,0.001550282,0.001667359,0.002556757,0.002983738,0.003234624,0.002900435,0.001949233,0.0008380776,0.000111961,6.626218e-06,4.120633e-07,2.461795e-08,1.239547e-09,5.357778e-11,1.794948e-12,4.659826e-14,8.93983e-16,1.183711e-17,1.102987e-19,6.490106e-22,2.225994e-24,0
6.491073e-07,1.9597e-06,3.894383e-06,2.998707e-05,3.150959e-05,0.0001229677,0.0001111767,2.174215e-05,0.0002349581,0.003283126,0.002872251,0.002940478,0.001738073,0.001868795,0.002696221,0.002956541,0.002899869,0.002298766,0.001288644,0.0004255212,4.436339e-05,3.149825e-06,2.233545e-07,1.270042e-08,6.10441e-10,2.968142e-11,1.105338e-12,2.966417e-14,5.635146e-16,7.60547e-18,6.682418e-20,3.976035e-22,1.368775e-24,0
5.72497e-07,1.832286e-06,3.657629e-06,2.769754e-05,2.722038e-05,9.607773e-05,3.574692e-05,1.474728e-05,0.0005806577,0.003431976,0.003493969,0.003062146,0.001912976,0.002022966,0.00272307,0.002760357,0.002446493,0.001677544,0.0007655344,0.0001991595,1.929385e-05,1.564591e-06,1.037016e-07,5.247743e-09,2.739897e-10,1.66158e-11,6.753068e-13,1.848708e-14,3.513341e-16,4.626353e-18,4.170136e-20,2.367582e-22,8.049266e-25,0
5.784921e-07,1.619375e-06,3.245724e-06,2.621187e-05,2.315833e-05,4.059983e-05,3.729484e-06,1.796795e-05,0.001004008,0.003444808,0.004197461,0.00309682,0.002053222,0.002106455,0.002637451,0.002443949,0.001929407,0.00111923,0.0004110656,8.861622e-05,8.471503e-06,6.276242e-07,3.479704e-08,1.684576e-09,1.281267e-10,9.545293e-12,4.092142e-13,1.13034e-14,2.140177e-16,2.782764e-18,2.391595e-20,1.384284e-22,4.560228e-25,0
6.185595e-07,1.403747e-06,3.447319e-06,1.580905e-05,1.231625e-05,5.064768e-06,9.579945e-07,9.936473e-05,0.001281365,0.003667883,0.004713949,0.003154391,0.002135279,0.002112867,0.002423545,0.002048542,0.001414218,0.0006815151,0.0002019813,3.68278e-05,3.025773e-06,1.581532e-07,6.555903e-09,5.063722e-10,6.767926e-11,5.569952e-12,2.454234e-13,6.801838e-15,1.268832e-16,1.645346e-18,1.424497e-20,7.853577e-23,2.629732e-25,0
4.950445e-07,8.072652e-07,1.960386e-06,3.317319e-06,2.110153e-06,9.044951e-08,8.947873e-07,0.0001907836,0.001508911,0.00408181,0.004982949,0.003213427,0.00213978,0.002027839,0.002129737,0.001615519,0.0009575544,0.0003784816,9.046646e-05,1.279032e-05,5.944007e-07,8.49671e-09,4.507099e-10,2.426162e-10,3.845306e-11,3.257991e-12,1.451876e-13,4.002261e-15,7.408625e-17,9.265594e-19,7.784875e-21,4.354554e-23,1.382331e-25,0
2.831096e-08,5.412314e-08,1.749824e-07,6.090589e-08,9.644837e-10,5.790325e-08,9.565545e-06,0.0002678088,0.001746837,0.004480877,0.005146282,0.003211354,0.002071809,0.001864467,0.001785083,0.001195047,0.0005981487,0.0001921127,3.560672e-05,2.849891e-06,4.209649e-08,1.034277e-09,4.014519e-10,1.426578e-10,2.219896e-11,1.896687e-12,8.458802e-14,2.313957e-15,4.215827e-17,5.324191e-19,4.412208e-21,2.371271e-23,7.779535e-26,0
0,1.193846e-31,9.944716e-27,4.935281e-18,1.1364e-10,1.431027e-07,1.71056e-05,0.000336125,0.002016281,0.0048457,0.005215034,0.003101587,0.001940155,0.00165426,0.001424197,0.000827806,0.0003451461,8.868612e-05,1.11811e-05,3.778536e-07,9.801112e-09,9.539795e-10,2.411714e-10,8.458746e-11,1.294092e-11,1.093885e-12,4.84921e-14,1.310804e-15,2.342e-17,2.823638e-19,2.31292e-21,1.243516e-23,3.823973e-26,0
0,2.262504e-30,7.059699e-26,7.604847e-18,1.636693e-10,2.416661e-07,2.305492e-05,0.0004093307,0.002291814,0.005147592,0.0052001,0.002929731,0.001771295,0.001415653,0.001081064,0.0005376097,0.0001845265,3.643749e-05,2.485706e-06,9.58704e-08,5.523395e-09,6.578099e-10,2.034514e-10,5.202691e-11,7.564361e-12,6.252541e-13,2.732513e-14,7.273871e-16,1.288335e-17,1.567914e-19,1.243801e-21,6.540945e-24,2.092815e-26,0
0,2.192211e-30,6.678191e-26,7.907647e-18,2.965379e-10,3.583524e-07,2.983522e-05,0.0004901084,0.002556968,0.005368182,0.005080798,0.002721647,0.001579125,0.001167594,0.0007805771,0.0003278804,9.128935e-05,1.286936e-05,6.025367e-07,3.78582e-08,3.457796e-09,3.748215e-10,1.028571e-10,2.905981e-11,4.258925e-12,3.498045e-13,1.514543e-14,3.971137e-16,6.80727e-18,7.939501e-20,6.30371e-22,3.239843e-24,9.697698e-27,0
0,7.058967e-29,4.884001e-25,8.984617e-18,5.262737e-10,5.216394e-07,3.833163e-05,0.0005779032,0.002804636,0.005503363,0.004884189,0.002488074,0.001374131,0.0009277448,0.0005363184,0.0001880501,4.153269e-05,3.964582e-06,2.159576e-07,2.172411e-08,2.483971e-09,3.522895e-10,9.675603e-11,2.135188e-11,2.617779e-12,1.985387e-13,8.292337e-15,2.127796e-16,3.639109e-18,4.233202e-20,3.227854e-22,1.667056e-24,5.176097e-27,0
6.761505e-35,6.617177e-29,4.643853e-25,8.998972e-18,9.401419e-10,7.542872e-07,4.879389e-05,0.0006723657,0.003031104,0.005552459,0.004626262,0.002237842,0.001166452,0.000709867,0.0003508107,0.0001014246,1.731482e-05,1.243266e-06,9.872327e-08,1.235433e-08,1.277342e-09,1.5475e-10,3.695511e-11,8.494896e-12,1.248429e-12,1.032831e-13,4.397452e-15,1.114174e-16,1.831749e-18,2.068567e-20,1.576847e-22,7.711788e-25,2.258845e-27,0
6.527686e-35,3.163523e-28,3.002871e-24,9.303096e-18,1.653892e-09,1.083421e-06,6.156494e-05,0.0007736068,0.003233243,0.005535705,0.00431797,0.001979749,0.0009651976,0.0005227321,0.0002184788,5.139234e-05,6.714006e-06,4.831624e-07,4.681908e-08,6.991033e-09,1.077186e-09,1.399783e-10,3.550501e-11,7.822092e-12,9.549271e-13,6.273227e-14,2.400561e-15,5.852608e-17,9.574919e-19,1.061513e-20,7.842008e-23,3.98195e-25,1.193214e-27,0
6.951299e-33,1.305227e-27,3.107796e-24,8.5373e-18,2.823566e-09,1.54853e-06,7.714739e-05,0.0008816857,0.00340783,0.005430074,0.00397135,0.001721765,0.0007777093,0.0003701422,0.000129477,2.44669e-05,2.515421e-06,2.061198e-07,2.062894e-08,3.665821e-09,4.595609e-10,5.431133e-11,1.146555e-11,2.248123e-12,2.995175e-13,2.619276e-14,1.159203e-15,2.881997e-17,4.56806e-19,4.972139e-21,3.596082e-23,1.671165e-25,4.818524e-28,0
1.16201e-32,1.355442e-27,1.76789e-23,8.532236e-18,5.120652e-09,2.209837e-06,9.614706e-05,0.0009962581,0.003551352,0.005256352,0.003599267,0.001470796,0.0006094874,0.0002518359,7.29797e-05,1.098655e-05,9.37532e-07,7.738544e-08,8.791423e-09,2.531281e-09,4.157067e-10,5.54125e-11,1.222241e-11,2.336436e-12,2.946389e-13,2.036452e-14,6.848158e-16,1.540497e-17,2.380819e-19,2.524752e-21,1.821461e-23,9.044747e-26,2.604403e-28,0
1.71518e-31,2.46487e-26,1.752765e-23,7.112362e-18,8.986477e-09,3.147701e-06,0.0001192496,0.001116474,0.00365925,0.005022442,0.003213056,0.001232722,0.0004639516,0.0001644776,3.909922e-05,4.678779e-06,3.405941e-07,2.496701e-08,4.075947e-09,1.187165e-09,1.559051e-10,1.897591e-11,3.398699e-12,5.959757e-13,7.231624e-14,6.123156e-15,2.65065e-16,6.742391e-18,1.042551e-19,1.083112e-21,7.354015e-24,3.263563e-26,9.311386e-29,0
7.367183e-31,2.32101e-26,9.518851e-23,7.200888e-18,1.573966e-08,4.477149e-06,0.0001472469,0.001240883,0.003726929,0.004732648,0.002822845,0.001012319,0.0003425369,0.0001030106,1.990135e-05,1.894243e-06,1.156814e-07,8.998294e-09,2.65879e-09,1.100785e-09,1.504282e-10,1.842449e-11,3.77048e-12,6.153434e-13,6.820128e-14,4.770696e-15,1.958117e-16,3.995212e-18,5.749062e-20,5.870252e-22,4.136051e-24,1.980781e-26,5.484235e-29,0
4.672918e-30,3.567188e-25,9.788641e-23,5.707755e-18,2.810673e-08,6.368897e-06,0.000181075,0.001367404,0.003749008,0.004393628,0.002437562,0.0008130748,0.0002448756,6.179891e-05,9.620631e-06,7.274306e-07,3.776713e-08,4.529276e-09,1.395723e-09,4.064988e-10,5.090526e-11,6.166202e-12,1.102047e-12,1.552185e-13,1.689181e-14,1.246648e-15,4.895604e-17,1.348397e-18,2.095608e-20,2.058483e-22,1.31073e-24,5.64235e-27,1.586104e-29,0
2.706199e-29,6.93598e-25,5.528507e-22,5.700849e-18,4.684189e-08,9.072327e-06,0.0002218723,0.001493529,0.003730968,0.004012879,0.002065063,0.0006372134,0.0001691474,3.546399e-05,4.413443e-06,2.649479e-07,1.393193e-08,2.991213e-09,1.230417e-09,4.152075e-10,4.979867e-11,5.626533e-12,9.231693e-13,1.522498e-13,1.49375e-14,1.007172e-15,4.884287e-17,1.043938e-18,1.416839e-20,1.388705e-22,9.448317e-25,4.278483e-27,1.142031e-29,0
2.162709e-28,2.390496e-24,5.723024e-22,4.640492e-18,8.957883e-08,1.304826e-05,0.0002711784,0.001616168,0.003648962,0.003598337,0.001711784,0.0004856704,0.0001125525,1.942153e-05,1.917543e-06,9.301816e-08,6.393618e-09,1.596157e-09,5.294393e-10,1.465094e-10,1.595848e-11,1.852576e-12,2.525794e-13,3.740511e-14,3.834095e-15,2.115995e-16,1.009673e-17,2.191911e-19,3.422421e-21,3.039526e-23,1.975994e-25,9.052482e-28,2.204073e-30,0
1.504004e-27,9.067955e-24,3.359987e-21,4.694211e-18,1.708439e-07,1.888458e-05,0.0003305005,0.001730624,0.003512541,0.003159793,0.001383394,0.0003584684,7.18606e-05,1.011457e-05,7.867916e-07,3.287331e-08,3.577997e-09,1.367796e-09,5.009789e-10,1.344802e-10,1.516211e-11,1.598417e-12,2.888431e-13,3.596222e-14,3.148401e-15,2.46717e-16,7.991675e-18,2.188671e-19,2.942719e-21,2.969904e-23,1.710032e-25,6.960155e-28,2.161865e-30,0
4.190226e-27,1.697876e-23,3.189864e-21,4.293958e-18,3.049146e-07,2.72802e-05,0.0004005208,0.001829688,0.003319086,0.002707881,0.001085271,0.000254903,4.379282e-05,4.981535e-06,3.036153e-07,1.234175e-08,1.873213e-09,6.128081e-10,1.93418e-10,4.648966e-11,4.723817e-12,5.138997e-13,6.441573e-14,8.562817e-15,8.015246e-16,4.220231e-17,1.818291e-18,3.617068e-20,5.098006e-22,5.023477e-24,2.908413e-26,1.417816e-28,3.111484e-31,0
5.89397e-26,1.051863e-22,2.143196e-20,4.555735e-18,5.741411e-07,3.963887e-05,0.0004819975,0.001903844,0.003065116,0.002253948,0.0008218346,0.0001734925,2.529594e-05,2.300427e-06,1.095322e-07,5.291295e-09,1.422274e-09,5.694336e-10,1.861278e-10,4.317215e-11,4.31055e-12,4.272379e-13,7.170605e-14,8.05619e-15,6.366161e-16,4.45357e-17,1.412699e-18,3.725548e-20,5.043826e-22,3.76186e-24,2.568921e-26,9.325743e-29,2.839336e-31,0
2.216693e-25,2.237441e-22,2.051386e-20,5.517217e-18,1.12456e-06,5.826994e-05,0.0005752791,0.001939753,0.002750308,0.00180996,0.0005960967,0.0001120278,1.371269e-05,9.827393e-07,3.691208e-08,2.480645e-09,6.514632e-10,2.321791e-10,6.492602e-11,1.411175e-11,1.305446e-12,1.126148e-13,1.576567e-14,1.867367e-15,1.5921e-16,8.334918e-18,3.19258e-19,6.078892e-21,7.756842e-23,7.721627e-25,4.311956e-27,1.500127e-29,4.133429e-32,0
1.761633e-24,8.844011e-22,1.181753e-19,6.220113e-18,2.379341e-06,8.656472e-05,0.0006778275,0.001934439,0.002378223,0.001388889,0.0004096186,6.776652e-05,6.871152e-06,3.79827e-07,1.176057e-08,1.567287e-09,6.361592e-10,2.143771e-10,6.517491e-11,1.260238e-11,1.150683e-12,1.292589e-13,1.671283e-14,1.716682e-15,1.232664e-16,7.700621e-18,2.30197e-19,5.736624e-21,7.502101e-23,5.217936e-25,3.49804e-27,1.705998e-29,4.040417e-32,0
1.199751e-23,2.830154e-21,1.45027e-19,8.41342e-18,5.277644e-06,0.000128914,0.0007817664,0.001849178,0.001957892,0.00100479,0.0002624245,3.766087e-05,3.101539e-06,1.272355e-07,4.012497e-09,7.663948e-10,2.41829e-10,7.979276e-11,1.964303e-11,4.025714e-12,3.409328e-13,2.760998e-14,3.685315e-15,3.910214e-16,3.011104e-17,1.50898e-18,4.264942e-20,9.851712e-22,1.224449e-23,8.470808e-26,6.286828e-28,2.133629e-30,5.189141e-33,0
9.755289e-23,1.127354e-20,4.708413e-19,2.748263e-17,1.188246e-05,0.0001893527,0.0008688907,0.00167811,0.001509866,0.000671791,0.0001529241,1.861912e-05,1.200992e-06,3.379172e-08,1.586261e-09,6.796518e-10,2.438652e-10,7.803905e-11,2.161565e-11,3.409866e-12,2.896302e-13,3.10408e-14,3.676538e-15,3.463916e-16,2.282077e-17,1.290798e-18,4.825927e-20,8.418111e-22,1.013445e-23,9.859695e-26,4.428456e-28,2.073771e-30,4.968532e-33,0
8.065755e-22,4.318158e-20,9.911095e-19,5.895991e-11,2.773101e-05,0.0002687794,0.0009108803,0.001415369,0.001062095,0.0004022342,7.785522e-05,7.722119e-06,3.575196e-07,5.539649e-09,1.032877e-09,2.831695e-10,8.657317e-11,2.660678e-11,5.753959e-12,9.019166e-13,8.389985e-14,6.496059e-15,8.129437e-16,7.959426e-17,5.429729e-18,2.555194e-19,7.080674e-21,1.49312e-22,1.832844e-24,1.192592e-26,8.307945e-29,2.943347e-31,7.220127e-34,0
8.462823e-21,1.565311e-19,9.125647e-18,2.316546e-06,6.490705e-05,0.0003540659,0.0008843078,0.001061894,0.0006504947,0.0002041392,3.210161e-05,2.356614e-06,5.906705e-08,7.764736e-10,4.694909e-10,2.669644e-10,8.964995e-11,2.545042e-11,6.36393e-12,1.037596e-12,6.872385e-14,7.032043e-15,7.6563e-16,6.662618e-17,4.044453e-18,2.086598e-19,7.146766e-21,1.169945e-22,1.29926e-24,1.252919e-26,5.119682e-29,2.412643e-31,5.413091e-34,0
3.365112e-19,7.190566e-16,1.491267e-10,1.628129e-05,0.0001247969,0.0003963189,0.0007029798,0.0006456235,0.0003126487,7.688352e-05,8.706521e-06,3.375282e-07,3.748692e-09,3.741229e-10,4.369308e-10,1.021394e-10,2.905163e-11,8.299681e-12,1.593004e-12,2.262382e-13,1.622061e-14,1.4681e-15,1.735065e-16,1.501456e-17,9.385092e-19,4.180365e-20,1.116976e-21,2.195983e-23,2.448671e-25,1.580073e-27,8.089684e-30,3.634127e-32,6.569201e-35,0
1.870616e-11,1.330249e-10,9.219088e-06,5.595559e-05,0.0001636246,0.0003352527,0.0003795954,0.0002442453,8.260408e-05,1.236293e-05,5.668002e-07,6.796946e-09,8.202272e-11,3.213568e-10,1.659089e-10,1.018789e-10,3.110951e-11,7.775426e-12,1.747892e-12,2.497126e-13,1.903154e-14,1.513041e-15,1.521575e-16,1.221312e-17,6.809112e-19,3.257409e-20,1.019632e-21,1.551134e-23,1.572762e-25,1.512933e-27,8.497101e-30,2.684645e-32,3.722054e-35,0
2.768439e-06,9.626662e-06,3.807203e-05,4.279359e-05,0.0001037681,0.0001083882,6.306687e-05,1.758203e-05,1.244767e-06,8.08919e-09,1.07316e-11,7.275085e-12,1.112311e-10,1.21161e-10,1.651859e-10,3.447529e-11,8.934935e-12,2.416388e-12,4.178975e-13,5.418967e-14,3.63969e-15,3.151319e-16,3.483196e-17,2.738297e-18,1.192257e-19,6.354546e-21,1.638028e-22,2.96895e-24,2.333926e-26,1.984209e-28,1.097675e-30,4.405788e-33,0,0
1.729867e-06,2.286422e-06,4.515352e-06,4.734513e-06,7.276579e-06,2.128462e-06,3.268663e-12,6.836701e-12,1.854423e-13,2.197871e-12,7.545077e-12,7.670624e-12,6.272533e-11,1.219908e-10,5.462314e-11,3.458134e-11,9.93754e-12,2.191333e-12,4.452241e-13,5.650255e-14,4.055678e-15,3.097566e-16,2.882909e-17,2.140778e-18,1.495018e-19,4.909865e-21,1.40961e-22,1.960993e-24,2.784798e-26,1.741685e-28,8.99525e-31,2.917894e-33,0,0
2.315011e-09,4.085004e-15,9.292226e-15,2.90794e-14,8.796399e-14,2.438316e-13,8.998333e-13,8.287006e-12,4.837335e-11,9.307176e-12,3.93259e-12,5.476765e-12,3.094944e-11,3.871478e-11,5.506801e-11,1.077954e-11,2.981621e-12,6.70462e-13,1.066139e-13,1.26303e-14,8.152016e-16,6.681328e-17,6.933039e-18,4.988263e-19,1.977485e-20,9.840412e-22,2.372045e-23,2.953906e-25,3.210874e-27,2.550227e-29,1.340518e-31,4.763887e-34,0,0
3.468936e-15,1.013061e-15,1.605346e-14,3.724858e-14,9.865881e-14,2.873713e-13,7.959942e-13,1.891091e-12,5.327996e-12,3.676148e-12,3.852086e-12,5.444745e-12,2.778173e-11,3.767177e-11,1.635087e-11,1.057532e-11,2.53604e-12,5.843961e-13,1.077643e-13,1.238496e-14,8.42763e-16,6.210833e-17,5.373275e-18,3.694049e-19,2.407512e-20,7.323189e-22,1.922776e-23,3.631301e-25,3.250929e-27,1.962756e-29,9.480536e-32,2.953238e-34,0,0
4.784323e-17,3.134253e-15,1.008371e-15,1.397237e-14,2.381008e-14,7.839507e-14,3.621597e-13,1.786045e-12,5.997653e-12,1.458022e-12,1.273641e-12,2.518889e-12,8.98548e-12,1.145481e-11,1.665785e-11,3.171348e-12,7.043702e-13,1.78321e-13,2.649484e-14,2.881685e-15,1.792134e-16,1.397492e-17,1.061625e-18,6.889891e-20,3.256589e-21,1.508754e-22,3.482432e-24,4.236595e-26,4.415176e-28,3.252578e-30,1.629647e-32,2.915296e-36,0,0
9.387221e-16,1.066517e-16,2.686435e-15,6.754862e-15,2.412929e-14,5.729893e-14,1.362817e-13,2.744283e-13,5.38023e-13,9.420027e-13,1.377419e-12,2.310642e-12,7.788058e-12,1.067534e-11,4.667781e-12,2.98159e-12,8.238987e-13,1.48482e-13,2.499976e-14,2.643885e-15,1.721389e-16,1.229433e-17,1.28422e-18,8.372086e-20,3.83268e-21,1.082872e-22,2.619307e-24,4.475156e-26,3.800458e-28,2.229307e-30,1.007042e-32,2.071908e-35,0,0
2.761969e-17,3.958215e-21,1.267339e-15,2.711099e-16,5.680773e-15,1.265481e-14,5.362713e-14,1.890097e-13,4.459158e-13,2.251605e-13,3.82081e-13,8.334685e-13,2.442573e-12,3.270529e-12,4.617476e-12,9.0225e-13,1.897585e-13,3.835171e-14,6.441819e-15,6.471774e-16,3.88905e-17,2.860552e-18,2.106293e-19,1.244981e-20,5.321574e-22,2.28733e-23,4.974048e-25,6.160168e-27,5.704731e-29,3.841902e-31,1.294139e-33,0,0,0
1.447958e-22,3.681509e-16,4.448621e-16,7.741212e-16,3.580057e-15,1.062186e-14,2.042917e-14,4.506556e-14,9.918794e-14,2.367751e-13,3.888898e-13,8.550361e-13,2.103813e-12,2.935771e-12,1.490314e-12,8.076494e-13,2.20647e-13,4.422329e-14,5.641948e-15,5.537604e-16,3.469947e-17,2.390499e-18,2.303646e-19,1.398553e-20,6.030811e-22,1.574396e-23,3.491043e-25,5.499846e-27,4.390474e-29,2.460054e-31,1.682947e-33,0,0,0
2.094207e-17,2.215321e-16,3.994935e-16,6.677847e-16,3.264011e-15,6.276511e-15,1.754983e-14,4.543173e-14,9.740547e-14,1.592352e-13,1.721381e-13,3.47884e-13,8.738616e-13,1.181036e-12,1.374918e-12,2.913019e-13,5.655959e-14,1.054292e-14,1.593555e-15,1.469337e-16,8.518128e-18,5.914059e-19,4.256824e-20,2.299438e-21,8.749367e-23,2.669057e-24,5.251039e-26,8.503491e-28,7.503519e-30,3.362314e-32,1.271931e-34,0,0,0
1.95818e-17,2.237176e-16,1.790545e-16,6.562029e-16,1.978831e-15,6.182528e-15,9.610342e-15,2.08978e-14,4.018336e-14,8.194751e-14,1.710587e-13,3.358936e-13,9.060782e-13,1.130777e-12,4.881596e-13,2.535786e-13,6.359446e-14,1.146967e-14,1.314908e-15,1.184572e-16,7.082832e-18,4.684793e-19,4.131309e-20,2.333682e-21,9.434618e-23,3.194695e-24,6.748331e-26,6.656932e-28,5.077561e-30,4.22773e-32,1.581639e-34,0,0,0
1.078511e-17,1.167409e-16,1.798356e-16,3.147364e-16,1.483061e-15,3.727403e-15,9.800541e-15,1.988686e-14,3.92182e-14,7.731766e-14,6.775572e-14,1.422535e-13,3.577151e-13,4.243195e-13,5.023948e-13,8.235291e-14,1.648698e-14,2.827117e-15,3.204323e-16,2.682952e-17,1.849159e-18,9.542123e-20,8.35375e-21,4.104496e-22,1.429648e-23,4.220673e-25,7.872462e-27,1.20777e-28,9.424699e-31,4.325182e-33,0,0,0,0
1.128634e-17,8.478711e-17,1.650014e-16,3.247627e-16,1.354002e-15,3.250961e-15,4.6159e-15,9.748182e-15,1.725309e-14,3.120892e-14,6.997805e-14,1.298642e-13,3.398705e-13,4.30666e-13,1.735803e-13,8.957462e-14,1.833886e-14,2.965182e-15,3.716443e-16,3.148674e-17,1.435337e-18,1.168899e-19,7.347351e-21,3.860231e-22,1.461898e-23,4.566078e-25,8.808304e-27,7.98413e-29,5.75574e-31,4.591331e-33,0,0,0,0
4.766591e-18,5.118637e-17,1.017201e-16,1.434663e-16,6.792606e-16,1.753856e-15,4.666458e-15,9.177164e-15,1.666394e-14,3.256474e-14,2.507396e-14,5.088426e-14,1.268647e-13,1.571266e-13,1.639641e-13,2.664644e-14,4.775379e-15,7.492853e-16,7.91363e-17,6.184274e-18,3.22385e-19,1.978496e-20,1.623073e-21,7.298259e-23,2.37468e-24,6.752964e-26,1.222231e-27,1.211541e-29,9.038324e-32,5.368208e-34,0,0,0,0
5.147261e-18,3.757345e-17,1.008349e-16,1.352886e-16,6.916089e-16,1.669823e-15,2.223748e-15,4.138051e-15,7.258579e-15,1.194681e-14,2.468269e-14,5.370613e-14,1.386178e-13,1.500933e-13,5.950923e-14,2.666548e-14,5.151543e-15,7.527871e-16,8.394132e-17,6.591952e-18,3.652922e-19,2.229493e-20,1.296977e-21,6.323992e-23,2.251176e-24,6.485185e-26,1.149482e-27,1.433427e-29,9.908991e-32,4.751181e-34,0,0,0,0
3.34874e-18,1.580865e-17,5.131909e-17,6.097466e-17,3.212396e-16,7.530739e-16,2.170182e-15,4.388133e-15,6.676144e-15,1.172738e-14,8.739561e-15,1.970836e-14,4.862934e-14,5.548915e-14,5.194768e-14,8.345564e-15,1.368728e-15,1.960784e-16,1.93232e-17,1.413917e-18,7.178956e-20,4.150222e-21,3.078476e-22,1.289877e-23,3.850887e-25,1.04839e-26,1.805045e-28,1.749418e-30,1.278937e-32,3.379335e-35,0,0,0,0
2.032926e-18,1.489883e-17,4.836846e-17,6.463468e-17,3.240713e-16,7.02306e-16,1.025643e-15,1.831239e-15,2.691199e-15,4.401281e-15,7.914661e-15,1.926354e-14,4.861112e-14,5.106056e-14,1.751798e-14,7.787391e-15,1.407477e-15,1.871164e-16,1.864881e-17,1.366424e-18,7.262821e-20,4.219381e-21,2.264399e-22,1.033787e-23,3.444482e-25,9.139246e-27,1.481005e-28,1.685737e-30,1.117592e-32,2.065548e-35,0,0,0,0
1.913345e-18,5.17307e-18,2.122443e-17,3.388614e-17,1.474048e-16,2.990711e-16,9.711216e-16,1.847227e-15,2.879512e-15,3.991381e-15,2.531686e-15,7.394772e-15,1.800994e-14,1.902592e-14,1.811454e-14,2.521441e-15,3.858431e-16,5.058896e-17,4.631003e-18,3.189268e-19,1.561641e-20,8.503407e-22,4.542941e-23,2.213043e-24,6.172522e-26,1.602306e-27,2.721245e-29,2.544299e-31,1.660137e-33,0,0,0,0,0
9.158298e-19,5.020604e-18,2.215805e-17,2.763303e-17,1.429526e-16,3.23548e-16,4.144888e-16,7.767796e-16,1.090086e-15,1.363904e-15,2.797167e-15,6.717083e-15,1.6619e-14,1.676683e-14,5.858744e-15,2.232791e-15,3.753969e-16,4.568894e-17,4.09864e-18,2.81386e-19,1.432015e-20,7.903607e-22,5.153618e-23,1.663847e-24,5.201558e-26,1.273699e-27,1.903873e-29,1.977546e-31,1.226638e-33,0,0,0,0,0
9.502829e-19,1.920734e-18,8.88156e-18,2.282134e-17,6.516545e-17,1.308419e-16,4.494252e-16,7.395205e-16,1.084935e-15,1.511764e-15,8.356698e-16,2.388448e-15,5.670915e-15,5.58341e-15,5.265349e-15,6.308723e-16,1.067857e-16,1.280589e-17,1.082927e-18,7.05801e-20,3.350006e-21,1.717806e-22,8.868106e-24,2.878337e-25,1.001381e-26,2.462532e-28,2.843452e-30,3.587141e-32,1.936836e-34,0,0,0,0,0
7.429957e-20,1.827199e-18,8.599996e-18,2.718945e-18,6.006849e-17,1.322624e-16,2.13672e-17,3.36389e-17,6.433886e-17,6.709997e-17,8.383019e-16,2.572651e-15,6.25477e-15,6.065253e-15,2.093847e-16,7.329946e-16,9.656058e-17,1.074487e-17,8.712491e-19,5.594104e-20,2.729525e-21,1.418714e-22,8.452932e-24,3.506521e-25,7.468669e-27,1.684181e-28,3.451804e-30,2.21075e-32,1.181453e-34,0,0,0,0,0
0,0,0,0,0,0,0,0,0,0,0,0,0,0,0,0,0,0,0,0,0,0,0,0,0,0,0,0,0,0,0,0,0,0
