0,0,0,0,0,0,0,0,0,0,0,0,0,0,0,0,0,0,0,0,0,0,0,0,0,0,0,0,0,0,0,0,0,0
0,0,0,0,0,0,0,0,0,0,0,0,0,0,0,0,0,0,0,0,0,0,0,0,0,0,0,0,0,0,0,0,0,0
0,0,0,0,0,0,0,0,0,0,0,0,0,0,0,0,0,0,0,0,0,0,0,0,0,0,0,0,0,0,0,0,0,0
0,0,0,0,0,0,0,0,0,0,0,0,0,0,0,0,0,0,0,0,0,0,0,0,0,0,0,0,0,0,0,0,0,0
0,0,0,0,0,0,0,0,0,0,0,0,0,0,0,0,0,0,0,0,0,0,0,0,0,0,0,0,0,0,0,0,0,0
0,0,0,0,0,0,0,0,0,0,0,0,0,0,0,0,0,0,0,0,0,0,0,0,0,0,0,0,0,0,0,0,0,0
0,0,0,0,0,0,0,0,0,0,0,0,0,0,0,0,0,0,0,0,0,0,0,0,0,0,0,0,0,0,0,0,0,0
0,0,0,0,0,0,0,0,0,0,0,0,0,0,0,0,0,0,0,0,0,0,0,0,0,0,0,0,0,0,0,0,0,0
0,0,0,0,0,0,0,0,0,0,0,0,0,0,0,0,0,0,0,0,0,0,0,0,0,0,0,0,0,0,0,0,0,0
9.20876e-12,5.150663e-11,1.970457e-10,7.620588e-10,2.324117e-09,5.834997e-09,6.099274e-11,1.556013e-14,1.718401e-14,0,0,0,0,0,0,0,0,0,0,0,0,0,0,0,0,0,0,0,0,0,0,0,0,0
1.357774e-06,4.684187e-06,1.248316e-05,2.856222e-05,5.719606e-05,8.688329e-05,1.379651e-05,8.0243e-08,5.559253e-08,1.000476e-13,0,0,0,0,0,0,0,0,0,0,0,0,0,0,0,0,0,0,0,0,0,0,0,0
-7.201762e-08,-1.156033e-07,8.698329e-07,7.816103e-06,3.663857e-05,0.0001311985,0.0003315363,0.00051178,0.0002613138,2.138496e-07,1.906372e-13,6.309964e-14,4.189344e-13,5.241666e-14,0,0,0,0,0,0,0,0,0,0,0,0,0,0,0,0,0,0,0,0
5.73879e-19,5.529807e-18,1.280538e-17,-1.998916e-07,1.846999e-06,3.379966e-05,0.0002327629,0.0008283214,0.001426841,0.0005925598,2.432278e-07,2.894912e-11,2.803731e-12,-2.386196e-15,0,0,0,0,0,0,0,0,0,0,0,0,0,0,0,0,0,0,0,0
2.389063e-18,-2.61708e-19,4.805784e-18,2.368876e-17,2.869345e-16,-7.795493e-07,5.388354e-05,0.0006126637,0.002154123,0.002215113,0.0003469172,3.872506e-08,2.927389e-12,5.960992e-16,0,0,0,0,0,0,0,0,0,0,0,0,0,0,0,0,0,0,0,0
1.59449e-19,2.133283e-19,3.665772e-18,4.961255e-15,3.776754e-13,6.729571e-13,-9.023974e-07,0.0002926788,0.00208074,0.003566201,0.001377909,3.809308e-07,7.963026e-11,1.740984e-14,0,0,0,0,0,0,0,0,0,0,0,0,0,0,0,0,0,0,0,0
3.868691e-16,1.536928e-20,3.239554e-19,-6.990196e-17,8.542636e-14,7.911335e-13,6.049591e-13,-9.82915e-06,0.001940156,0.004276385,0.002202308,1.219014e-06,2.34723e-10,4.483295e-14,0,0,0,0,0,0,0,0,0,0,0,0,0,0,0,0,0,0,0,0
5.203643e-16,-1.542551e-21,-1.643061e-19,-7.176774e-16,1.019505e-13,4.937116e-13,1.03367e-12,5.371975e-13,0.001675448,0.004704162,0.002778717,0.0001090956,4.876007e-08,1.513118e-11,4.587268e-15,0,0,0,0,0,0,0,0,0,0,0,0,0,0,0,0,0,0,0
2.214878e-16,1.079435e-17,-1.926037e-21,6.459413e-20,2.12241e-14,4.816696e-13,1.044185e-12,1.293915e-12,0.001447375,0.005020346,0.003338646,0.0002393919,1.320262e-07,5.329534e-11,1.976038e-14,0,0,0,0,0,0,0,0,0,0,0,0,0,0,0,0,0,0,0
2.053633e-16,1.304041e-17,9.610518e-21,2.537737e-15,2.45434e-14,2.214642e-13,9.63742e-13,1.342641e-12,0.001109219,0.005297055,0.003978862,0.000392349,2.59977e-07,1.251494e-10,5.525238e-14,0,0,0,0,0,0,0,0,0,0,0,0,0,0,0,0,0,0,0
2.344244e-16,8.824838e-18,1.264781e-20,-1.427008e-16,3.186922e-15,2.136183e-13,9.678211e-13,1.75242e-12,0.001093932,0.005308954,0.004544813,0.0005950732,4.654712e-07,2.573169e-10,1.28968e-13,0,0,0,0,0,0,0,0,0,0,0,0,0,0,0,0,0,0,0
2.67622e-16,1.079193e-17,6.466747e-16,3.077683e-20,2.432721e-17,7.629495e-14,6.675309e-13,1.764387e-12,0.0005673848,0.005628842,0.005179562,0.0008756568,7.959719e-07,5.091007e-10,3.245309e-13,2.87277e-14,0,0,1.512384e-14,1.052955e-14,1.064085e-14,2.371478e-15,0,0,0,0,0,0,0,0,0,0,0,0
1.410954e-16,9.148723e-18,-3.636038e-17,3.260895e-20,-2.385411e-16,6.720172e-14,6.80312e-13,1.859316e-12,7.348692e-05,0.005790947,0.00584232,0.001220047,1.252991e-06,9.181564e-10,1.185119e-11,2.989499e-13,0,5.489738e-16,1.434554e-13,1.123374e-13,9.496401e-14,4.1903e-14,1.243095e-14,7.694465e-15,6.301403e-15,2.390575e-15,0,1.104556e-15,1.162896e-15,0,0,0,0,0
3.646208e-16,1.371659e-17,6.568684e-16,2.654583e-20,1.148816e-19,1.273555e-14,3.884815e-13,1.647443e-12,5.728337e-13,0.005689727,0.006504141,0.00162138,1.868088e-06,1.556958e-09,1.354082e-11,5.316517e-13,4.41078e-14,1.553851e-14,6.815323e-13,6.306413e-13,5.089626e-13,2.376432e-13,7.34138e-14,3.90778e-14,3.173929e-14,1.898925e-14,9.414053e-15,1.133456e-14,1.059884e-14,4.030792e-15,0,0,0,0
1.318143e-16,2.346132e-17,-3.693707e-17,2.987022e-20,1.206585e-19,9.641864e-15,3.954654e-13,1.636607e-12,3.269642e-12,0.005379955,0.007157084,0.002065123,2.601379e-06,2.449552e-09,1.084047e-10,1.254311e-11,7.911664e-13,1.667922e-13,2.02045e-12,2.800057e-12,2.268811e-12,1.079803e-12,3.599008e-13,1.274293e-13,9.895333e-14,6.724693e-14,3.872529e-14,3.861871e-14,3.515773e-14,1.701907e-14,2.699114e-15,0,0,0
2.33142e-17,1.558485e-17,8.040907e-16,2.912625e-20,1.394619e-19,2.47705e-15,1.825548e-13,1.2187e-12,3.20611e-12,0.005004116,0.007793125,0.002591881,4.58656e-06,5.759136e-09,1.239933e-10,1.306739e-11,1.32683e-12,2.352231e-12,7.289883e-12,1.053355e-11,6.841177e-12,2.492229e-12,9.903213e-13,4.358945e-13,2.787065e-13,2.07777e-13,1.278987e-13,1.17745e-13,1.055057e-13,5.514237e-14,1.537425e-14,0,0,0
-7.129242e-19,1.662281e-17,8.579939e-16,3.944988e-20,1.138817e-19,2.163643e-15,1.908735e-13,1.201542e-12,3.954665e-12,0.004601034,0.008388838,0.003042112,0.0001106472,1.393861e-06,7.410669e-09,1.405429e-10,8.679764e-12,1.201827e-11,3.079254e-11,3.072151e-11,1.659277e-11,5.538837e-12,1.628785e-12,1.000454e-12,7.17872e-13,5.59869e-13,3.912863e-13,3.416355e-13,3.089328e-13,1.830994e-13,6.664422e-14,7.430677e-15,0,0
2.084936e-18,1.838182e-17,6.526486e-16,2.973309e-20,1.36667e-19,7.018967e-16,5.016724e-14,8.051637e-13,4.619747e-12,0.004191438,0.008933356,0.003512076,0.0002605905,8.214234e-06,1.431853e-07,2.740997e-09,9.393375e-11,8.481465e-11,9.136406e-11,6.377315e-11,2.855786e-11,9.771422e-12,3.461099e-12,1.665988e-12,1.169771e-12,1.237546e-12,1.051874e-12,9.758268e-13,9.163445e-13,6.678254e-13,2.963469e-13,4.348623e-14,0,0
3.161693e-18,2.327779e-16,-4.825451e-17,3.569804e-20,1.438531e-19,-1.560593e-16,5.201036e-14,8.259275e-13,4.666342e-12,0.003799605,0.009435825,0.004011896,0.000439865,2.278474e-05,2.23452e-07,3.189811e-09,9.667881e-11,8.826759e-11,9.423745e-11,7.124379e-11,3.919516e-11,1.580281e-11,5.826598e-12,3.30967e-12,2.152473e-12,2.152054e-12,2.086785e-12,2.46515e-12,2.930644e-12,2.599299e-12,1.244376e-12,2.128619e-13,5.465855e-15,0
4.902178e-17,1.076158e-17,8.034663e-16,3.854858e-20,1.446164e-19,3.516846e-15,2.49104e-14,4.832448e-13,4.817374e-12,0.003445916,0.009877767,0.004527881,0.0006418452,4.841115e-05,7.527497e-07,1.923737e-08,5.495966e-10,1.128404e-10,2.720253e-10,1.946752e-10,9.241186e-11,3.204208e-11,1.02684e-11,5.356536e-12,3.775663e-12,3.988793e-12,4.597105e-12,6.802443e-12,1.044083e-11,9.793696e-12,4.375045e-12,8.944686e-13,3.836055e-14,0
9.174456e-17,2.601904e-17,9.955758e-16,3.658333e-20,1.355924e-19,3.139031e-15,2.427555e-14,4.671688e-13,4.291434e-12,0.003123684,0.0102534,0.005057832,0.0008648501,9.017935e-05,4.471828e-06,1.223122e-08,5.501328e-10,3.04484e-10,3.237135e-10,1.928828e-10,9.356099e-11,3.42103e-11,1.469001e-11,8.886824e-12,5.96112e-12,6.887632e-12,1.085329e-11,2.235472e-11,4.071948e-11,3.59782e-11,1.478516e-11,2.88419e-12,1.947286e-13,0
-2.109588e-18,1.970055e-16,9.303751e-16,3.593155e-20,1.182636e-19,-1.972092e-16,1.027835e-14,3.064628e-13,4.248474e-12,0.002790814,0.01055428,0.005608167,0.00110845,0.000151081,1.348286e-05,1.111283e-06,4.486906e-09,3.023101e-10,4.430879e-10,3.231571e-10,1.728869e-10,6.718853e-11,2.463946e-11,1.355541e-11,9.459753e-12,1.30526e-11,2.984429e-11,8.88388e-11,1.601061e-10,1.267838e-10,4.750409e-11,8.73103e-12,6.27907e-13,4.059643e-15
2.962824e-18,2.139561e-16,8.363129e-16,3.043116e-20,1.060867e-19,7.03113e-19,1.12801e-14,1.692778e-13,3.197669e-12,0.002516424,0.01076949,0.006157569,0.001371629,0.0002320491,3.024717e-05,7.162222e-06,5.776764e-07,1.546674e-09,4.490666e-10,3.292008e-10,1.717466e-10,6.90202e-11,2.791048e-11,1.851884e-11,1.385851e-11,2.84307e-11,1.090624e-10,3.840426e-10,6.089745e-10,4.256278e-10,1.4502e-10,2.499399e-11,1.763767e-12,3.44518e-14
3.043251e-18,2.457032e-17,-5.545224e-17,2.609819e-20,1.434318e-19,6.229698e-19,1.088946e-19,1.583287e-13,3.204842e-12,0.00204946,0.01094004,0.006739388,0.001654073,0.0003327228,5.64048e-05,2.196292e-05,5.754823e-06,2.517253e-07,2.836342e-09,3.723507e-10,2.340479e-10,1.031431e-10,4.657327e-11,2.832873e-11,2.194748e-11,8.257849e-11,5.147881e-10,1.644697e-09,2.205658e-09,1.355394e-09,4.195141e-10,6.765272e-11,4.598533e-12,1.214546e-13
3.627346e-19,-9.673725e-18,1.403589e-18,1.262105e-12,1.166073e-12,7.111497e-19,9.882778e-17,5.352645e-14,2.167994e-12,0.00202903,0.0109417,0.007275492,0.001951344,0.0004542631,9.387489e-05,5.026006e-05,2.250327e-05,5.002717e-06,3.155e-07,2.102272e-09,2.333672e-10,1.047348e-10,4.827426e-11,3.173714e-11,3.939007e-11,3.83771e-10,2.609468e-09,6.719396e-09,7.55559e-09,4.081201e-09,1.147433e-09,1.729592e-10,1.128595e-11,3.175791e-13
1.258594e-19,-1.211148e-18,1.603143e-18,3.927589e-08,3.564138e-08,6.065631e-19,-9.927116e-17,4.574934e-14,2.132916e-12,-0.0001034499,0.01248403,0.00782272,0.002251876,0.0005923814,0.0001422965,9.51449e-05,5.854056e-05,2.171922e-05,4.23128e-06,2.236989e-07,2.274391e-09,1.098827e-10,6.844092e-11,4.65171e-11,1.275745e-10,2.461997e-09,1.279081e-08,2.581991e-08,2.432927e-08,1.155133e-08,2.948102e-09,4.145645e-10,2.587992e-11,7.300372e-13
5.478401e-13,2.282513e-12,4.449749e-12,4.191234e-08,4.70221e-08,-1.807016e-20,5.241797e-16,1.642393e-14,1.516087e-12,4.878698e-13,0.01213742,0.00834381,0.002557391,0.0007474371,0.0002023244,0.0001597099,0.0001236821,6.354867e-05,2.002209e-05,3.349435e-06,1.892551e-07,4.277293e-09,7.146352e-11,4.83502e-11,1.155311e-09,1.610936e-08,5.846155e-08,9.258448e-08,7.33693e-08,3.068697e-08,7.117415e-09,9.337148e-10,5.572251e-11,1.546782e-12
4.436281e-08,2.272666e-07,3.134468e-07,4.064512e-07,7.264258e-08,2.17285e-13,-2.871048e-17,1.701542e-14,1.503593e-12,6.063053e-12,0.01170939,0.00880377,0.002854193,0.0009139166,0.0002724166,0.0002443998,0.0002254923,0.0001472485,6.409067e-05,1.751229e-05,2.899937e-06,2.48304e-07,1.166324e-08,2.003159e-09,1.498128e-08,9.735133e-08,2.45741e-07,3.072492e-07,2.055452e-07,7.584747e-08,1.598841e-08,1.953992e-09,1.112225e-10,3.010642e-12
2.176937e-07,2.323902e-07,8.496759e-07,1.615344e-06,9.504293e-07,8.565515e-11,7.049668e-16,2.365904e-14,2.165391e-11,6.363089e-12,0.01116651,0.009178586,0.003129868,0.001084588,0.0003498441,0.0003473869,0.0003679575,0.0002904346,0.0001622468,6.2064e-05,1.663449e-05,3.177768e-06,4.23818e-07,8.43305e-08,1.589958e-07,5.239302e-07,9.380086e-07,9.355446e-07,5.313183e-07,1.734141e-07,3.324342e-08,3.780237e-09,2.048221e-10,5.376688e-12
2.815305e-07,4.83417e-07,1.232971e-06,3.107044e-06,3.850576e-06,1.834061e-06,7.534964e-11,1.122609e-14,2.054592e-11,1.9817e-11,0.01049579,0.009430458,0.003368821,0.001248402,0.0004295534,0.0004626995,0.000547535,0.0005039469,0.0003441256,0.0001701005,6.263693e-05,1.773509e-05,4.083326e-06,1.32346e-06,1.273229e-06,2.442719e-06,3.205327e-06,2.588038e-06,1.257322e-06,3.642615e-07,6.356805e-08,6.718141e-09,3.458666e-10,8.754969e-12
3.118692e-07,7.918124e-07,1.930029e-06,4.530643e-06,7.868487e-06,6.243562e-06,8.899153e-07,6.420601e-15,4.666658e-11,2.100243e-11,0.009682982,0.009532052,0.003540478,0.001388898,0.0005048979,0.0005808934,0.0007519567,0.0007856764,0.0006340289,0.0003870482,0.0001839439,7.081827e-05,2.389331e-05,9.830849e-06,7.258475e-06,9.584731e-06,9.656212e-06,6.436885e-06,2.701621e-06,6.979727e-07,1.110444e-07,1.08953e-08,5.321566e-10,1.284984e-11
4.719127e-07,9.485271e-07,2.509472e-06,6.201138e-06,1.195528e-05,1.384318e-05,5.53588e-06,2.325499e-13,4.76346e-11,3.005208e-11,0.008718887,0.009419479,0.003644007,0.001490757,0.0005650147,0.0006874566,0.0009593808,0.001114244,0.001035514,0.0007568941,0.0004477976,0.0002241609,0.0001004805,4.618419e-05,3.013306e-05,3.106449e-05,2.529399e-05,1.424825e-05,5.227511e-06,1.211027e-06,1.759444e-07,1.60077e-08,7.409305e-10,1.660581e-11
5.652989e-07,1.32815e-06,3.420733e-06,8.137315e-06,1.635982e-05,2.326037e-05,1.749971e-05,6.654927e-10,4.220149e-11,2.938012e-11,0.007616403,0.009017031,0.003595768,0.001525488,0.0006085543,0.0007675723,0.001134821,0.001441352,0.001508812,0.001285101,0.0009168335,0.000573586,0.0003202356,0.0001547374,9.502275e-05,8.281722e-05,5.705559e-05,2.782048e-05,9.036894e-06,1.888417e-06,2.509567e-07,2.11386e-08,9.266833e-10,1.81714e-11
7.915426e-07,1.759497e-06,4.503475e-06,1.050054e-05,2.17344e-05,3.370996e-05,2.778959e-05,4.516892e-06,-2.204795e-12,2.362473e-11,0.006412064,0.008296642,0.003392474,0.001481125,0.0006015309,0.0008014084,0.001253153,0.001704404,0.001968926,0.001905106,0.001589083,0.0011976,0.0007995073,0.0003955894,0.0002363068,0.0001827303,0.0001104566,4.768118e-05,1.389026e-05,2.634334e-06,3.207584e-07,2.496905e-08,1.035576e-09,1.5595e-11
8.962911e-07,2.066907e-06,5.568782e-06,1.320998e-05,2.840046e-05,4.627816e-05,4.310525e-05,1.251032e-05,3.358988e-12,1.92371e-11,0.005162599,0.007315173,0.003058831,0.001353945,0.0005665947,0.0007841226,0.001280121,0.001860342,0.00232158,0.002492382,0.00236103,0.002072495,0.001608091,0.0008080468,0.0004780976,0.0003379276,0.0001841775,7.177305e-05,1.8981e-05,3.287199e-06,3.673759e-07,2.639328e-08,1.033626e-09,7.23393e-12
8.997779e-07,2.415793e-06,6.236029e-06,1.569301e-05,3.50363e-05,6.086007e-05,6.456356e-05,2.665911e-05,1.722783e-11,1.87896e-11,0.003966089,0.006194998,0.002653537,0.001176432,0.0005061317,0.0007268109,0.001237829,0.001882461,0.002520191,0.002935335,0.003077758,0.003052819,0.002687747,0.001370039,0.0008100169,0.0005333516,0.0002673735,9.559265e-05,2.320382e-05,3.691767e-06,3.798026e-07,2.517557e-08,9.368039e-10,4.374992e-12
8.361624e-07,2.560103e-06,6.686911e-06,1.722992e-05,4.069935e-05,7.632827e-05,9.189062e-05,6.105236e-05,3.719313e-09,3.642039e-11,0.002918408,0.005094218,0.002244119,0.0009864767,0.0004330075,0.000648755,0.001145179,0.001821937,0.002563809,0.003196029,0.003627928,0.003958994,0.003865827,0.001998639,0.00118378,0.0007353916,0.0003440944,0.0001143491,2.572703e-05,3.785991e-06,3.608511e-07,2.214146e-08,7.730971e-10,1.730455e-12
8.428788e-07,2.569926e-06,6.861989e-06,1.771137e-05,4.434693e-05,8.917203e-05,0.0001211203,8.732483e-05,1.500233e-05,1.657769e-11,0.002084569,0.004120274,0.001873752,0.0008119871,0.0003617562,0.0005686542,0.001036337,0.00170448,0.002505759,0.00329936,0.00398608,0.004675923,0.004954412,0.00259346,0.001537069,0.0009091753,0.0004014778,0.0001253226,2.636771e-05,3.624931e-06,3.214052e-07,1.831695e-08,6.028745e-10,1.21944e-12
8.041683e-07,2.489404e-06,6.836627e-06,1.77959e-05,4.578383e-05,9.876769e-05,0.000150168,0.0001234402,4.052907e-05,1.04344e-10,0.001468141,0.003333886,0.001572501,0.0006692405,0.0003015691,0.0004970734,0.000933035,0.001580934,0.002410918,0.003312691,0.004190763,0.005180005,0.005836187,0.003082921,0.001823671,0.001034608,0.0004349554,0.0001286354,2.556321e-05,3.301903e-06,2.744076e-07,1.46546e-08,4.56908e-10,8.535457e-13
7.063866e-07,2.454503e-06,6.955954e-06,1.798657e-05,4.608008e-05,0.0001040989,0.0001733673,0.0001623958,7.469406e-05,3.527467e-09,0.001044729,0.002736267,0.001343109,0.0005611791,0.0002552907,0.0004392595,0.000846661,0.00147279,0.002314841,0.003280886,0.004291215,0.005502383,0.006475721,0.003438503,0.002024262,0.0011083,0.0004465995,0.0001260589,2.382806e-05,2.914964e-06,2.292369e-07,1.15665e-08,3.432079e-10,5.879871e-13
6.752171e-07,2.435172e-06,6.694851e-06,1.771196e-05,4.639091e-05,0.0001070889,0.0001903837,0.0001990747,9.874945e-05,8.399114e-06,0.00076907,0.002307715,0.001180276,0.0004850972,0.0002224425,0.0003965898,0.0007811177,0.001388389,0.002233429,0.003240948,0.004335891,0.00569357,0.006896486,0.003667015,0.002141959,0.00113746,0.00044117,0.0001197505,2.166681e-05,2.529988e-06,1.896778e-07,9.108102e-09,2.583929e-10,4.201015e-13
6.755508e-07,2.270934e-06,6.450936e-06,1.780727e-05,4.644418e-05,0.0001089554,0.0002019256,0.0002292642,0.0001218481,1.76924e-05,0.0005957866,0.002019469,0.001073187,0.0004353727,0.0002008293,0.0003675401,0.0007356426,0.001329332,0.002175214,0.003208046,0.004353493,0.005800484,0.007146124,0.003793036,0.002189517,0.001128724,0.0004250109,0.0001113753,1.938778e-05,2.172519e-06,1.560741e-07,7.170103e-09,1.952234e-10,3.044907e-13
7.200421e-07,2.232826e-06,6.435138e-06,1.740139e-05,4.60421e-05,0.0001092682,0.00020831,0.0002509194,0.0001419842,2.623772e-05,0.0004913553,0.001837647,0.001007344,0.0004051279,0.0001876129,0.0003491646,0.0007067117,0.001292139,0.002139295,0.003187357,0.004362483,0.005857552,0.007268133,0.00381029,0.002175619,0.001097926,0.000401994,0.0001019701,1.712116e-05,1.846009e-06,1.274194e-07,5.6178e-09,1.471135e-10,2.174997e-13
6.679264e-07,2.260798e-06,6.485109e-06,1.752148e-05,4.594361e-05,0.0001092095,0.0002124293,0.0002666276,0.0001588501,3.399554e-05,0.0004279957,0.001729375,0.0009715078,0.0003885499,0.000180455,0.0003385783,0.0006901763,0.001272417,0.002123925,0.003183123,0.004370618,0.005879179,0.00727067,0.003785897,0.002131391,0.001052066,0.0003747845,9.205685e-05,1.491088e-05,1.547496e-06,1.026937e-07,4.351265e-09,1.096616e-10,1.564254e-13
7.040265e-07,2.22063e-06,6.429321e-06,1.747793e-05,4.600356e-05,0.0001092007,0.0002147945,0.0002758719,0.0001704486,4.066897e-05,0.0003950247,0.001694596,0.0009678492,0.0003865697,0.0001797082,0.0003364931,0.0006874755,0.001271263,0.002125164,0.003188243,0.004383246,0.005888249,0.007248719,0.003726924,0.002065172,0.0009963628,0.0003449108,8.190731e-05,1.277971e-05,1.275505e-06,8.134784e-08,3.312989e-09,8.033725e-11,1.117452e-13
7.296102e-07,2.328427e-06,6.212579e-06,1.727563e-05,4.616271e-05,0.0001092916,0.0002160146,0.0002791446,0.0001763974,4.580628e-05,0.0003932466,0.001698591,0.0009711832,0.0003881013,0.0001805738,0.0003371784,0.0006889018,0.00127498,0.002134995,0.003205202,0.004403166,0.00589738,0.007193279,0.003639331,0.001976733,0.0009291666,0.0003115626,7.131454e-05,1.069148e-05,1.024349e-06,6.27014e-08,2.452039e-09,5.71414e-11,7.649689e-14
6.881473e-07,2.313605e-06,6.363206e-06,1.757105e-05,4.640933e-05,0.0001097883,0.0002175496,0.0002804745,0.0001788148,4.959695e-05,0.0003969854,0.001721451,0.0009851374,0.0003943659,0.0001836103,0.0003403079,0.0006946448,0.001286337,0.002154764,0.003233261,0.00443302,0.005907383,0.007103349,0.003517125,0.001862689,0.0008491058,0.0002746572,6.038444e-05,8.674935e-06,7.962194e-07,4.668861e-08,1.750025e-09,3.909528e-11,5.124436e-14
6.631574e-07,2.29545e-06,6.639829e-06,1.764902e-05,4.630593e-05,0.0001103647,0.0002191846,0.0002807179,0.0001792014,5.130781e-05,0.0004096492,0.001764596,0.001007597,0.000404641,0.000188564,0.0003459251,0.000704726,0.001305033,0.002185655,0.003274477,0.004474242,0.005914459,0.006969341,0.003354543,0.001722376,0.0007578391,0.0002355358,4.958014e-05,6.808585e-06,5.974499e-07,3.349277e-08,1.200219e-09,2.562478e-11,3.300432e-14
7.220441e-07,2.353091e-06,6.548776e-06,1.769528e-05,4.619134e-05,0.0001102408,0.0002185922,0.0002776213,0.0001768394,5.07728e-05,0.0004339938,0.001832247,0.001037344,0.000418878,0.0001956184,0.0003544673,0.0007200738,0.001332805,0.002229758,0.003330762,0.004525444,0.00591164,0.006778936,0.003148942,0.001558581,0.000659139,0.0001961835,3.943227e-05,5.164107e-06,4.322375e-07,2.310563e-08,7.891607e-10,1.603062e-11,1.981402e-14
6.919784e-07,2.27042e-06,6.503616e-06,1.778241e-05,4.700682e-05,0.0001118387,0.0002207328,0.0002774354,0.0001733179,4.785096e-05,0.0004743277,0.001943565,0.001085555,0.0004407689,0.000206084,0.0003671352,0.0007426149,0.001372155,0.002289516,0.003403024,0.004583641,0.00588913,0.006522449,0.002903821,0.001378086,0.0005583053,0.000158706,3.038545e-05,3.785572e-06,3.013739e-07,1.530701e-08,4.961825e-10,9.530274e-12,1.143308e-14
7.137307e-07,2.27918e-06,6.571794e-06,1.785866e-05,4.709125e-05,0.000112658,0.0002202777,0.0002692002,0.00015787,3.919131e-05,0.0005504448,0.002114298,0.001148981,0.0004705341,0.0002203866,0.0003850705,0.0007739491,0.001424815,0.002365822,0.003489487,0.004642682,0.005835789,0.006193213,0.002626029,0.001188847,0.0004600819,0.0001245954,2.266065e-05,2.676758e-06,2.01836e-07,9.688687e-09,2.962401e-10,5.332747e-12,6.661525e-15
7.876545e-07,2.333128e-06,6.45287e-06,1.78639e-05,4.727698e-05,0.0001137421,0.0002182022,0.0002531861,0.0001317746,2.725168e-05,0.0006829562,0.002364094,0.00123383,0.0005109492,0.000239557,0.0004092884,0.000815349,0.001491864,0.002458424,0.003587152,0.004694854,0.00574036,0.005790428,0.002325161,0.0009988853,0.0003682429,9.472554e-05,1.630481e-05,1.81735e-06,1.289859e-07,5.805367e-09,1.658323e-10,2.759843e-12,2.886128e-15
8.162842e-07,2.45559e-06,6.602675e-06,1.816873e-05,4.770173e-05,0.0001138888,0.0002122447,0.0002234597,9.642138e-05,1.512325e-05,0.0008987245,0.002698964,0.001338883,0.0005627943,0.0002639255,0.0004403284,0.0008674461,0.001573198,0.002565364,0.003690231,0.004729065,0.005589413,0.005314139,0.002009076,0.0008141614,0.0002848966,6.931972e-05,1.123001e-05,1.172636e-06,7.760086e-08,3.234586e-09,8.495946e-11,1.277289e-12,1.09642e-15
7.69865e-07,2.54414e-06,6.763669e-06,1.863878e-05,4.869783e-05,0.0001147907,0.0002034654,0.0001835513,6.171878e-05,5.456715e-06,0.001212898,0.003122209,0.001470754,0.0006285372,0.0002942449,0.0004786816,0.0009304504,0.00166827,0.002683534,0.003790556,0.004733876,0.005366926,0.004765799,0.001685198,0.0006396797,0.000211449,4.836998e-05,7.316367e-06,7.081302e-07,4.306088e-08,1.629551e-09,3.829849e-11,4.979972e-13,-5.169052e-18
8.941593e-07,2.626374e-06,6.705922e-06,1.882554e-05,4.934666e-05,0.000114656,0.0001857552,0.0001341632,3.275985e-05,-1.160858e-07,0.001638157,0.003617394,0.001625824,0.0007078192,0.000330411,0.0005245067,0.001004043,0.001775304,0.002806288,0.003873628,0.0046824,0.005051226,0.004146672,0.00136058,0.0004797673,0.0001488371,3.173857e-05,4.430796e-06,3.911729e-07,2.135789e-08,7.090516e-10,1.412345e-11,1.420989e-13,-2.953961e-33
9.430231e-07,2.619016e-06,7.012559e-06,1.905915e-05,4.975746e-05,0.000112666,0.0001589752,8.829375e-05,1.095632e-05,1.959231e-11,0.002169114,0.004174862,0.001809032,0.0008020735,0.0003726787,0.0005776978,0.00108768,0.001890066,0.002922718,0.003918108,0.004548876,0.004622542,0.003465914,0.001045639,0.000339287,9.794862e-05,1.924414e-05,2.438086e-06,1.914756e-07,9.025278e-09,2.459234e-10,3.612134e-12,1.730503e-14,-0
9.977186e-07,2.714806e-06,7.132413e-06,1.944618e-05,4.970524e-05,0.0001066251,0.0001270461,5.360579e-05,-2.156614e-07,-7.373309e-13,0.002796112,0.004790346,0.002023644,0.0009118634,0.0004206649,0.0006375613,0.001178465,0.002005242,0.003015215,0.003904143,0.004302957,0.00406911,0.002749076,0.0007555547,0.0002231923,5.931156e-05,1.056242e-05,1.183703e-06,7.923356e-08,2.985019e-09,5.664903e-11,2.631745e-13,1.056061e-32,0
1.039776e-06,2.704403e-06,7.193597e-06,1.932671e-05,4.86606e-05,9.637451e-05,9.867187e-05,2.334106e-05,1.393373e-11,2.274741e-12,0.003517528,0.005468094,0.002271599,0.001036572,0.0004733658,0.0007018465,0.00127088,0.00210741,0.003059078,0.003781829,0.003920821,0.003401764,0.002040169,0.0005067036,0.0001345622,3.243946e-05,5.110187e-06,4.85143e-07,2.534783e-08,6.225643e-10,2.312108e-12,0,-5.942926e-34,2.892708e-15
1.041848e-06,2.763315e-06,7.094773e-06,1.869717e-05,4.604995e-05,8.319533e-05,7.917341e-05,1.71912e-06,-4.110004e-13,2.326164e-12,0.004353938,0.006209159,0.002548001,0.001171645,0.0005278215,0.0007659087,0.001354983,0.002175236,0.003032777,0.003530516,0.003396756,0.002659193,0.001393195,0.0003105736,7.292765e-05,1.559271e-05,2.085243e-06,1.538037e-07,4.836914e-09,1.142859e-11,0,0,0,1.244975e-14
1.101362e-06,2.52666e-06,6.819235e-06,1.78981e-05,4.184541e-05,6.760014e-05,5.049066e-05,9.459241e-12,4.446964e-15,2.566021e-12,0.005352583,0.006995019,0.002835642,0.001306689,0.0005786195,0.0008216727,0.001412708,0.002187523,0.002881468,0.003131082,0.002751882,0.001907358,0.0008577392,0.0001702722,3.442854e-05,6.25761e-06,6.514204e-07,2.979159e-08,2.429406e-10,1.475698e-14,0,0,-0,2.349355e-14
1.085781e-06,2.263004e-06,6.31194e-06,1.629998e-05,3.643141e-05,4.994875e-05,2.563813e-05,2.997397e-12,1.825954e-13,2.042006e-12,0.006557421,0.00778847,0.003109594,0.001425916,0.0006179075,0.000856494,0.00142767,0.002108751,0.002594114,0.002592892,0.002042811,0.001225805,0.0004630717,8.039089e-05,1.32754e-05,1.847755e-06,1.122929e-07,1.11866e-09,4.167732e-14,0,0,0,0,2.194824e-14
1.01226e-06,2.125409e-06,5.348611e-06,1.409802e-05,2.855096e-05,3.145852e-05,8.65038e-06,2.211367e-13,1.441567e-13,2.050098e-12,0.007978403,0.00852002,0.003334342,0.001508842,0.0006365397,0.0008613193,0.001381124,0.001911914,0.00217462,0.001961631,0.001353785,0.0006834162,0.0002096965,3.016692e-05,3.521094e-06,2.419183e-07,2.395771e-09,7.314962e-14,2.82372e-14,0,0,0,-0,1.355141e-14
8.261278e-07,1.768214e-06,5.031256e-06,1.125228e-05,1.774456e-05,1.516814e-05,3.426277e-07,-1.4703e-13,1.31022e-13,1.120811e-12,0.009570493,0.009100211,0.003469778,0.001534355,0.0006306355,0.0008196551,0.001246576,0.001609595,0.001661015,0.001320649,0.0007741406,0.0003147568,7.292388e-05,7.10652e-06,2.929772e-07,1.21133e-09,5.953817e-13,7.766094e-14,1.039224e-14,0,0,0,0,1.935331e-15
7.813933e-07,1.375432e-06,3.991126e-06,6.624662e-06,7.262132e-06,3.03871e-06,1.932788e-14,4.780819e-14,1.25041e-13,1.065575e-12,0.01123851,0.009436904,0.003489267,0.001495621,0.0005870491,0.0007299577,0.001045521,0.001235078,0.001128791,0.0007661562,0.0003636752,0.0001090301,1.519481e-05,7.572606e-08,2.474171e-11,1.206369e-12,9.357948e-13,2.944294e-14,9.329779e-15,0,0,0,0,-1.160905e-31
5.774489e-07,6.841237e-07,1.849518e-06,2.171105e-06,1.314551e-06,4.019918e-18,2.812323e-13,6.455437e-14,9.757008e-14,4.601535e-13,0.01283748,0.009503604,0.00338388,0.001375223,0.0005151239,0.0006055661,0.0008026762,0.0008471719,0.0006640363,0.0003663801,0.0001280999,2.151699e-05,2.298508e-07,1.644447e-11,1.913362e-12,1.482644e-12,5.840351e-13,1.942011e-14,4.96661e-16,0,0,0,0,0
5.284711e-08,1.166114e-07,2.565216e-07,1.352052e-07,4.077524e-20,2.949903e-13,3.270419e-13,7.123466e-14,9.706718e-14,5.576319e-16,0.01427983,0.009298904,0.003148818,0.001203018,0.0004245414,0.0004640595,0.0005566652,0.0005087374,0.0003260456,0.0001332963,2.633723e-05,7.587124e-07,2.445467e-10,5.993238e-12,2.69395e-12,1.732308e-12,3.211652e-13,8.842275e-15,4.500839e-16,0,0,0,0,-0
1.829614e-17,3.344212e-17,1.227493e-20,3.352577e-20,6.971572e-19,2.852705e-13,4.157491e-13,7.602236e-14,6.327126e-14,6.452578e-13,0.01545111,0.008835978,0.002839696,0.00100265,0.0003278618,0.0003261622,0.0003438531,0.0002603059,0.0001256046,2.984086e-05,1.306499e-06,1.328118e-10,1.397282e-11,7.262207e-12,2.427216e-12,1.294199e-12,1.800457e-13,1.383699e-15,-3.147662e-17,0,0,0,0,-0
4.627659e-15,5.116306e-15,8.287477e-16,4.404453e-20,7.444951e-19,3.799345e-13,4.436197e-13,5.929673e-14,6.185585e-14,9.570822e-07,0.01609785,0.008227403,0.002487272,0.0007976883,0.0002369391,0.000208585,0.0001858664,0.000108797,3.290129e-05,2.163175e-06,3.924827e-10,2.88262e-11,1.72803e-11,6.588521e-12,2.089627e-12,8.417807e-13,3.135277e-14,4.946722e-16,-7.472944e-26,0,0,0,0,0
2.707843e-18,-1.453678e-16,9.917655e-16,2.342859e-20,2.855265e-19,3.058645e-13,3.123244e-13,5.318775e-14,3.384108e-14,0.002156646,0.01480624,0.007529776,0.002120691,0.0006075035,0.0001600055,0.0001202461,8.577108e-05,3.425088e-05,3.855124e-06,8.526735e-09,5.127963e-11,3.533841e-11,1.636314e-11,6.395404e-12,1.939636e-12,7.295566e-13,1.853773e-14,-8.268471e-17,-2.613071e-33,0,0,0,0,-0
-3.406337e-16,4.531942e-17,-5.57962e-17,1.761089e-20,3.14685e-19,3.011222e-13,3.190133e-13,3.099717e-14,3.510423e-14,0.003449921,0.01433546,0.006806974,0.001761003,0.0004420683,9.983847e-05,6.075905e-05,3.141515e-05,6.148387e-06,5.038827e-08,8.639042e-11,6.699262e-11,3.463497e-11,1.386229e-11,4.472387e-12,1.28779e-12,1.431141e-13,9.234614e-16,1.401699e-15,0,0,0,0,0,0
1.219659e-17,2.267411e-17,6.526069e-16,2.611942e-20,4.297321e-20,1.605514e-13,1.604028e-13,2.695597e-14,1.583449e-14,0.004066333,0.01417716,0.006072572,0.001423678,0.0003067016,5.666148e-05,2.546108e-05,7.477341e-06,3.66816e-07,6.246939e-10,9.116895e-11,6.822572e-11,3.382065e-11,1.347493e-11,4.431865e-12,1.23995e-12,1.333847e-13,1.819369e-15,-7.888135e-17,0,0,0,0,0,-0
4.154605e-18,3.665717e-17,7.771091e-16,2.331169e-20,7.103459e-20,1.6698e-13,1.673394e-13,9.979248e-15,1.468965e-14,0.004666836,0.01387136,0.005332923,0.001120228,0.000202226,2.86095e-05,7.937719e-06,6.766669e-07,1.09732e-09,1.324878e-10,9.695499e-11,5.759392e-11,2.445864e-11,8.571597e-12,2.494981e-12,5.366906e-13,1.377339e-14,1.460253e-15,-7.75438e-25,-0,0,0,0,0,0
1.392112e-17,3.066677e-17,-4.371774e-17,2.038591e-20,1.649028e-15,5.892958e-14,7.127504e-14,9.563494e-15,5.442861e-15,0.005360237,0.01337226,0.004600652,0.0008532935,0.0001250166,1.22243e-05,1.33382e-06,1.043331e-08,1.776889e-10,1.434307e-10,9.830615e-11,5.658855e-11,2.378626e-11,8.101254e-12,2.351932e-12,4.851112e-13,9.174722e-15,-1.055177e-16,-8.105761e-34,0,0,0,0,0,-0
3.054318e-17,2.234558e-17,8.735656e-16,1.866682e-20,1.540956e-15,6.071175e-14,7.638475e-14,9.862726e-18,1.364887e-15,0.006103529,0.01272211,0.003904165,0.0006232272,7.045741e-05,3.904147e-06,9.077696e-08,7.241169e-11,1.884423e-10,1.416996e-10,7.684295e-11,3.637955e-11,1.330267e-11,4.373096e-12,1.181324e-12,6.123432e-14,4.557813e-16,-1.447698e-24,0,0,0,0,0,0,0
6.282562e-18,2.034942e-16,-4.914536e-17,2.0731e-20,-9.269544e-17,1.63495e-14,2.810466e-14,1.987382e-17,-2.470247e-16,0.006862263,0.01194368,0.003256581,0.0004300449,3.456738e-05,7.48662e-07,8.623052e-09,3.754939e-10,2.271266e-10,1.378639e-10,7.717985e-11,3.562742e-11,1.362527e-11,4.030744e-12,1.121521e-12,5.701699e-14,5.733984e-16,-2.878888e-32,0,0,0,0,0,0,0
3.349004e-18,2.562232e-17,7.816107e-16,2.110239e-20,1.020207e-19,3.224393e-15,4.124941e-14,1.666105e-17,-8.193412e-17,0.007627852,0.01104666,0.002658411,0.0002787507,1.407895e-05,1.218532e-07,1.293066e-10,2.440836e-10,1.765105e-10,9.564063e-11,4.564282e-11,1.920709e-11,6.343555e-12,1.907294e-12,3.249881e-13,6.7136e-15,-3.391945e-17,0,0,0,0,0,0,0,0
6.006435e-18,4.005083e-17,-4.397189e-17,1.995837e-20,7.43726e-20,2.725129e-15,9.181901e-15,1.872724e-17,1.551158e-20,0.008384315,0.01004659,0.002112198,0.0001676903,4.420991e-06,1.526271e-08,1.571692e-10,2.477127e-10,1.755934e-10,9.416852e-11,4.492879e-11,1.804727e-11,6.36098e-12,1.811621e-12,3.516875e-13,4.201453e-15,0,0,0,0,0,0,0,0,0
5.923002e-18,3.698326e-17,8.350329e-16,2.350387e-20,9.169561e-20,3.156079e-15,4.492916e-15,1.724618e-17,1.034878e-16,0.009105879,0.008976661,0.00162368,9.238743e-05,8.643624e-07,1.129844e-09,1.115278e-10,1.37924e-10,9.79095e-11,5.018745e-11,2.198606e-11,8.073263e-12,2.649118e-12,7.110295e-13,3.452138e-14,-4.051516e-16,0,0,0,0,0,0,0,0,0
5.529793e-18,3.667084e-17,6.736671e-16,2.895248e-20,7.081305e-20,-1.865736e-16,1.996182e-16,1.685216e-17,8.890677e-14,0.009760248,0.007861912,0.001198671,4.009455e-05,2.876121e-08,2.566716e-10,8.998568e-11,1.391772e-10,1.005918e-10,4.923609e-11,2.141915e-11,8.377623e-12,2.63948e-12,6.481773e-13,4.358644e-14,-1.507185e-24,0,0,0,0,0,0,0,0,0
7.097005e-18,1.992285e-17,-4.697532e-17,2.154235e-20,9.661176e-20,4.43121e-19,-2.546583e-16,1.983998e-17,1.949421e-07,0.01026515,0.006736773,0.0008408297,5.798817e-06,3.435711e-09,1.197633e-10,4.255146e-11,6.590266e-11,4.656792e-11,2.200631e-11,9.114771e-12,3.142502e-12,1.003514e-12,1.149833e-13,3.220477e-15,-0,0,0,0,0,0,0,0,0,0
1.094105e-17,2.96081e-17,9.121295e-16,2.988229e-20,8.79928e-20,4.631466e-19,3.111487e-18,1.622719e-17,0.000679975,0.009910462,0.005631625,0.0005338975,4.290069e-07,2.35673e-10,7.780514e-11,4.481703e-11,6.153258e-11,4.317753e-11,2.136205e-11,8.717852e-12,3.280264e-12,9.666723e-13,1.13434e-13,4.755207e-15,0,0,0,0,0,0,0,0,0,0
1.491711e-17,3.906893e-17,8.370022e-16,2.548889e-20,8.890387e-20,4.746976e-19,2.813386e-18,1.825528e-17,0.001853665,0.009244599,0.004607012,0.0002884901,1.919604e-07,6.931064e-11,2.7918e-11,1.969203e-11,2.673124e-11,1.847893e-11,8.511341e-12,3.361012e-12,1.219197e-12,1.876057e-13,1.923906e-14,-2.78321e-16,0,0,0,0,0,0,0,0,0,0
8.918063e-18,2.730135e-17,-5.131342e-17,2.375012e-20,9.033475e-20,4.084033e-19,2.750553e-18,1.697588e-17,0.002593125,0.008745634,0.003703933,0.0001099205,5.279013e-08,6.406765e-11,2.824501e-11,1.849023e-11,2.50341e-11,1.687839e-11,8.100792e-12,3.169815e-12,1.103972e-12,1.884138e-13,1.759693e-14,-1.041876e-24,0,0,0,0,0,0,0,0,0,0
4.82484e-18,1.910213e-17,5.628108e-16,2.36069e-20,9.282715e-20,3.830469e-19,2.802571e-18,1.989848e-17,0.003140603,0.008199129,0.002900348,-1.418321e-06,4.526577e-10,5.650431e-11,8.883256e-12,7.756696e-12,9.897475e-12,6.558344e-12,3.008084e-12,1.091001e-12,2.335015e-13,3.403662e-14,2.128918e-15,-3.434351e-33,0,0,0,0,0,0,0,0,0,0
1.589879e-17,3.573586e-17,6.678322e-16,2.50233e-20,7.402376e-20,4.710578e-19,2.930524e-18,1.937554e-17,0.003713071,0.007470532,0.002104294,7.5067e-07,2.563632e-10,3.845022e-11,8.291774e-12,8.080238e-12,9.191174e-12,5.985641e-12,2.715748e-12,1.110896e-12,2.585591e-13,3.102173e-14,1.331677e-15,0,0,0,0,0,0,0,0,0,0,0
1.271274e-17,3.146696e-17,-3.757138e-17,1.851297e-20,9.402526e-20,4.378061e-19,3.114671e-18,1.093365e-13,0.004309458,0.006584459,0.001421837,4.33586e-07,8.244211e-11,2.187078e-11,3.335523e-12,3.043044e-12,3.412233e-12,2.026255e-12,8.383704e-13,2.338082e-13,5.131915e-14,4.500394e-15,-1.322009e-16,0,0,0,0,0,0,0,0,0,0,0
1.324843e-17,3.688079e-17,7.051745e-16,2.374143e-20,7.878196e-20,5.280587e-19,2.865632e-18,-7.358613e-14,0.004858946,0.005612314,0.0008745751,2.232574e-07,4.232364e-11,1.84592e-11,3.071734e-12,3.148288e-12,3.063236e-12,2.03456e-12,9.157522e-13,2.373538e-13,5.00486e-14,3.604486e-15,-3.081211e-25,0,0,0,0,0,0,0,0,0,0,0
1.598558e-17,1.767094e-17,8.406291e-16,1.95391e-20,8.225523e-20,3.461136e-19,2.8365e-18,1.651923e-07,0.005159294,0.004583452,0.000443641,8.890982e-08,1.225095e-11,7.367256e-12,1.424668e-12,1.190814e-12,1.012824e-12,5.413214e-13,1.742636e-13,5.026615e-14,9.009136e-15,-2.786355e-16,-1.044348e-33,0,0,0,0,0,0,0,0,0,0,0
6.886298e-18,3.430731e-17,-4.729433e-17,2.836669e-20,8.396761e-20,4.549948e-19,2.585004e-18,0.0007942521,0.004850448,0.003572928,0.0001281128,1.879237e-08,2.570734e-13,6.995713e-12,1.368856e-12,1.178416e-12,8.791239e-13,5.021207e-13,2.010444e-13,4.708832e-14,8.21946e-15,-3.597125e-25,0,0,0,0,0,0,0,0,0,0,0,0
1.438674e-17,2.211244e-17,7.4762e-16,1.91109e-20,7.25395e-20,4.175863e-19,2.62008e-15,0.001424759,0.004503102,0.002607241,-1.593638e-06,-6.633155e-11,1.777193e-11,3.07079e-12,5.437446e-13,4.004945e-13,2.412453e-13,1.355037e-13,3.824178e-14,9.242934e-15,4.601809e-16,-1.075037e-34,0,0,0,0,0,0,0,0,0,0,0,0
9.309347e-18,2.125832e-16,9.544866e-16,2.357552e-20,6.931883e-20,4.409693e-19,1.27349e-08,0.001892998,0.003957829,0.001713651,1.587222e-07,6.444211e-10,1.960213e-11,2.846359e-12,5.856072e-13,3.975896e-13,2.676134e-13,1.130259e-13,4.158249e-14,7.663882e-15,1.883659e-20,0,0,0,0,0,0,0,0,0,0,0,0,0
7.246179e-18,2.451523e-16,7.066987e-16,1.989773e-20,8.917247e-20,2.574804e-15,0.0001101497,0.002144944,0.003226379,0.0009889278,7.03787e-08,3.529987e-10,1.832629e-11,1.702142e-12,1.946518e-13,1.264823e-13,6.055378e-14,2.488565e-14,6.647484e-15,2.591207e-20,-3.201734e-32,0,0,0,0,0,0,0,0,0,0,0,0,0
1.129263e-17,6.653685e-18,-5.369633e-17,2.715973e-20,7.334471e-20,-1.121345e-15,0.0004279904,0.002225315,0.002449425,0.0004715493,2.471936e-08,2.600186e-10,1.477438e-11,1.138156e-12,1.996631e-13,1.327425e-13,6.586059e-14,2.823962e-14,6.932165e-15,-4.950395e-24,0,0,0,0,0,0,0,0,0,0,0,0,0,0
4.61242e-18,2.830306e-17,7.351102e-16,1.993587e-20,3.177114e-16,1.31473e-08,0.0007416594,0.002089282,0.00171121,0.0001176493,3.806401e-09,2.505602e-10,1.472952e-11,1.035382e-12,6.187869e-14,3.90654e-14,1.294566e-14,4.387761e-15,-4.123508e-16,-1.4901e-32,0,0,0,0,0,0,0,0,0,0,0,0,0,0
1.037154e-17,1.73789e-17,9.464384e-16,4.271742e-16,1.821561e-09,0.0001569781,0.0008732963,0.001627513,0.001018034,-9.935454e-07,2.037295e-09,1.629603e-10,9.804833e-12,4.485828e-13,6.536927e-14,4.008137e-14,1.380018e-14,3.946e-15,-5.060659e-24,0,0,0,0,0,0,0,0,0,0,0,0,0,0,0
9.244696e-18,1.936049e-17,1.284161e-17,7.115944e-10,3.868092e-05,0.0003000738,0.0008594861,0.00104788,0.0004481316,6.912936e-09,1.602578e-09,1.616492e-10,9.569944e-12,4.710742e-13,1.851685e-14,1.120809e-14,1.282633e-15,-2.621203e-16,-4.569631e-32,0,0,0,0,0,0,0,0,0,0,0,0,0,0,0
3.401793e-18,2.978297e-11,5.747208e-10,2.075718e-05,0.0001192863,0.0003203459,0.0005803947,0.0004764928,0.0001075721,5.905167e-10,6.659885e-10,7.597947e-11,4.542286e-12,1.877629e-13,1.974809e-14,9.286332e-15,1.196488e-15,-1.809506e-24,0,0,0,0,0,0,0,0,0,0,0,0,0,0,0,0
7.89385e-12,4.815019e-11,3.186288e-05,4.96928e-05,9.715875e-05,0.0001646687,0.0001732575,8.72252e-05,-8.460208e-07,-9.201442e-11,6.591787e-10,8.035904e-11,4.52281e-12,1.977643e-13,4.206864e-15,2.064548e-15,9.939761e-16,-4.397455e-34,0,0,0,0,0,0,0,0,0,0,0,0,0,0,0,0
2.425385e-06,3.579568e-06,6.666663e-06,9.557537e-06,1.311609e-05,1.245952e-05,1.805041e-06,6.737124e-09,1.194979e-11,2.083435e-10,1.014887e-10,1.10207e-11,1.029208e-12,5.919069e-14,3.513542e-15,5.324598e-23,-7.089811e-17,0,0,0,0,0,0,0,0,0,0,0,0,0,0,0,0,0
5.121661e-09,-1.898448e-07,3.710626e-08,-4.856359e-08,5.217809e-14,2.924492e-13,4.339062e-13,2.1985e-12,3.532968e-11,7.547048e-11,1.162161e-10,7.535149e-12,8.047363e-13,6.387112e-14,-2.511764e-16,7.127385e-29,-1.416138e-24,0,0,0,0,0,0,0,0,0,0,0,0,0,0,0,0,0
1.125775e-16,7.757238e-15,1.312048e-14,4.927237e-14,1.493399e-13,3.407305e-13,1.383866e-12,4.977003e-12,1.714001e-11,5.47069e-11,1.979581e-11,2.747675e-12,2.384886e-13,1.759851e-14,-1.993105e-24,1.057357e-31,-1.108706e-32,0,0,0,0,0,0,0,0,0,0,0,0,0,0,0,0,0
2.680913e-15,-2.512223e-14,9.852077e-15,3.247622e-14,1.057341e-13,3.405304e-13,1.102563e-12,4.037656e-12,1.771857e-11,2.586247e-11,2.254772e-11,2.384858e-12,2.102924e-13,1.81688e-14,-7.852224e-33,-2.117541e-30,0,0,0,0,0,0,0,0,0,0,0,0,0,0,0,0,0,0
-1.128438e-16,1.555296e-15,5.770883e-15,1.833139e-14,5.513466e-14,1.787252e-13,6.523214e-13,1.551466e-12,4.606701e-12,8.260357e-12,3.365741e-12,6.069323e-13,5.946627e-14,3.489864e-15,0,-6.997168e-33,0,0,0,0,0,0,0,0,0,0,0,0,0,0,0,0,0,0
-1.018464e-29,1.470813e-15,5.322243e-15,1.678238e-14,5.353005e-14,1.720999e-13,5.343061e-13,1.682573e-12,3.610274e-12,5.992776e-12,3.231401e-12,5.011243e-13,5.164407e-14,3.150686e-15,0,3.268964e-38,0,0,0,0,0,0,0,0,0,0,0,0,0,0,0,0,0,0
-1.896348e-27,-9.680161e-17,9.94558e-16,3.756888e-15,1.544767e-14,4.96717e-14,1.46081e-13,3.024378e-13,5.328842e-13,1.243712e-12,5.351035e-13,6.92666e-14,1.434982e-14,-2.084044e-16,0,0,0,0,0,0,0,0,0,0,0,0,0,0,0,0,0,0,0,0
-1.321967e-32,-9.067712e-25,1.585195e-15,4.947829e-15,1.395186e-14,4.472952e-14,1.201974e-13,3.099911e-13,7.348947e-13,7.214749e-13,5.816599e-13,6.687156e-16,1.381773e-14,-2.087889e-24,0,0,0,0,0,0,0,0,0,0,0,0,0,0,0,0,0,0,0,0
0,-1.100893e-32,-9.348443e-17,1.144352e-15,2.11855e-15,7.251037e-15,1.81723e-14,3.55115e-14,5.608549e-14,1.78355e-13,5.319866e-14,1.385084e-14,1.644328e-15,-1.012607e-32,0,0,0,0,0,0,0,0,0,0,0,0,0,0,0,0,0,0,0,0
0,0,-9.594478e-25,9.87191e-16,3.206951e-15,8.496786e-15,2.078226e-14,4.246284e-14,1.034455e-13,1.55456e-13,1.139361e-16,1.34971e-14,2.443759e-15,1.307731e-38,0,0,0,0,0,0,0,0,0,0,0,0,0,0,0,0,0,0,0,0
0,0,-0,-2.601527e-32,-1.9017e-16,7.098887e-20,2.988933e-15,5.936771e-15,6.844887e-15,3.484688e-14,7.076721e-15,2.352095e-15,-1.432607e-16,0,0,0,0,0,0,0,0,0,0,0,0,0,0,0,0,0,0,0,0,0
0,0,0,0,-8.652807e-33,1.533679e-15,1.960768e-15,3.580163e-15,2.046814e-14,-5.9135e-15,7.669509e-15,1.589724e-15,-2.505717e-25,0,0,0,0,0,0,0,0,0,0,0,0,0,0,0,0,0,0,0,0,0
0,0,0,0,0,0,0,0,0,0,0,0,0,0,0,0,0,0,0,0,0,0,0,0,0,0,0,0,0,0,0,0,0,0
