8.71091749e-05
8.54080256e-05
8.38716688e-05
8.24799020e-05
8.12153068e-05
8.00622315e-05
7.90062455e-05
7.80339496e-05
7.71336240e-05
7.62938596e-05
7.55059320e-05
7.47614113e-05
7.40532049e-05
7.33760045e-05
7.27243770e-05
7.20946105e-05
7.14825139e-05
7.08856370e-05
7.03017395e-05
6.97278552e-05
6.91619192e-05
6.86020787e-05
6.80476816e-05
6.74967162e-05
6.69486207e-05
6.64015467e-05
6.58537846e-05
6.53059801e-05
6.47558120e-05
6.42038253e-05
6.36472647e-05
6.30877909e-05
6.25234622e-05
6.19531426e-05
6.13763784e-05
6.07926871e-05
6.02019715e-05
5.96036010e-05
5.89964568e-05
5.83799815e-05
5.77536061e-05
5.71167532e-05
5.64688392e-05
5.58092779e-05
5.51378173e-05
5.44541511e-05
5.37572086e-05
5.30463920e-05
5.23211116e-05
5.15807880e-05
5.08248538e-05
5.00527562e-05
4.92639580e-05
4.84579395e-05
4.76341996e-05
4.67922570e-05
4.59323124e-05
4.50532857e-05
4.41545390e-05
4.32356529e-05
4.22962344e-05
4.13359188e-05
4.03543729e-05
3.93512983e-05
3.83270166e-05
3.72815304e-05
3.62141615e-05
3.51248101e-05
3.40134601e-05
3.28809375e-05
3.17288051e-05
3.05554764e-05
2.93636480e-05
2.81531135e-05
2.69264671e-05
2.56841459e-05
2.44286924e-05
2.31627361e-05
2.18890450e-05
2.06108518e-05
1.93319167e-05
1.80569299e-05
1.67911793e-05
1.55406645e-05
1.43122372e-05
1.31136769e-05
1.19535872e-05
1.08413998e-05
9.78727816e-06
8.80166050e-06
7.89471001e-06
7.07611248e-06
6.35277442e-06
5.72867358e-06
5.20250495e-06
4.76747217e-06
4.41168286e-06
4.12057043e-06
3.88000131e-06
3.67853359e-06
