7.58341075e-09
7.28156949e-09
7.01129321e-09
6.76798628e-09
6.54787683e-09
6.34781162e-09
6.16507742e-09
5.99729654e-09
5.84239247e-09
5.69862783e-09
5.56444198e-09
5.43848327e-09
5.31962578e-09
5.20690352e-09
5.09960612e-09
4.99687493e-09
4.89830961e-09
4.80325033e-09
4.71130132e-09
4.62212148e-09
4.53536029e-09
4.45081885e-09
4.36815393e-09
4.28714229e-09
4.20777733e-09
4.12968895e-09
4.05278053e-09
3.97694965e-09
3.90212970e-09
3.82808635e-09
3.75476874e-09
3.68214111e-09
3.61016393e-09
3.53868964e-09
3.46765927e-09
3.39701672e-09
3.32680274e-09
3.25689381e-09
3.18723486e-09
3.11777498e-09
3.04846803e-09
2.97931839e-09
2.91043210e-09
2.84159732e-09
2.77278652e-09
2.70409979e-09
2.63553101e-09
2.56692994e-09
2.49833642e-09
2.42990137e-09
2.36141263e-09
2.29287914e-09
2.22452845e-09
2.15613687e-09
2.08772552e-09
2.01944288e-09
1.95121521e-09
1.88302233e-09
1.81490172e-09
1.74698595e-09
1.67918650e-09
1.61154582e-09
1.54410836e-09
1.47692051e-09
1.41004188e-09
1.34351294e-09
1.27737514e-09
1.21169034e-09
1.14652539e-09
1.08195683e-09
1.01806270e-09
9.54923490e-10
8.92637017e-10
8.31305305e-10
7.71038006e-10
7.11960312e-10
6.54208635e-10
5.97901214e-10
5.43211035e-10
4.90302231e-10
4.39330933e-10
3.90498829e-10
3.43991767e-10
3.00021191e-10
2.58801290e-10
2.20511768e-10
1.85385041e-10
1.53598210e-10
1.25310488e-10
1.00653211e-10
7.96639541e-11
6.23109854e-11
4.84357121e-11
3.77472207e-11
2.98218676e-11
2.41333322e-11
2.01161693e-11
1.72561012e-11
1.51576290e-11
1.35599506e-11
