2.17423249e+16
2.03337044e+16
1.89667649e+16
1.76494953e+16
1.63917370e+16
1.51923939e+16
1.40535869e+16
1.29752012e+16
1.19578044e+16
1.10010564e+16
1.01037475e+16
9.26510075e+15
8.48380735e+15
7.75817659e+15
7.08622599e+15
6.46588531e+15
5.89484928e+15
5.37017030e+15
4.88910131e+15
4.44881121e+15
4.04650557e+15
3.67957871e+15
3.34500664e+15
3.04020860e+15
2.76273734e+15
2.51040351e+15
2.28099545e+15
2.07239510e+15
1.88275227e+15
1.71036438e+15
1.55384385e+15
1.41159546e+15
1.28233818e+15
1.16489250e+15
1.05822274e+15
9.61342767e+14
8.73308994e+14
7.93317246e+14
7.20592639e+14
6.54659361e+14
5.94717156e+14
5.40254306e+14
4.90768706e+14
4.45820107e+14
4.05000331e+14
3.67910535e+14
3.34212024e+14
3.03559736e+14
2.75800498e+14
2.50548221e+14
2.27602615e+14
2.06753371e+14
1.87815136e+14
1.70618989e+14
1.54995094e+14
1.40799770e+14
1.27879934e+14
1.16191153e+14
1.05551924e+14
9.58847612e+13
8.71014270e+13
7.91231982e+13
7.18794949e+13
6.52977634e+13
5.93173648e+13
5.38710594e+13
4.89490806e+13
4.44669466e+13
4.03946227e+13
3.66947220e+13
3.33336403e+13
3.02819716e+13
2.75090065e+13
2.49893754e+13
2.27000751e+13
2.06213244e+13
1.87332714e+13
1.70178040e+13
1.54591007e+13
1.40429290e+13
1.27571410e+13
1.15887433e+13
1.05269941e+13
9.56203869e+12
8.68516898e+12
7.88780496e+12
7.16183174e+12
6.50009820e+12
5.89598865e+12
5.34278098e+12
4.83653299e+12
4.36959184e+12
3.93965477e+12
3.54084502e+12
3.17016664e+12
2.82473323e+12
2.50211451e+12
2.20079235e+12
1.91947396e+12
1.65860790e+12
