2.56830673e-33
3.91437097e-33
7.21517902e-33
1.69761804e-32
4.44084178e-32
1.09469811e-31
2.39803764e-31
4.67808195e-31
8.28247016e-31
1.35694799e-30
2.09033330e-30
3.06634551e-30
4.32392639e-30
5.90781148e-30
7.86167559e-30
1.02389647e-29
1.30914856e-29
1.64861139e-29
2.04904449e-29
2.51841600e-29
3.06469758e-29
3.69835991e-29
4.42858995e-29
5.26873463e-29
6.23175723e-29
7.33239428e-29
8.58749759e-29
1.00164179e-28
1.16365689e-28
1.34716243e-28
1.55527757e-28
1.78980794e-28
2.05495999e-28
2.35335324e-28
2.68997369e-28
3.06752968e-28
3.49305328e-28
3.96959302e-28
4.50446167e-28
5.10535342e-28
5.77670546e-28
6.52851178e-28
7.37102447e-28
8.31360843e-28
9.36427947e-28
1.05394301e-27
1.18532701e-27
1.33210825e-27
1.49537693e-27
1.67765373e-27
1.88109925e-27
2.10812190e-27
2.36064600e-27
2.64180560e-27
2.95525438e-27
3.30467319e-27
3.69333840e-27
4.12530829e-27
4.60657699e-27
5.14281611e-27
5.73789500e-27
6.40003703e-27
7.13773878e-27
7.95642639e-27
8.86710870e-27
9.88114852e-27
1.10055565e-26
1.22591335e-26
1.36483379e-26
1.51966204e-26
1.69141277e-26
1.88250620e-26
2.09512616e-26
2.33119035e-26
2.59369452e-26
2.88566927e-26
3.21043154e-26
3.57175344e-26
3.97388727e-26
4.42105894e-26
4.91938779e-26
5.47412156e-26
6.09253072e-26
6.78220509e-26
7.55186573e-26
8.41153404e-26
9.37273815e-26
1.04489129e-25
1.16556461e-25
1.30113727e-25
1.45379601e-25
1.62618218e-25
1.82148915e-25
2.04367144e-25
2.29763696e-25
2.58954652e-25
2.92712920e-25
3.32024235e-25
3.78157546e-25
4.32783170e-25
