7.21140815e-28
1.10324294e-27
2.13999446e-27
5.59946642e-27
1.63050624e-26
4.35886011e-26
1.01339224e-25
2.06652556e-25
3.78056058e-25
6.33929324e-25
9.91600798e-25
1.46657932e-24
2.07332384e-24
2.82412790e-24
3.73014488e-24
4.80287742e-24
6.05011840e-24
7.48321760e-24
9.11092617e-24
1.09419035e-23
1.29852890e-23
1.52487917e-23
1.77439307e-23
2.04809759e-23
2.34648157e-23
2.67100583e-23
3.02295391e-23
3.40287289e-23
3.81216672e-23
4.25253824e-23
4.72509093e-23
5.23037239e-23
5.77041142e-23
6.34681656e-23
6.96115467e-23
7.61511604e-23
8.31025267e-23
9.04760059e-23
9.82993339e-23
1.06594469e-22
1.15384702e-22
1.24694605e-22
1.34521001e-22
1.44910381e-22
1.55896120e-22
1.67500168e-22
1.79721665e-22
1.92628713e-22
2.06254829e-22
2.20587339e-22
2.35702864e-22
2.51644581e-22
2.68412699e-22
2.86072384e-22
3.04682161e-22
3.24265822e-22
3.44864610e-22
3.66558923e-22
3.89401415e-22
4.13423368e-22
4.38701484e-22
4.65313280e-22
4.93327165e-22
5.22816722e-22
5.53861414e-22
5.86544064e-22
6.20962454e-22
6.57221235e-22
6.95428020e-22
7.35697495e-22
7.78162486e-22
8.22962256e-22
8.70245852e-22
9.20181812e-22
9.72949364e-22
1.02875196e-21
1.08779789e-21
1.15036202e-21
1.21669972e-21
1.28711433e-21
1.36198689e-21
1.44167618e-21
1.52666270e-21
1.61744489e-21
1.71460833e-21
1.81893184e-21
1.93116140e-21
2.05233201e-21
2.18360147e-21
2.32633896e-21
2.48227728e-21
2.65346509e-21
2.84247764e-21
3.05236705e-21
3.28697065e-21
3.55106750e-21
3.85057873e-21
4.19304385e-21
4.58826208e-21
5.04917942e-21
