1.85578187e-22
2.37532591e-22
3.25321035e-22
4.92611134e-22
8.30524113e-22
1.49092857e-21
2.68048507e-21
4.63852432e-21
7.61335738e-21
1.18428709e-20
1.75452841e-20
2.49104643e-20
3.41138265e-20
4.52999816e-20
5.85989732e-20
7.41476251e-20
9.20305383e-20
1.12384810e-19
1.35310901e-19
1.60908793e-19
1.89285657e-19
2.20529160e-19
2.54779635e-19
2.92159711e-19
3.32718737e-19
3.76638278e-19
4.24074713e-19
4.75084901e-19
5.29840794e-19
5.88553120e-19
6.51351663e-19
7.18292355e-19
7.89627030e-19
8.65550503e-19
9.46251127e-19
1.03193251e-18
1.12277921e-18
1.21890781e-18
1.32066049e-18
1.42830234e-18
1.54211423e-18
1.66239209e-18
1.78907284e-18
1.92273311e-18
2.06377745e-18
2.21246171e-18
2.36874915e-18
2.53348341e-18
2.70706226e-18
2.88929442e-18
3.08112291e-18
3.28306113e-18
3.49507653e-18
3.71795644e-18
3.95239935e-18
4.19866276e-18
4.45722154e-18
4.72903756e-18
5.01471925e-18
5.31460416e-18
5.62959278e-18
5.96058897e-18
6.30837659e-18
6.67379713e-18
7.05775760e-18
7.46119849e-18
7.88523569e-18
8.33105897e-18
8.79988260e-18
9.29299469e-18
9.81189054e-18
1.03581269e-17
1.09333605e-17
1.15394632e-17
1.21784109e-17
1.28524433e-17
1.35638249e-17
1.43155812e-17
1.51104549e-17
1.59517088e-17
1.68434655e-17
1.77895003e-17
1.87949371e-17
1.98649899e-17
2.10057553e-17
2.22254110e-17
2.35315161e-17
2.49347071e-17
2.64466628e-17
2.80810221e-17
2.98549694e-17
3.17884678e-17
3.39063606e-17
3.62374201e-17
3.88172687e-17
4.16893372e-17
4.49059921e-17
4.85321323e-17
5.26496418e-17
5.73630155e-17
