2.20281941e+16
2.08517943e+16
1.96690943e+16
1.84951103e+16
1.73414300e+16
1.62164678e+16
1.51243646e+16
1.40696495e+16
1.30548780e+16
1.20829080e+16
1.11570547e+16
1.02794914e+16
9.45151883e+15
8.67373793e+15
7.94616829e+15
7.26831770e+15
6.63921569e+15
6.05784656e+15
5.52279666e+15
5.03084977e+15
4.57957631e+15
4.16641854e+15
3.78925837e+15
3.44541358e+15
3.13185934e+15
2.84619446e+15
2.58585142e+15
2.35002087e+15
2.13524681e+15
1.93987953e+15
1.76221425e+15
1.60084447e+15
1.45439181e+15
1.32125558e+15
1.20023338e+15
1.09000256e+15
9.90450385e+14
8.99784895e+14
8.17368493e+14
7.42460743e+14
6.74435420e+14
6.12724729e+14
5.56627584e+14
5.05633808e+14
4.59143708e+14
4.17235849e+14
3.79042827e+14
3.44328459e+14
3.12777333e+14
2.84117155e+14
2.58120201e+14
2.34486450e+14
2.13003280e+14
1.93400625e+14
1.75763855e+14
1.59677517e+14
1.45055326e+14
1.31763981e+14
1.19686984e+14
1.08734689e+14
9.87788763e+13
8.97299670e+13
8.15059304e+13
7.40432621e+13
6.72669210e+13
6.11067290e+13
5.55071015e+13
5.04183787e+13
4.58051324e+13
4.16118871e+13
3.78005039e+13
3.43361933e+13
3.11916215e+13
2.83367666e+13
2.57416407e+13
2.33829193e+13
2.12386517e+13
1.92960947e+13
1.75297748e+13
1.59240995e+13
1.44645090e+13
1.31392965e+13
1.19363764e+13
1.08426132e+13
9.84782531e+12
8.94057464e+12
8.11949012e+12
7.36880247e+12
6.68247474e+12
6.05339793e+12
5.47489800e+12
4.94070070e+12
4.44496781e+12
3.98249485e+12
3.54895109e+12
3.14055532e+12
2.75437050e+12
2.38865950e+12
2.04265304e+12
1.71800230e+12
