5.21831664e-21
4.90954136e-21
4.65137953e-21
4.43273059e-21
4.24546674e-21
4.08342188e-21
3.94178240e-21
3.81671490e-21
3.70520800e-21
3.60473111e-21
3.51340064e-21
3.42959992e-21
3.35204188e-21
3.27976419e-21
3.21188748e-21
3.14778739e-21
3.08684723e-21
3.02866950e-21
2.97290787e-21
2.91917480e-21
2.86719305e-21
2.81672361e-21
2.76764885e-21
2.71974123e-21
2.67291071e-21
2.62696529e-21
2.58173634e-21
2.53725519e-21
2.49331546e-21
2.44994680e-21
2.40692334e-21
2.36436629e-21
2.32212129e-21
2.28010217e-21
2.23827694e-21
2.19661339e-21
2.15510804e-21
2.11372092e-21
2.07238147e-21
2.03106087e-21
1.98973140e-21
1.94836668e-21
1.90694182e-21
1.86543359e-21
1.82384110e-21
1.78216067e-21
1.74034378e-21
1.69837323e-21
1.65623400e-21
1.61391336e-21
1.57140092e-21
1.52868868e-21
1.48577105e-21
1.44264489e-21
1.39930952e-21
1.35576673e-21
1.31205410e-21
1.26814490e-21
1.22403756e-21
1.17974316e-21
1.13527551e-21
1.09065128e-21
1.04589014e-21
1.00101494e-21
9.56077156e-22
9.11114433e-22
8.66137109e-22
8.21182877e-22
7.76294818e-22
7.31551021e-22
6.87057215e-22
6.42799058e-22
5.98927097e-22
5.55483198e-22
5.12611296e-22
4.70378691e-22
4.28925901e-22
3.88393571e-22
3.48924447e-22
3.10673185e-22
2.73806683e-22
2.38513090e-22
2.04988742e-22
1.73438000e-22
1.44072328e-22
1.17105860e-22
9.27451637e-23
7.11797495e-23
5.25676297e-23
3.70119191e-23
2.45354456e-23
1.50587250e-23
8.35648637e-24
4.05622722e-24
1.64122667e-24
5.16230666e-25
1.14680064e-25
1.68185699e-26
2.43218766e-27
8.68497584e-28
