5.14100052e-21
4.71216590e-21
4.30212126e-21
3.90860295e-21
3.53326455e-21
3.17603696e-21
2.83760860e-21
2.51979838e-21
2.22338734e-21
1.95046868e-21
1.70109589e-21
1.47567200e-21
1.27465953e-21
1.09669193e-21
9.40697831e-22
8.05029307e-22
6.87778924e-22
5.86996707e-22
5.00624832e-22
4.26765346e-22
3.63707016e-22
3.09837359e-22
2.64117509e-22
2.25063499e-22
1.91774167e-22
1.63399950e-22
1.39230870e-22
1.18638596e-22
1.01089900e-22
8.61355900e-23
7.33779455e-23
6.25414178e-23
5.32916114e-23
4.54077111e-23
3.86887659e-23
3.29661999e-23
2.80912709e-23
2.39367210e-23
2.03959032e-23
1.73762946e-23
1.48083438e-23
1.26179974e-23
1.07513658e-23
9.16072559e-24
7.80588748e-24
6.65166318e-24
5.66785702e-24
4.82932392e-24
4.11462420e-24
3.50620581e-24
2.98765871e-24
2.54575716e-24
2.16915553e-24
1.84831766e-24
1.57497737e-24
1.34200122e-24
1.14345258e-24
9.74261050e-25
8.30205769e-25
7.07438121e-25
6.02801142e-25
5.13616192e-25
4.37632798e-25
3.72909420e-25
3.17751636e-25
2.70748000e-25
2.30692098e-25
1.96580414e-25
1.67507328e-25
1.42726864e-25
1.21607407e-25
1.03558920e-25
8.82914740e-26
7.52313210e-26
6.40996116e-26
5.46109080e-26
4.65278240e-26
3.96380817e-26
3.37645019e-26
2.87569683e-26
2.44832221e-26
2.08480887e-26
1.77423731e-26
1.50911975e-26
1.28273074e-26
1.08934376e-26
9.23845244e-27
7.82772890e-27
6.61820915e-27
5.58226616e-27
4.69368382e-27
3.93350663e-27
3.28108420e-27
2.72211002e-27
2.24322998e-27
1.83365348e-27
1.48372249e-27
1.18608370e-27
9.33463729e-28
7.18404357e-28
