4.63085109e-17
4.93795033e-17
5.23370536e-17
5.51545904e-17
5.78201181e-17
6.03406229e-17
6.27393336e-17
6.50446936e-17
6.72886001e-17
6.95002838e-17
7.17058144e-17
7.39268162e-17
7.61878696e-17
7.85041555e-17
8.09010989e-17
8.33931658e-17
8.59988602e-17
8.87426079e-17
9.16424893e-17
9.47242078e-17
9.80105923e-17
1.01528772e-16
1.05310762e-16
1.09394152e-16
1.13801391e-16
1.18592421e-16
1.23803709e-16
1.29499996e-16
1.35723750e-16
1.42568806e-16
1.50097286e-16
1.58392868e-16
1.67576151e-16
1.77763891e-16
1.89086186e-16
2.01666925e-16
2.15709789e-16
2.31415446e-16
2.49014292e-16
2.68771050e-16
2.90990114e-16
3.16021735e-16
3.44269200e-16
3.76197172e-16
4.12341351e-16
4.53319714e-16
4.99836722e-16
5.52703043e-16
6.12886949e-16
6.81486933e-16
7.59773153e-16
8.49214895e-16
9.51512530e-16
1.06863468e-15
1.20286152e-15
1.35683515e-15
1.53361845e-15
1.73676360e-15
1.97039234e-15
2.23928964e-15
2.54901367e-15
2.90602475e-15
3.31783710e-15
3.79319780e-15
4.34200980e-15
4.97504000e-15
5.70684857e-15
6.55343209e-15
7.53350053e-15
8.66773583e-15
9.97845512e-15
1.14982336e-14
1.32600429e-14
1.52975743e-14
1.76650453e-14
2.04017781e-14
2.35811798e-14
2.72653672e-14
3.15359923e-14
3.64907262e-14
4.22371855e-14
4.89015549e-14
5.66327834e-14
6.55853250e-14
7.59691235e-14
8.79947077e-14
1.01914550e-13
1.18025339e-13
1.36642796e-13
1.58139090e-13
1.82915217e-13
2.11413204e-13
2.44103596e-13
2.81467976e-13
3.23980835e-13
3.72068035e-13
4.26089333e-13
4.86311385e-13
5.52914014e-13
6.25961143e-13
