1.15618336e+04
1.18970546e+04
1.22463723e+04
1.26108414e+04
1.29913502e+04
1.33885122e+04
1.38026164e+04
1.42334190e+04
1.46826192e+04
1.51494689e+04
1.56339537e+04
1.61367307e+04
1.66568020e+04
1.71956191e+04
1.77531272e+04
1.83296787e+04
1.89256862e+04
1.95407193e+04
2.01759470e+04
2.08321834e+04
2.15100841e+04
2.22104982e+04
2.29320702e+04
2.36778960e+04
2.44483039e+04
2.52441018e+04
2.60650417e+04
2.69125637e+04
2.77879998e+04
2.86922904e+04
2.96265502e+04
3.05892119e+04
3.15840614e+04
3.26116767e+04
3.36731450e+04
3.47682684e+04
3.58987551e+04
3.70664969e+04
3.82727334e+04
3.95188706e+04
4.08031214e+04
4.21300961e+04
4.35007762e+04
4.49166334e+04
4.63775599e+04
4.78855229e+04
4.94431676e+04
5.10521281e+04
5.27142014e+04
5.44274479e+04
5.61974488e+04
5.80257831e+04
5.99143999e+04
6.18633264e+04
6.38747641e+04
6.59524305e+04
6.80985300e+04
7.03153898e+04
7.26009998e+04
7.49620103e+04
7.74008291e+04
7.99200180e+04
8.25198745e+04
8.52028217e+04
8.79741290e+04
9.08367751e+04
9.37938275e+04
9.68430042e+04
9.99923953e+04
1.03245545e+05
1.06605913e+05
1.10074380e+05
1.13653511e+05
1.17350790e+05
1.21170246e+05
1.25116041e+05
1.29186103e+05
1.33390164e+05
1.37734018e+05
1.42222843e+05
1.46862686e+05
1.51648815e+05
1.56599323e+05
1.61719064e+05
1.67015242e+05
1.72495667e+05
1.78169061e+05
1.84041369e+05
1.90128603e+05
1.96444466e+05
2.02991544e+05
2.09791332e+05
2.16857796e+05
2.24205025e+05
2.31848286e+05
2.39806818e+05
2.48093279e+05
2.56738221e+05
2.65756244e+05
2.75186702e+05
