1.32472319e-11
1.43097588e-11
1.55149354e-11
1.68923764e-11
1.84783969e-11
2.03141999e-11
2.24430045e-11
2.49048903e-11
2.77359717e-11
3.09663620e-11
3.46213509e-11
3.87191432e-11
4.32793169e-11
4.83132082e-11
5.38319744e-11
5.98532383e-11
6.63773686e-11
7.34265711e-11
8.10105224e-11
8.91400062e-11
9.78287372e-11
1.07084928e-10
1.16932441e-10
1.27389173e-10
1.38452890e-10
1.50157631e-10
1.62529123e-10
1.75566935e-10
1.89300274e-10
2.03766660e-10
2.18982566e-10
2.34946820e-10
2.51704790e-10
2.69286879e-10
2.87721105e-10
3.07038160e-10
3.27263664e-10
3.48407796e-10
3.70529637e-10
3.93669722e-10
4.17870754e-10
4.43177350e-10
4.69558468e-10
4.97116040e-10
5.25913528e-10
5.55982533e-10
5.87295564e-10
6.20000516e-10
6.54153023e-10
6.89692737e-10
7.26780046e-10
7.65488125e-10
8.05784570e-10
8.47792111e-10
8.91613002e-10
9.37264789e-10
9.84804227e-10
1.03437461e-09
1.08605075e-09
1.13985637e-09
1.19591381e-09
1.25434157e-09
1.31523275e-09
1.37868654e-09
1.44480911e-09
1.51370761e-09
1.58551369e-09
1.66036518e-09
1.73839712e-09
1.81974945e-09
1.90458793e-09
1.99307868e-09
2.08539349e-09
2.18172666e-09
2.28227540e-09
2.38726290e-09
2.49689860e-09
2.61148849e-09
2.73127078e-09
2.85653545e-09
2.98766714e-09
3.12496042e-09
3.26886107e-09
3.41977241e-09
3.57815875e-09
3.74469243e-09
3.91986329e-09
4.10445970e-09
4.29925930e-09
4.50511726e-09
4.72311782e-09
4.95441478e-09
5.20041196e-09
5.46255820e-09
5.74257307e-09
6.04239694e-09
6.36412165e-09
6.71010557e-09
7.08304548e-09
7.48599812e-09
