1.61810562e+12
1.86880426e+12
2.19858766e+12
2.64920622e+12
3.28563076e+12
4.19686486e+12
5.48904213e+12
7.27463586e+12
9.66256659e+12
1.27503466e+13
1.66235834e+13
2.13563425e+13
2.70114564e+13
3.36438882e+13
4.12941418e+13
5.00175644e+13
5.98381944e+13
7.08095303e+13
8.29676445e+13
9.63473982e+13
1.10992878e+14
1.26929965e+14
1.44219022e+14
1.62908981e+14
1.83001413e+14
2.04594359e+14
2.27727990e+14
2.52447720e+14
2.78790817e+14
3.06862528e+14
3.36712708e+14
3.68387075e+14
4.01934651e+14
4.37462272e+14
4.75045484e+14
5.14764970e+14
5.56649165e+14
6.00827398e+14
6.47400185e+14
6.96474503e+14
7.48163430e+14
8.02549273e+14
8.59630258e+14
9.19673584e+14
9.82814990e+14
1.04907474e+15
1.11856982e+15
1.19158153e+15
1.26821272e+15
1.34843340e+15
1.43264533e+15
1.52101915e+15
1.61343401e+15
1.71037789e+15
1.81204156e+15
1.91842510e+15
2.02987496e+15
2.14668759e+15
2.26908494e+15
2.39712053e+15
2.53127699e+15
2.67182647e+15
2.81905898e+15
2.97328513e+15
3.13481133e+15
3.30402059e+15
3.48133562e+15
3.66716984e+15
3.86196758e+15
4.06619389e+15
4.28036449e+15
4.50505283e+15
4.74084445e+15
4.98838819e+15
5.24839457e+15
5.52161008e+15
5.80884016e+15
6.11112167e+15
6.42936028e+15
6.76466182e+15
7.11839159e+15
7.49183299e+15
7.88662075e+15
8.30445331e+15
8.74726207e+15
9.21768967e+15
9.71806518e+15
1.02516239e+16
1.08220408e+16
1.14332219e+16
1.20904361e+16
1.27992808e+16
1.35666899e+16
1.44008128e+16
1.53111714e+16
1.63087732e+16
1.74068868e+16
1.86210625e+16
1.99701308e+16
2.14770952e+16
