6.63248306e-13
6.22637634e-13
5.83198406e-13
5.44753153e-13
5.07462331e-13
4.71331068e-13
4.36414970e-13
4.02890040e-13
3.70832594e-13
3.40461187e-13
3.11807349e-13
2.84953105e-13
2.60003357e-13
2.36900636e-13
2.15627203e-13
1.96117184e-13
1.78280230e-13
1.62021145e-13
1.47216807e-13
1.33748722e-13
1.21504536e-13
1.10364454e-13
1.00275974e-13
9.10951473e-14
8.27524081e-14
7.51717355e-14
6.82881556e-14
6.20359278e-14
5.63554932e-14
5.11944117e-14
4.65013580e-14
4.22481155e-14
3.83794574e-14
3.48643289e-14
3.16707021e-14
2.87708187e-14
2.61370042e-14
2.37438058e-14
2.15691660e-14
1.95923508e-14
1.77994693e-14
1.61696299e-14
1.46888636e-14
1.33435283e-14
1.21217540e-14
1.10120113e-14
1.00035893e-14
9.08729838e-15
8.25475435e-15
7.49914119e-15
6.81256971e-15
6.18874624e-15
5.62190854e-15
5.10706249e-15
4.63946140e-15
4.21459658e-15
3.82859172e-15
3.47790015e-15
3.15954316e-15
2.87027429e-15
2.60741761e-15
2.36857169e-15
2.15164068e-15
1.95465161e-15
1.77567735e-15
1.61306627e-15
1.46531444e-15
1.33116318e-15
1.20927229e-15
1.09851769e-15
9.97890340e-16
9.06283921e-16
8.23503260e-16
7.48088329e-16
6.79554465e-16
6.17272280e-16
5.60710549e-16
5.09314228e-16
4.62600368e-16
4.20135992e-16
3.81500520e-16
3.46436006e-16
3.14503036e-16
2.85435019e-16
2.58963935e-16
2.34844788e-16
2.12831999e-16
1.92787650e-16
1.74452261e-16
1.57682486e-16
1.42319898e-16
1.28260673e-16
1.15355001e-16
1.03510136e-16
9.26240410e-17
8.26188002e-17
7.34127508e-17
6.49542871e-17
5.71685406e-17
4.99566014e-17
