1.60747826e+12
1.81259278e+12
2.03607821e+12
2.27919398e+12
2.54297653e+12
2.82899760e+12
3.14001344e+12
3.47811140e+12
3.84660834e+12
4.24833376e+12
4.68736736e+12
5.16777601e+12
5.69441978e+12
6.27224109e+12
6.90704527e+12
7.60498884e+12
8.37278545e+12
9.21715158e+12
1.01463686e+13
1.11693319e+13
1.22955832e+13
1.35344745e+13
1.48993366e+13
1.64010459e+13
1.80544659e+13
1.98749896e+13
2.18782767e+13
2.40832604e+13
2.65109585e+13
2.91838838e+13
3.21250421e+13
3.53637971e+13
3.89281378e+13
4.28526516e+13
4.71737785e+13
5.19288570e+13
5.71622398e+13
6.29241475e+13
6.92681615e+13
7.62510143e+13
8.39368584e+13
9.23970866e+13
1.01711988e+14
1.11967928e+14
1.23254280e+14
1.35675345e+14
1.49351202e+14
1.64409088e+14
1.80988241e+14
1.99227030e+14
2.19307036e+14
2.41415071e+14
2.65756608e+14
2.92545985e+14
3.22028012e+14
3.54488715e+14
3.90229248e+14
4.29581011e+14
4.72869873e+14
5.20527869e+14
5.73000247e+14
6.30775372e+14
6.94365227e+14
7.64341790e+14
8.41385506e+14
9.26210260e+14
1.01960317e+15
1.12234519e+15
1.23544990e+15
1.35997592e+15
1.49707437e+15
1.64776626e+15
1.81395266e+15
1.99666348e+15
2.19775897e+15
2.41906508e+15
2.66239205e+15
2.93000134e+15
3.22427042e+15
3.54771885e+15
3.90288120e+15
4.29282629e+15
4.72047303e+15
5.18921140e+15
5.70244188e+15
6.26369327e+15
6.87623853e+15
7.54480181e+15
8.27249431e+15
9.06365333e+15
9.92211760e+15
1.08529950e+16
1.18598565e+16
1.29470371e+16
1.41197271e+16
1.53820499e+16
1.67400814e+16
1.81960524e+16
1.97543021e+16
2.14147905e+16
