3.57083026e-06
3.62644716e-06
3.67522546e-06
3.71787795e-06
3.75519826e-06
3.78806608e-06
3.81737476e-06
3.84389830e-06
3.86830186e-06
3.89110533e-06
3.91271081e-06
3.93341500e-06
3.95349414e-06
3.97310306e-06
3.99245417e-06
4.01164231e-06
4.03077567e-06
4.04998378e-06
4.06933032e-06
4.08891233e-06
4.10878866e-06
4.12902689e-06
4.14970261e-06
4.17089873e-06
4.19260177e-06
4.21496348e-06
4.23799494e-06
4.26180969e-06
4.28640085e-06
4.31193748e-06
4.33843075e-06
4.36594455e-06
4.39462623e-06
4.42456326e-06
4.45584157e-06
4.48849356e-06
4.52271463e-06
4.55862883e-06
4.59637199e-06
4.63609312e-06
4.67795587e-06
4.72214026e-06
4.76884459e-06
4.81828764e-06
4.87071108e-06
4.92638230e-06
4.98558666e-06
5.04863969e-06
5.11592887e-06
5.18785902e-06
5.26488086e-06
5.34749683e-06
5.43626777e-06
5.53182041e-06
5.63485595e-06
5.74615987e-06
5.86661307e-06
5.99720460e-06
6.13904624e-06
6.29338923e-06
6.46164341e-06
6.64539932e-06
6.84645364e-06
7.06683858e-06
7.30873189e-06
7.57430366e-06
7.86686529e-06
8.18973774e-06
8.54670303e-06
8.94165396e-06
9.37846277e-06
9.86368645e-06
1.04030698e-05
1.10017889e-05
1.16700413e-05
1.24126549e-05
1.32426082e-05
1.41683225e-05
1.52017461e-05
1.63568576e-05
1.76478558e-05
1.90907987e-05
2.07039225e-05
2.25035419e-05
2.45134788e-05
2.67530709e-05
2.92444057e-05
3.20110288e-05
3.50719184e-05
3.84458457e-05
4.21441199e-05
4.61694777e-05
5.05105570e-05
5.51360164e-05
5.99902432e-05
6.49910484e-05
7.00389669e-05
7.50343899e-05
7.98967416e-05
8.45666761e-05
