6.70173888e-13
6.40216150e-13
6.14452464e-13
5.92101191e-13
5.72557964e-13
5.55339785e-13
5.40050636e-13
5.26360716e-13
5.14002219e-13
5.02740559e-13
4.92399098e-13
4.82821079e-13
4.73879571e-13
4.65479425e-13
4.57530933e-13
4.49970973e-13
4.42734878e-13
4.35782036e-13
4.29076595e-13
4.22576531e-13
4.16252069e-13
4.10077284e-13
4.04040522e-13
3.98116148e-13
3.92295042e-13
3.86555068e-13
3.80876529e-13
3.75264597e-13
3.69694309e-13
3.64170332e-13
3.58664627e-13
3.53193345e-13
3.47737250e-13
3.42285613e-13
3.36834580e-13
3.31380198e-13
3.25922221e-13
3.20455572e-13
3.14971011e-13
3.09464706e-13
3.03932910e-13
2.98371984e-13
2.92778431e-13
2.87148913e-13
2.81483085e-13
2.75780210e-13
2.70033360e-13
2.64239813e-13
2.58397100e-13
2.52503019e-13
2.46555650e-13
2.40553366e-13
2.34494840e-13
2.28379059e-13
2.22205324e-13
2.15973259e-13
2.09687617e-13
2.03343905e-13
1.96941173e-13
1.90480267e-13
1.83962412e-13
1.77389234e-13
1.70762781e-13
1.64085556e-13
1.57364338e-13
1.50603880e-13
1.43804814e-13
1.36971846e-13
1.30110498e-13
1.23231678e-13
1.16350687e-13
1.09464283e-13
1.02594847e-13
9.57479304e-14
8.89452283e-14
8.21964668e-14
7.55231599e-14
6.89471300e-14
6.24908338e-14
5.61790029e-14
5.00387923e-14
4.41014238e-14
3.84001872e-14
3.29705880e-14
2.78504240e-14
2.30793288e-14
1.86973498e-14
1.47436994e-14
1.12546807e-14
8.25995627e-15
5.77828959e-15
3.81372788e-15
2.34667471e-15
1.33204017e-15
6.95990656e-16
3.43412740e-16
1.73303946e-16
1.00037087e-16
6.84089210e-17
5.25474798e-17
