6.74702021e-13
6.49071936e-13
6.27419661e-13
6.08962476e-13
5.93096571e-13
5.79337145e-13
5.67285793e-13
5.56613093e-13
5.47053990e-13
5.38390386e-13
5.30451429e-13
5.23101697e-13
5.16235016e-13
5.09758137e-13
5.03613592e-13
4.97733566e-13
4.92088539e-13
4.86625851e-13
4.81320201e-13
4.76142391e-13
4.71075891e-13
4.66094949e-13
4.61193291e-13
4.56346559e-13
4.51544766e-13
4.46777214e-13
4.42032690e-13
4.37299658e-13
4.32582140e-13
4.27864128e-13
4.23127677e-13
4.18392776e-13
4.13625443e-13
4.08843290e-13
4.04016791e-13
3.99171675e-13
3.94271370e-13
3.89333379e-13
3.84347380e-13
3.79296664e-13
3.74195577e-13
3.69035446e-13
3.63800404e-13
3.58486925e-13
3.53117855e-13
3.47663730e-13
3.42120262e-13
3.36483603e-13
3.30770519e-13
3.24961831e-13
3.19048540e-13
3.13026511e-13
3.06901463e-13
3.00676825e-13
2.94331764e-13
2.87861923e-13
2.81268457e-13
2.74567325e-13
2.67729816e-13
2.60751501e-13
2.53648348e-13
2.46413457e-13
2.39026966e-13
2.31507215e-13
2.23849961e-13
2.16032018e-13
2.08098802e-13
2.00001908e-13
1.91784475e-13
1.83410221e-13
1.74928840e-13
1.66309371e-13
1.57568066e-13
1.48735752e-13
1.39805927e-13
1.30797610e-13
1.21731445e-13
1.12630209e-13
1.03519594e-13
9.44437164e-14
8.54247486e-14
7.65186235e-14
6.77694405e-14
5.92374034e-14
5.09890503e-14
4.30987474e-14
3.56478929e-14
2.87239402e-14
2.24187836e-14
1.68234937e-14
1.20215396e-14
8.07739724e-15
5.02176975e-15
2.83344025e-15
1.42382638e-15
6.35857886e-16
2.67634250e-16
1.25262339e-16
7.48300667e-17
5.40550478e-17
