2.79263212e+05
2.73183011e+05
2.66952713e+05
2.60621937e+05
2.54231776e+05
2.47813932e+05
2.41382100e+05
2.34956470e+05
2.28548618e+05
2.22174365e+05
2.15855497e+05
2.09609535e+05
2.03451075e+05
1.97392702e+05
1.91445577e+05
1.85619656e+05
1.79923537e+05
1.74368159e+05
1.68963614e+05
1.63703134e+05
1.58587800e+05
1.53617500e+05
1.48797625e+05
1.44126323e+05
1.39594913e+05
1.35200805e+05
1.30937785e+05
1.26821466e+05
1.22829130e+05
1.18959257e+05
1.15208515e+05
1.11577318e+05
1.08064544e+05
1.04660499e+05
1.01361758e+05
9.81604850e+04
9.50737585e+04
9.20792770e+04
8.91773743e+04
8.63654392e+04
8.36429184e+04
8.10098080e+04
7.84579884e+04
7.59848894e+04
7.35832677e+04
7.12703166e+04
6.90257538e+04
6.68507677e+04
6.47431851e+04
6.27019947e+04
6.07280299e+04
5.88149087e+04
5.69608979e+04
5.51594932e+04
5.34267173e+04
5.17444169e+04
5.01141208e+04
4.85341574e+04
4.70035368e+04
4.55236874e+04
4.40896076e+04
4.26999863e+04
4.13534698e+04
4.00507622e+04
3.87896510e+04
3.75674164e+04
3.63829244e+04
3.52352853e+04
3.41260912e+04
3.30512576e+04
3.20096927e+04
3.10003192e+04
3.00234827e+04
2.90780248e+04
2.81617877e+04
2.72739484e+04
2.64134949e+04
2.55822533e+04
2.47765580e+04
2.39957035e+04
2.32389317e+04
2.25063844e+04
2.17974920e+04
2.11103328e+04
2.04440276e+04
1.97966068e+04
1.91709789e+04
1.85618003e+04
1.79681789e+04
1.73883245e+04
1.68201505e+04
1.62612263e+04
1.57087935e+04
1.51599844e+04
1.46121676e+04
1.40626131e+04
1.35088746e+04
1.29493475e+04
1.23828799e+04
1.18107581e+04
