3.59323118e-06
3.67463219e-06
3.75184290e-06
3.82486031e-06
3.89376708e-06
3.95876236e-06
4.02019402e-06
4.07848726e-06
4.13414416e-06
4.18765776e-06
4.23946979e-06
4.29000249e-06
4.33958975e-06
4.38863179e-06
4.43733297e-06
4.48601916e-06
4.53484307e-06
4.58410412e-06
4.63397154e-06
4.68466064e-06
4.73628863e-06
4.78911537e-06
4.84319708e-06
4.89882158e-06
4.95613740e-06
5.01531920e-06
5.07656845e-06
5.14011411e-06
5.20602379e-06
5.27455758e-06
5.34613610e-06
5.42064417e-06
5.49866973e-06
5.58021240e-06
5.66584379e-06
5.75545677e-06
5.84989209e-06
5.94897633e-06
6.05337715e-06
6.16367201e-06
6.27975544e-06
6.40242236e-06
6.53233549e-06
6.66989068e-06
6.81521927e-06
6.96949947e-06
7.13341809e-06
7.30765708e-06
7.49229023e-06
7.68889034e-06
7.89839651e-06
8.12182870e-06
8.35959361e-06
8.61310603e-06
8.88400059e-06
9.17368220e-06
9.48302825e-06
9.81337656e-06
1.01672704e-05
1.05466611e-05
1.09520160e-05
1.13865468e-05
1.18531870e-05
1.23526187e-05
1.28886550e-05
1.34647806e-05
1.40816442e-05
1.47459258e-05
1.54571697e-05
1.62231949e-05
1.70444704e-05
1.79276973e-05
1.88775435e-05
1.98967722e-05
2.09920038e-05
2.21688661e-05
2.34329982e-05
2.47905351e-05
2.62479433e-05
2.78100136e-05
2.94862472e-05
3.12808879e-05
3.32022988e-05
3.52566800e-05
3.74500769e-05
3.97880094e-05
4.22750080e-05
4.49143834e-05
4.77072577e-05
5.06522871e-05
5.37445950e-05
5.69753165e-05
6.03303848e-05
6.37911012e-05
6.73343006e-05
7.09344980e-05
7.45661139e-05
7.82066972e-05
8.18369564e-05
8.54397699e-05
