5.19189816e-21
4.80607653e-21
4.43074460e-21
4.06510481e-21
3.70909218e-21
3.36415210e-21
3.03184765e-21
2.71473730e-21
2.41381769e-21
2.13183235e-21
1.87064228e-21
1.63091850e-21
1.41520240e-21
1.22179888e-21
1.05073172e-21
9.00865107e-22
7.70618138e-22
6.58286528e-22
5.61742960e-22
4.79016942e-22
4.08294165e-22
3.47790008e-22
2.96539518e-22
2.52701035e-22
2.15324635e-22
1.83460902e-22
1.56331989e-22
1.33216026e-22
1.13511177e-22
9.67160595e-23
8.23776512e-23
7.02260248e-23
5.98417545e-23
5.09889480e-23
4.34425591e-23
3.70178226e-23
3.15447661e-23
2.68795327e-23
2.29029103e-23
1.95092480e-23
1.66293862e-23
1.41701286e-23
1.20737658e-23
1.02869894e-23
8.76573951e-24
7.46990753e-24
6.36519933e-24
5.42344110e-24
4.62013606e-24
3.93767373e-24
3.35537973e-24
2.85905070e-24
2.43600751e-24
2.07575526e-24
1.76887924e-24
1.50725166e-24
1.28422892e-24
1.09411625e-24
9.32421605e-25
7.94558824e-25
6.77036953e-25
5.76854518e-25
4.91527521e-25
4.18853737e-25
3.56902887e-25
3.04099100e-25
2.59094293e-25
2.20798320e-25
1.88150861e-25
1.60317401e-25
1.36590371e-25
1.16381102e-25
9.91720086e-26
8.45017756e-26
7.19955769e-26
6.13336096e-26
5.22565431e-26
4.45172552e-26
3.79171229e-26
3.22884281e-26
2.74810557e-26
2.33990822e-26
1.99077201e-26
1.69261806e-26
1.43791078e-26
1.22023959e-26
1.03405912e-26
8.75013706e-27
7.38739834e-27
6.21698990e-27
5.21867610e-27
4.36036203e-27
3.62418125e-27
2.99319279e-27
2.45293976e-27
1.99096283e-27
1.59715809e-27
1.26231601e-27
9.79136319e-28
7.39336969e-28
