5.83136172e-17
5.40199580e-17
4.98859400e-17
4.58907728e-17
4.20513338e-17
3.83676202e-17
3.48462520e-17
3.15058161e-17
2.83544756e-17
2.54144163e-17
2.26877025e-17
2.01807391e-17
1.79013798e-17
1.58396056e-17
1.39889148e-17
1.23372675e-17
1.08699514e-17
9.57167444e-18
8.42515545e-18
7.41411358e-18
6.52349687e-18
5.73836998e-18
5.05008924e-18
4.44325347e-18
3.90917277e-18
3.43915052e-18
3.02578111e-18
2.66214663e-18
2.34218153e-18
2.06064127e-18
1.81266737e-18
1.59509667e-18
1.40338544e-18
1.23467478e-18
1.08622165e-18
9.55671859e-19
8.40839635e-19
7.39788737e-19
6.50860418e-19
5.72560680e-19
5.03795199e-19
4.43243423e-19
3.89963411e-19
3.43083304e-19
3.01851989e-19
2.65581829e-19
2.33660923e-19
2.05569180e-19
1.80848249e-19
1.59119037e-19
1.39997406e-19
1.23171401e-19
1.08364564e-19
9.53395071e-20
8.38819670e-20
7.37991628e-20
6.49271050e-20
5.71208862e-20
5.02579678e-20
4.42187125e-20
3.89037656e-20
3.42263486e-20
3.01118098e-20
2.64931514e-20
2.33090381e-20
2.05072986e-20
1.80418887e-20
1.58739625e-20
1.39661660e-20
1.22872178e-20
1.08098220e-20
9.50670672e-21
8.36741945e-21
7.36166460e-21
6.47648996e-21
5.69740033e-21
5.01214070e-21
4.40906575e-21
3.87821228e-21
3.41088177e-21
2.99906291e-21
2.63722533e-21
2.31804247e-21
2.03666659e-21
1.78852714e-21
1.56959743e-21
1.37609396e-21
1.20559247e-21
1.05456770e-21
9.20865397e-22
8.02308608e-22
6.97366990e-22
6.04177157e-22
5.21490509e-22
4.48063237e-22
3.82899203e-22
3.25053950e-22
2.73842900e-22
2.28491995e-22
1.88111994e-22
