4.59147391e-25
4.21865658e-25
3.85778008e-25
3.50800140e-25
3.16926394e-25
2.84299067e-25
2.53072796e-25
2.23494922e-25
1.95665004e-25
1.69841244e-25
1.46192899e-25
1.24769901e-25
1.05792531e-25
8.90712864e-26
7.45743685e-26
6.21558631e-26
5.16265391e-26
4.27846639e-26
3.53974962e-26
2.92518251e-26
2.41554055e-26
1.99278046e-26
1.64599005e-26
1.35851989e-26
1.12112928e-26
9.25127968e-27
7.63507556e-27
6.30125571e-27
5.20001245e-27
4.29093034e-27
3.53916027e-27
2.92243270e-27
2.41187649e-27
1.99033658e-27
1.64231934e-27
1.35535095e-27
1.11858017e-27
9.23113624e-28
7.61755398e-28
6.28382607e-28
5.18806722e-28
4.28161090e-28
3.53321912e-28
2.91542258e-28
2.40600451e-28
1.98575282e-28
1.63878711e-28
1.35233055e-28
1.11567112e-28
9.20973727e-29
7.60057912e-29
6.27216607e-29
5.17561150e-29
4.27128850e-29
3.52524753e-29
2.90924311e-29
2.40065960e-29
1.98076176e-29
1.63488532e-29
1.34927083e-29
1.11347858e-29
9.18819313e-30
7.58251631e-30
6.25798062e-30
5.16438239e-30
4.26159089e-30
3.51639727e-30
2.90229543e-30
2.39528318e-30
1.97665789e-30
1.63103360e-30
1.34591512e-30
1.11076286e-30
9.16616803e-31
7.56332223e-31
6.24000497e-31
5.14895881e-31
4.24802941e-31
3.50391824e-31
2.88934718e-31
2.38097418e-31
1.96315650e-31
1.61706093e-31
1.33091658e-31
1.09427319e-31
8.98518943e-32
7.36472485e-32
6.02559450e-32
4.91580289e-32
3.99413379e-32
3.23501256e-32
2.60450327e-32
2.08267752e-32
1.65154839e-32
1.29621297e-32
1.00421584e-32
7.65512640e-33
5.71390360e-33
4.14968523e-33
2.89415846e-33
