5.26581647e-21
4.99983994e-21
4.78048043e-21
4.59722358e-21
4.44236509e-21
4.31001838e-21
4.19555992e-21
4.09531264e-21
4.00640231e-21
3.92652708e-21
3.85391479e-21
3.78718214e-21
3.72525685e-21
3.66721627e-21
3.61248212e-21
3.56040086e-21
3.51067165e-21
3.46279899e-21
3.41653622e-21
3.37160845e-21
3.32785548e-21
3.28504130e-21
3.24310067e-21
3.20181590e-21
3.16109482e-21
3.12084091e-21
3.08095499e-21
3.04133686e-21
3.00201742e-21
2.96286111e-21
2.92371872e-21
2.88475497e-21
2.84569051e-21
2.80667074e-21
2.76745645e-21
2.72825851e-21
2.68878343e-21
2.64917552e-21
2.60935487e-21
2.56919231e-21
2.52880625e-21
2.48813202e-21
2.44704977e-21
2.40553805e-21
2.36378048e-21
2.32155336e-21
2.27883067e-21
2.23559036e-21
2.19196789e-21
2.14782380e-21
2.10309810e-21
2.05776867e-21
2.01188760e-21
1.96548907e-21
1.91842727e-21
1.87068075e-21
1.82226912e-21
1.77331974e-21
1.72363379e-21
1.67319203e-21
1.62212226e-21
1.57038685e-21
1.51785752e-21
1.46467880e-21
1.41083423e-21
1.35617633e-21
1.30103730e-21
1.24509612e-21
1.18866722e-21
1.13151824e-21
1.07400515e-21
1.01593481e-21
9.57435826e-22
8.98732053e-22
8.39798059e-22
7.80778489e-22
7.21827509e-22
6.63112048e-22
6.04816607e-22
5.47240935e-22
4.90542662e-22
4.35089398e-22
3.81169355e-22
3.29164870e-22
2.79488638e-22
2.32590012e-22
1.88946445e-22
1.49053003e-22
1.13406785e-22
8.24691246e-23
5.66186685e-23
3.60794315e-23
2.08343917e-23
1.05318282e-23
4.42771584e-24
1.43339799e-24
3.17976034e-25
4.17575271e-26
3.86726034e-27
9.45480217e-28
