5.90692222e-17
5.59449848e-17
5.33006672e-17
5.10377488e-17
4.90823970e-17
4.73773648e-17
4.58770451e-17
4.45444430e-17
4.33500939e-17
4.22688162e-17
4.12817703e-17
4.03725661e-17
3.95280630e-17
3.87384232e-17
3.79945431e-17
3.72899810e-17
3.66182805e-17
3.59753224e-17
3.53574988e-17
3.47606970e-17
3.41819861e-17
3.36188300e-17
3.30700239e-17
3.25331159e-17
3.20071762e-17
3.14901170e-17
3.09800949e-17
3.04775126e-17
2.99800811e-17
2.94881728e-17
2.89992557e-17
2.85147336e-17
2.80328743e-17
2.75527126e-17
2.70738965e-17
2.65960691e-17
2.61192011e-17
2.56428425e-17
2.51661871e-17
2.46889053e-17
2.42106780e-17
2.37311992e-17
2.32501783e-17
2.27673414e-17
2.22826736e-17
2.17961270e-17
2.13071285e-17
2.08154676e-17
2.03209583e-17
1.98234397e-17
1.93227768e-17
1.88188618e-17
1.83116141e-17
1.78009809e-17
1.72869379e-17
1.67694889e-17
1.62490637e-17
1.57253267e-17
1.51982394e-17
1.46679134e-17
1.41344927e-17
1.35981554e-17
1.30591150e-17
1.25176232e-17
1.19742781e-17
1.14295122e-17
1.08834268e-17
1.03364541e-17
9.78909209e-18
9.24226731e-18
8.69724892e-18
8.15383678e-18
7.61385483e-18
7.07779578e-18
6.54741430e-18
6.02352356e-18
5.50784856e-18
5.00212546e-18
4.50812649e-18
4.02778380e-18
3.56319643e-18
3.11674814e-18
2.69094778e-18
2.28843232e-18
1.91196159e-18
1.56437017e-18
1.24844573e-18
9.66817786e-19
7.21783197e-19
5.15013249e-19
3.47228828e-19
2.17912411e-19
1.24707052e-19
6.33449538e-20
2.75788436e-20
9.91891063e-21
2.93874863e-21
8.44598172e-22
3.43861737e-22
2.07823468e-22
