8.73587348e-05
8.59201629e-05
8.46537397e-05
8.35350320e-05
8.25430968e-05
8.16591746e-05
8.08662011e-05
8.01487936e-05
7.94937891e-05
7.88896991e-05
7.83271958e-05
7.77986426e-05
7.72979079e-05
7.68193498e-05
7.63596343e-05
7.59144085e-05
7.54820164e-05
7.50588900e-05
7.46434321e-05
7.42336497e-05
7.38284714e-05
7.34260232e-05
7.30259461e-05
7.26263639e-05
7.22265248e-05
7.18255855e-05
7.14226250e-05
7.10166582e-05
7.06080161e-05
7.01952837e-05
6.97768191e-05
6.93543189e-05
6.89246620e-05
6.84893242e-05
6.80454883e-05
6.75953836e-05
6.71354587e-05
6.66671717e-05
6.61893666e-05
6.57002207e-05
6.52008934e-05
6.46903103e-05
6.41666309e-05
6.36291940e-05
6.30800268e-05
6.25158140e-05
6.19357431e-05
6.13390176e-05
6.07270323e-05
6.00973372e-05
5.94484949e-05
5.87795498e-05
5.80906225e-05
5.73815875e-05
5.66495057e-05
5.58932324e-05
5.51122299e-05
5.43077315e-05
5.34755760e-05
5.26143971e-05
5.17253322e-05
5.08066701e-05
4.98549251e-05
4.88714428e-05
4.78546355e-05
4.68002447e-05
4.57132131e-05
4.45856319e-05
4.34221208e-05
4.22160648e-05
4.09730654e-05
3.96869521e-05
3.83582832e-05
3.69898705e-05
3.55787034e-05
3.41255633e-05
3.26314171e-05
3.10974890e-05
2.95253806e-05
2.79198417e-05
2.62816981e-05
2.46177702e-05
2.29327745e-05
2.12345288e-05
1.95323320e-05
1.78374641e-05
1.61633274e-05
1.45256647e-05
1.29428408e-05
1.14355202e-05
1.00262678e-05
8.73828436e-06
7.59341521e-06
6.60881705e-06
5.79264330e-06
5.14053266e-06
4.63387555e-06
4.24422154e-06
3.94155245e-06
3.70164596e-06
