2.77794596e+05
2.70470278e+05
2.63183093e+05
2.55956014e+05
2.48827005e+05
2.41789045e+05
2.34856841e+05
2.28035237e+05
2.21335397e+05
2.14764524e+05
2.08325246e+05
2.02024710e+05
1.95868094e+05
1.89859362e+05
1.84001638e+05
1.78298709e+05
1.72753569e+05
1.67363674e+05
1.62128507e+05
1.57046622e+05
1.52116552e+05
1.47338459e+05
1.42705597e+05
1.38214826e+05
1.33862767e+05
1.29647841e+05
1.25565739e+05
1.21610758e+05
1.17779066e+05
1.14066889e+05
1.10474170e+05
1.06993824e+05
1.03622524e+05
1.00356862e+05
9.71947624e+04
9.41330712e+04
9.11671069e+04
8.82939641e+04
8.55099637e+04
8.28172680e+04
8.02082896e+04
7.76810155e+04
7.52328243e+04
7.28620470e+04
7.05667298e+04
6.83432958e+04
6.61895674e+04
6.41021119e+04
6.20841106e+04
6.01282892e+04
5.82336292e+04
5.63982499e+04
5.46208644e+04
5.29002668e+04
5.12336055e+04
4.96191669e+04
4.80538910e+04
4.65413704e+04
4.50751095e+04
4.36547497e+04
4.22789090e+04
4.09465090e+04
3.96567599e+04
3.84073795e+04
3.71970789e+04
3.60232774e+04
3.48896353e+04
3.37904821e+04
3.27257876e+04
3.16944691e+04
3.06956094e+04
2.97287302e+04
2.87920823e+04
2.78847451e+04
2.70058377e+04
2.61549810e+04
2.53310694e+04
2.45329595e+04
2.37598210e+04
2.30109284e+04
2.22860422e+04
2.15838119e+04
2.09035085e+04
2.02443746e+04
1.96058847e+04
1.89870734e+04
1.83867282e+04
1.78038258e+04
1.72372505e+04
1.66854865e+04
1.61479922e+04
1.56220743e+04
1.51073580e+04
1.46015902e+04
1.41036469e+04
1.36124448e+04
1.31269167e+04
1.26467038e+04
1.21710177e+04
1.17008364e+04
