6.35614693e-28
7.57331234e-28
8.99775346e-28
1.06671988e-27
1.26223577e-27
1.49159732e-27
1.76067927e-27
2.07544023e-27
2.44501661e-27
2.87819986e-27
3.38550838e-27
3.98039867e-27
4.67796234e-27
5.49505235e-27
6.45325740e-27
7.57742710e-27
8.89680953e-27
1.04457813e-26
1.22644273e-26
1.43928605e-26
1.68917286e-26
1.98261039e-26
2.32726008e-26
2.73160429e-26
3.20537013e-26
3.76176859e-26
4.41527435e-26
5.18290930e-26
6.08198979e-26
7.13701277e-26
8.37617054e-26
9.83180087e-26
1.15403538e-25
1.35414270e-25
1.58914360e-25
1.86515518e-25
2.18938721e-25
2.56927467e-25
3.01495512e-25
3.53842017e-25
4.15329797e-25
4.87518828e-25
5.72040156e-25
6.71300790e-25
7.87889546e-25
9.24857702e-25
1.08538216e-24
1.27365019e-24
1.49476005e-24
1.75446745e-24
2.05946839e-24
2.41649423e-24
2.83580239e-24
3.32831928e-24
3.90689443e-24
4.58516462e-24
5.38037691e-24
6.31429262e-24
7.41127411e-24
8.69991633e-24
1.02083113e-23
1.19796218e-23
1.40600503e-23
1.65037684e-23
1.93694928e-23
2.27284334e-23
2.66734681e-23
3.13075048e-23
3.67512434e-23
4.31246703e-23
5.06065081e-23
5.93936770e-23
6.97154092e-23
8.18242038e-23
9.60137668e-23
1.12679206e-22
1.32254219e-22
1.55248254e-22
1.82175085e-22
2.13776620e-22
2.50892247e-22
2.94488847e-22
3.45644465e-22
4.05553753e-22
4.75872572e-22
5.58379607e-22
6.55130062e-22
7.68285003e-22
9.00508798e-22
1.05497426e-21
1.23507321e-21
1.44461856e-21
1.68793859e-21
1.96979072e-21
2.29559891e-21
2.67161153e-21
3.10494708e-21
3.60347547e-21
4.17679882e-21
4.83556693e-21
