6.65197210e-13
6.30430001e-13
6.00055670e-13
5.73303054e-13
5.49568612e-13
5.28370188e-13
5.09312001e-13
4.92062870e-13
4.76344960e-13
4.61931750e-13
4.48627267e-13
4.36266293e-13
4.24713476e-13
4.13854919e-13
4.03605831e-13
3.93870852e-13
3.84601005e-13
3.75724994e-13
3.67198225e-13
3.58982547e-13
3.51040116e-13
3.43347927e-13
3.35870629e-13
3.28584545e-13
3.21485925e-13
3.14538923e-13
3.07732641e-13
3.01055939e-13
2.94501070e-13
2.88045890e-13
2.81684586e-13
2.75412782e-13
2.69225881e-13
2.63110169e-13
2.57059726e-13
2.51068998e-13
2.45140703e-13
2.39263745e-13
2.33432956e-13
2.27643613e-13
2.21891483e-13
2.16176587e-13
2.10507306e-13
2.04865905e-13
1.99249967e-13
1.93667484e-13
1.88117756e-13
1.82588523e-13
1.77082971e-13
1.71613119e-13
1.66161969e-13
1.60730321e-13
1.55336205e-13
1.49961994e-13
1.44609501e-13
1.39290451e-13
1.33999199e-13
1.28734370e-13
1.23499080e-13
1.18303692e-13
1.13141635e-13
1.08016419e-13
1.02931701e-13
9.78912753e-14
9.28999210e-14
8.79609786e-14
8.30778771e-14
7.82555586e-14
7.34993230e-14
6.88151607e-14
6.42091473e-14
5.96875170e-14
5.52577182e-14
5.09274521e-14
4.67049087e-14
4.25992986e-14
3.86205172e-14
3.47771148e-14
3.10812629e-14
2.75443317e-14
2.41769642e-14
2.09925635e-14
1.80031405e-14
1.52219317e-14
1.26617675e-14
1.03326719e-14
8.24701991e-15
6.41267892e-15
4.83507149e-15
3.51617139e-15
2.45057632e-15
1.62660211e-15
1.02326572e-15
6.10550970e-16
3.50665497e-16
2.01704592e-16
1.23538664e-16
8.42445956e-17
6.35148407e-17
5.12382064e-17
