7.60988154e-09
7.30146147e-09
6.99422815e-09
6.68770050e-09
6.38168276e-09
6.07708497e-09
5.77484623e-09
5.47681234e-09
5.18340659e-09
4.89682599e-09
4.61866831e-09
4.34974178e-09
4.09264607e-09
3.84675148e-09
3.61305807e-09
3.39179251e-09
3.18291139e-09
2.98643398e-09
2.80170088e-09
2.62813339e-09
2.46516652e-09
2.31200432e-09
2.16898416e-09
2.03450776e-09
1.90830767e-09
1.78988219e-09
1.67890213e-09
1.57482065e-09
1.47715981e-09
1.38552277e-09
1.29944712e-09
1.21901668e-09
1.14342805e-09
1.07249776e-09
1.00594437e-09
9.43573312e-10
8.85084824e-10
8.30199748e-10
7.78695071e-10
7.30329275e-10
6.85103821e-10
6.42623557e-10
6.02764348e-10
5.65364900e-10
5.30309696e-10
4.97436858e-10
4.66587527e-10
4.37638968e-10
4.10465617e-10
3.85039707e-10
3.61168308e-10
3.38768456e-10
3.17748821e-10
2.98043377e-10
2.79566757e-10
2.62228858e-10
2.45960758e-10
2.30695697e-10
2.16400965e-10
2.02984841e-10
1.90394705e-10
1.78580206e-10
1.67504006e-10
1.57120624e-10
1.47377713e-10
1.38235712e-10
1.29657278e-10
1.21621153e-10
1.14080116e-10
1.07003610e-10
1.00363535e-10
9.41379222e-11
8.83019998e-11
8.28251336e-11
7.76849148e-11
7.28604831e-11
6.83391834e-11
6.40959124e-11
6.01123021e-11
5.63718021e-11
5.28556822e-11
4.95635629e-11
4.64648908e-11
4.35503821e-11
4.08076279e-11
3.82247818e-11
3.57898295e-11
3.34947166e-11
3.13251591e-11
2.92693856e-11
2.73277785e-11
2.54834019e-11
2.37310843e-11
2.20643127e-11
2.04770418e-11
1.89633572e-11
1.75195869e-11
1.61397365e-11
1.48200653e-11
1.35495075e-11
