4.63706779e-25
4.30366255e-25
3.97563188e-25
3.65184340e-25
3.33367485e-25
3.02104917e-25
2.71664492e-25
2.42266235e-25
2.14145569e-25
1.87569280e-25
1.62811220e-25
1.40079550e-25
1.19518023e-25
1.01198920e-25
8.51173963e-26
7.11937107e-26
5.92657399e-26
4.92320312e-26
4.07827997e-26
3.37279018e-26
2.78629807e-26
2.30088418e-26
1.89964004e-26
1.56794281e-26
1.29392645e-26
1.06752008e-26
8.81296649e-27
7.27357051e-27
6.00227660e-27
4.95259228e-27
4.08717121e-27
3.37347535e-27
2.78410313e-27
2.29742578e-27
1.89557984e-27
1.56464204e-27
1.29132315e-27
1.06563184e-27
8.79296260e-28
7.25649129e-28
5.98945864e-28
4.94302453e-28
4.07888235e-28
3.36539546e-28
2.77779440e-28
2.29261100e-28
1.89197491e-28
1.56117389e-28
1.28834031e-28
1.06336972e-28
8.77572075e-29
7.24154959e-29
5.97496371e-29
4.93174871e-29
4.07043240e-29
3.35912722e-29
2.77176110e-29
2.28726270e-29
1.88785230e-29
1.55802171e-29
1.28568499e-29
1.06083747e-29
8.75600377e-30
7.22669902e-30
5.96372054e-30
4.92087326e-30
4.05680369e-30
3.35162570e-30
2.76610077e-30
2.28258289e-30
1.88332686e-30
1.55433334e-30
1.28276220e-30
1.05848962e-30
8.73300094e-31
7.19990415e-31
5.94511477e-31
4.90440343e-31
4.04460873e-31
3.33430621e-31
2.74817581e-31
2.26428582e-31
1.86422905e-31
1.53341277e-31
1.25978693e-31
1.03341370e-31
8.45854067e-32
6.91182919e-32
5.62841481e-32
4.56434056e-32
3.68564886e-32
2.95743655e-32
2.35503005e-32
1.85802726e-32
1.44895239e-32
1.11364939e-32
8.40305276e-33
6.19135050e-33
4.41971243e-33
3.00900945e-33
