6.68025622e-13
6.31585705e-13
5.95635638e-13
5.60114662e-13
5.25009293e-13
4.90442344e-13
4.56543881e-13
4.23546395e-13
3.91523988e-13
3.60742719e-13
3.31393739e-13
3.03567419e-13
2.77554510e-13
2.53253240e-13
2.30744243e-13
2.10007883e-13
1.90987027e-13
1.73621083e-13
1.57784915e-13
1.43362225e-13
1.30240936e-13
1.18291413e-13
1.07491327e-13
9.76519646e-14
8.87088095e-14
8.05807840e-14
7.32035131e-14
6.65026173e-14
6.04132286e-14
5.48796677e-14
4.98447171e-14
4.52906587e-14
4.11441599e-14
3.73756528e-14
3.39510663e-14
3.08428475e-14
2.80200017e-14
2.54545816e-14
2.31230438e-14
2.10022188e-14
1.90822285e-14
1.73351605e-14
1.57475354e-14
1.43048731e-14
1.29952931e-14
1.18059367e-14
1.07249311e-14
9.74246198e-15
8.84920242e-15
8.03988530e-15
7.30390648e-15
6.63507572e-15
6.02724807e-15
5.47537512e-15
4.97419954e-15
4.51870961e-15
4.10478713e-15
3.72862845e-15
3.38750475e-15
3.07742937e-15
2.79561040e-15
2.53948060e-15
2.30691604e-15
2.09576223e-15
1.90387562e-15
1.72950271e-15
1.57104127e-15
1.42727499e-15
1.29661118e-15
1.17785489e-15
1.06993221e-15
9.71935623e-16
8.82969606e-16
8.02109725e-16
7.28612393e-16
6.61804022e-16
6.01164871e-16
5.46046417e-16
4.95932175e-16
4.50361918e-16
4.08870663e-16
3.71266433e-16
3.36980286e-16
3.05750200e-16
2.77289857e-16
2.51338152e-16
2.27648217e-16
2.06032797e-16
1.86250031e-16
1.68098649e-16
1.51516807e-16
1.36267773e-16
1.22251241e-16
1.09357291e-16
9.74868488e-17
8.65486780e-17
7.64743445e-17
6.71858535e-17
5.86256955e-17
5.06864377e-17
