5.95461596e-17
5.68629472e-17
5.46267305e-17
5.27421842e-17
5.11379167e-17
4.97582370e-17
4.85585715e-17
4.75028925e-17
4.65626953e-17
4.57148929e-17
4.49415805e-17
4.42286922e-17
4.35652724e-17
4.29418145e-17
4.23524001e-17
4.17902216e-17
4.12522153e-17
4.07331684e-17
4.02305242e-17
3.97413921e-17
3.92641078e-17
3.87961623e-17
3.83368971e-17
3.78839738e-17
3.74364167e-17
3.69931941e-17
3.65532376e-17
3.61154594e-17
3.56802163e-17
3.52460202e-17
3.48112205e-17
3.43776521e-17
3.39422075e-17
3.35065055e-17
3.30678699e-17
3.26286537e-17
3.21855603e-17
3.17401970e-17
3.12916550e-17
3.08384625e-17
3.03819387e-17
2.99213372e-17
2.94552799e-17
2.89834980e-17
2.85080577e-17
2.80263903e-17
2.75381692e-17
2.70431108e-17
2.65427379e-17
2.60354221e-17
2.55204391e-17
2.49974955e-17
2.44671544e-17
2.39297756e-17
2.33836308e-17
2.28284248e-17
2.22643391e-17
2.16928146e-17
2.11114844e-17
2.05200682e-17
1.99200119e-17
1.93108233e-17
1.86909334e-17
1.80619879e-17
1.74237351e-17
1.67743609e-17
1.61177501e-17
1.54500152e-17
1.47748402e-17
1.40893745e-17
1.33978172e-17
1.26977764e-17
1.19907222e-17
1.12792884e-17
1.05630944e-17
9.84382027e-18
9.12326881e-18
8.40340617e-18
7.68642166e-18
6.97593696e-18
6.27383639e-18
5.58461813e-18
4.91182411e-18
4.26019898e-18
3.63491157e-18
3.04164730e-18
2.48651839e-18
1.97595325e-18
1.51652680e-18
1.11451055e-18
7.75305539e-19
5.02543526e-19
2.96973462e-19
1.55191105e-19
6.87301689e-20
2.44014193e-20
6.58915752e-21
1.45004282e-21
4.19168026e-22
2.18254005e-22
