5.23894893e-21
4.89421877e-21
4.55352325e-21
4.21570608e-21
3.88213759e-21
3.55266223e-21
3.22997465e-21
2.91627713e-21
2.61394741e-21
2.32573161e-21
2.05451652e-21
1.80256395e-21
1.57153591e-21
1.36242597e-21
1.17549487e-21
1.01027714e-21
8.65463096e-22
7.40496531e-22
6.32394891e-22
5.39509950e-22
4.59955888e-22
3.92064772e-22
3.34168847e-22
2.84773154e-22
2.42647277e-22
2.06710979e-22
1.76187743e-22
1.50138500e-22
1.27927463e-22
1.08992421e-22
9.28736615e-23
7.91483262e-23
6.74447937e-23
5.74656867e-23
4.89577317e-23
4.17233913e-23
3.55547415e-23
3.02955290e-23
2.58120558e-23
2.19946225e-23
1.87440992e-23
1.59721874e-23
1.36087512e-23
1.15939436e-23
9.88071196e-24
8.42011072e-24
7.17475643e-24
6.11296354e-24
5.20871031e-24
4.43885814e-24
3.78241898e-24
3.22277567e-24
2.74570811e-24
2.33997748e-24
1.99408441e-24
1.69913436e-24
1.44765386e-24
1.23347512e-24
1.05117794e-24
8.95746890e-25
7.63231229e-25
6.50256074e-25
5.54151330e-25
4.72228693e-25
4.02375438e-25
3.42823565e-25
2.91891211e-25
2.48937246e-25
2.12129394e-25
1.80743742e-25
1.53983696e-25
1.31216195e-25
1.11812449e-25
9.52674816e-26
8.11608413e-26
6.91042027e-26
5.89084023e-26
5.01797882e-26
4.27335682e-26
3.63814134e-26
3.09684884e-26
2.63534060e-26
2.24124399e-26
1.90459586e-26
1.61691485e-26
1.37098680e-26
1.16041963e-26
9.80844967e-27
8.26762970e-27
6.94575461e-27
5.81521920e-27
4.84451832e-27
4.01172163e-27
3.29833240e-27
2.68775285e-27
2.16633122e-27
1.72240551e-27
1.34616715e-27
1.02909037e-27
7.61859300e-28
