6.64461757e-28
8.17928688e-28
9.97245541e-28
1.20705305e-27
1.45318118e-27
1.74121775e-27
2.07779614e-27
2.47179586e-27
2.93202406e-27
3.47034618e-27
4.10002234e-27
4.83657840e-27
5.69841982e-27
6.70735575e-27
7.88918816e-27
9.27434764e-27
1.08975081e-26
1.27992561e-26
1.50298830e-26
1.76468159e-26
2.07176613e-26
2.43190479e-26
2.85421471e-26
3.34998330e-26
3.93204153e-26
4.61498454e-26
5.41643666e-26
6.35642742e-26
7.45994417e-26
8.75564285e-26
1.02763080e-25
1.20595196e-25
1.41530699e-25
1.66109103e-25
1.94936906e-25
2.28795521e-25
2.68496236e-25
3.15111179e-25
3.69848465e-25
4.34095667e-25
5.09414328e-25
5.97829885e-25
7.01628429e-25
8.23348419e-25
9.66432742e-25
1.13415536e-24
1.33108035e-24
1.56228581e-24
1.83366093e-24
2.15174519e-24
2.52516942e-24
2.96362757e-24
3.47849945e-24
4.08239732e-24
4.79087108e-24
5.62257142e-24
6.59897998e-24
7.74525702e-24
9.08885622e-24
1.06664074e-23
1.25187283e-23
1.46936391e-23
1.72445875e-23
2.02366012e-23
2.37491153e-23
2.78733030e-23
3.27161971e-23
3.83926731e-23
4.50567835e-23
5.28804080e-23
6.20654527e-23
7.28401138e-23
8.54776112e-23
1.00315706e-22
1.17738947e-22
1.38191042e-22
1.62176926e-22
1.90320961e-22
2.23359902e-22
2.62148845e-22
3.07656849e-22
3.61012083e-22
4.23611232e-22
4.97005857e-22
5.82895669e-22
6.83323973e-22
8.00348641e-22
9.36424405e-22
1.09401122e-21
1.27560443e-21
1.48368480e-21
1.72071207e-21
1.98914773e-21
2.29139599e-21
2.62995099e-21
3.00727172e-21
3.42622787e-21
3.88976043e-21
4.40191280e-21
4.96716285e-21
