2.72631380e-33
4.80997184e-33
1.25999598e-32
4.67530843e-32
1.68252599e-31
4.98734288e-31
1.22123519e-30
2.56297120e-30
4.77452245e-30
8.11026023e-30
1.28251947e-29
1.91599469e-29
2.73602075e-29
3.76637589e-29
5.03146566e-29
6.55568488e-29
8.36597550e-29
1.04884230e-28
1.29495953e-28
1.57823596e-28
1.90203665e-28
2.27000818e-28
2.68516080e-28
3.15225651e-28
3.67480015e-28
4.25797681e-28
4.90777253e-28
5.62825036e-28
6.42616239e-28
7.30701563e-28
8.28038897e-28
9.34837923e-28
1.05230535e-27
1.18131661e-27
1.32277604e-27
1.47762674e-27
1.64668518e-27
1.83140607e-27
2.03304012e-27
2.25294106e-27
2.49257401e-27
2.75352417e-27
3.03750605e-27
3.34637297e-27
3.68212725e-27
4.04676662e-27
4.44232453e-27
4.87163848e-27
5.33741912e-27
5.84258979e-27
6.39030187e-27
6.98395136e-27
7.62719715e-27
8.32398111e-27
9.07855046e-27
9.89548287e-27
1.07797147e-26
1.17362538e-26
1.27708826e-26
1.38903233e-26
1.51013873e-26
1.64114641e-26
1.78285830e-26
1.93608548e-26
2.10172607e-26
2.28086816e-26
2.47464163e-26
2.68428565e-26
2.91116102e-26
3.15645876e-26
3.42175746e-26
3.70913231e-26
4.01987561e-26
4.35660904e-26
4.72099144e-26
5.11597040e-26
5.54411079e-26
6.00833962e-26
6.51199082e-26
7.05883857e-26
7.65311089e-26
8.29942261e-26
9.00306419e-26
9.77005079e-26
1.06072644e-25
1.15226023e-25
1.25252739e-25
1.36260624e-25
1.48377371e-25
1.61755004e-25
1.76581860e-25
1.93079646e-25
2.11528061e-25
2.32271940e-25
2.55743631e-25
2.82486544e-25
3.13187535e-25
3.48731634e-25
3.90276356e-25
4.39372427e-25
