6.63092566e-28
8.56632788e-28
1.16445366e-27
1.70135284e-27
2.68391079e-27
4.44160139e-27
7.38995695e-27
1.19873201e-26
1.87077557e-26
2.80288093e-26
4.04291199e-26
5.64058980e-26
7.64659334e-26
1.01200335e-25
1.31174474e-25
1.67094855e-25
2.09632465e-25
2.59672353e-25
3.18096297e-25
3.85949470e-25
4.64263906e-25
5.54415308e-25
6.57580699e-25
7.75509431e-25
9.09876025e-25
1.06258395e-24
1.23580928e-24
1.43204935e-24
1.65351327e-24
1.90324442e-24
2.18527554e-24
2.50183030e-24
2.85834676e-24
3.25808804e-24
3.70745392e-24
4.20976221e-24
4.77404398e-24
5.40399192e-24
6.10890114e-24
6.89849486e-24
7.77816369e-24
8.76053207e-24
9.85846884e-24
1.10836044e-23
1.24457552e-23
1.39655137e-23
1.56605176e-23
1.75496793e-23
1.96461832e-23
2.19814708e-23
2.45821809e-23
2.74779584e-23
3.06921264e-23
3.42632534e-23
3.82362669e-23
4.26561765e-23
4.75626437e-23
5.30049779e-23
5.90565499e-23
6.57862565e-23
7.32400606e-23
8.15181163e-23
9.07233946e-23
1.00920066e-22
1.12241349e-22
1.24824057e-22
1.38750345e-22
1.54247598e-22
1.71389577e-22
1.90458818e-22
2.11572581e-22
2.35019770e-22
2.61058403e-22
2.89912216e-22
3.21934767e-22
3.57481191e-22
3.96938566e-22
4.40745874e-22
4.89396222e-22
5.43374846e-22
6.03389719e-22
6.70036503e-22
7.44145506e-22
8.26574209e-22
9.18301895e-22
1.02044576e-21
1.13428013e-21
1.26127661e-21
1.40312333e-21
1.56179313e-21
1.73959310e-21
1.93926787e-21
2.16407530e-21
2.41797565e-21
2.70577918e-21
3.03338675e-21
3.40800628e-21
3.83857535e-21
4.33622528e-21
4.91507448e-21
