2.24083116e+16
2.17973901e+16
2.13024964e+16
2.08978159e+16
2.05632924e+16
2.02826498e+16
2.00427050e+16
1.98334546e+16
1.96472124e+16
1.94783702e+16
1.93228243e+16
1.91776458e+16
1.90403382e+16
1.89094403e+16
1.87832489e+16
1.86609478e+16
1.85417052e+16
1.84246272e+16
1.83092815e+16
1.81950777e+16
1.80816899e+16
1.79687715e+16
1.78559640e+16
1.77429032e+16
1.76297576e+16
1.75158527e+16
1.74012725e+16
1.72856083e+16
1.71690624e+16
1.70510233e+16
1.69316527e+16
1.68108805e+16
1.66883048e+16
1.65638267e+16
1.64373820e+16
1.63091400e+16
1.61786581e+16
1.60458269e+16
1.59105337e+16
1.57726622e+16
1.56320924e+16
1.54886999e+16
1.53423562e+16
1.51929277e+16
1.50402758e+16
1.48842561e+16
1.47247471e+16
1.45616214e+16
1.43946531e+16
1.42236732e+16
1.40485047e+16
1.38689619e+16
1.36848497e+16
1.34959634e+16
1.33020870e+16
1.31029933e+16
1.28984424e+16
1.26881813e+16
1.24719423e+16
1.22494426e+16
1.20203825e+16
1.17844450e+16
1.15412938e+16
1.12905725e+16
1.10320319e+16
1.07656755e+16
1.04906616e+16
1.02065544e+16
9.91289266e+15
9.60950335e+15
9.29654481e+15
8.97268885e+15
8.63776030e+15
8.29230862e+15
7.93452266e+15
7.56608994e+15
7.18510057e+15
6.79258335e+15
6.38856404e+15
5.97304974e+15
5.54678208e+15
5.11067435e+15
4.66587087e+15
4.21489745e+15
3.75931503e+15
3.30283150e+15
2.84949680e+15
2.40417376e+15
1.97347029e+15
1.56481931e+15
1.18715956e+15
8.50293923e+14
5.64249465e+14
3.37768808e+14
1.75719386e+14
7.58194553e+13
2.62671912e+13
8.04934846e+12
3.17640160e+12
1.90920718e+12
