8.70230794e-05
8.50471597e-05
8.30551363e-05
8.10437279e-05
7.90107682e-05
7.69606791e-05
7.48977335e-05
7.28322493e-05
7.07646306e-05
6.87077471e-05
6.66707739e-05
6.46582741e-05
6.26866523e-05
6.07527227e-05
5.88640979e-05
5.70241328e-05
5.52349120e-05
5.34999199e-05
5.18172400e-05
5.01857631e-05
4.86045421e-05
4.70707986e-05
4.55910070e-05
4.41550008e-05
4.27635828e-05
4.14154388e-05
4.01109734e-05
3.88478046e-05
3.76239802e-05
3.64382483e-05
3.52885175e-05
3.41786319e-05
3.31020109e-05
3.20588984e-05
3.10483013e-05
3.00703747e-05
2.91234753e-05
2.82060033e-05
2.73170369e-05
2.64552575e-05
2.56229111e-05
2.48158461e-05
2.40339298e-05
2.32763700e-05
2.25431781e-05
2.18332761e-05
2.11454242e-05
2.04789721e-05
1.98330995e-05
1.92089551e-05
1.86039735e-05
1.80178075e-05
1.74498606e-05
1.69001109e-05
1.63678949e-05
1.58522459e-05
1.53526682e-05
1.48686326e-05
1.44005867e-05
1.39470353e-05
1.35075715e-05
1.30817746e-05
1.26696049e-05
1.22706484e-05
1.18841172e-05
1.15096162e-05
1.11467606e-05
1.07957908e-05
1.04557447e-05
1.01262741e-05
9.80706354e-06
9.49803211e-06
9.19891415e-06
8.90906635e-06
8.62818730e-06
8.35599158e-06
8.09260677e-06
7.83738298e-06
7.58998091e-06
7.35011390e-06
7.11734642e-06
6.89221892e-06
6.67349968e-06
6.46110575e-06
6.25474391e-06
6.05410890e-06
5.85884346e-06
5.66880823e-06
5.48338504e-06
5.30208487e-06
5.12522257e-06
4.95187935e-06
4.78188668e-06
4.61497848e-06
4.45089422e-06
4.28933862e-06
4.13020294e-06
3.97306853e-06
3.81775031e-06
3.66331801e-06
