4.54218348e-25
4.12819449e-25
3.73452992e-25
3.35884591e-25
3.00269848e-25
2.66595271e-25
2.34927505e-25
2.05437129e-25
1.78194443e-25
1.53389205e-25
1.31011859e-25
1.11079919e-25
9.36097197e-26
7.84384332e-26
6.54274593e-26
5.43815986e-26
4.50821593e-26
3.73088817e-26
3.08390377e-26
2.54711614e-26
2.10278128e-26
1.73485517e-26
1.43249239e-26
1.18224574e-26
9.75654048e-27
8.05112615e-27
6.64418133e-27
5.48314906e-27
4.52484804e-27
3.73395028e-27
3.08042779e-27
2.54302090e-27
2.09867112e-27
1.73186465e-27
1.42909519e-27
1.17933847e-27
9.73276117e-28
8.03201546e-28
6.62825838e-28
5.46881823e-28
4.51404080e-28
3.72518714e-28
3.07406664e-28
2.53669027e-28
2.09340934e-28
1.72768133e-28
1.42578517e-28
1.17657707e-28
9.70855980e-29
8.01240214e-29
6.61226129e-29
5.45667953e-29
4.50293658e-29
3.71605637e-29
3.06679640e-29
2.53082941e-29
2.08843237e-29
1.72331410e-29
1.42223630e-29
1.17374276e-29
9.68630471e-30
7.99320503e-30
6.59615165e-30
5.44356087e-30
4.49221413e-30
3.70704644e-30
3.05904597e-30
2.52462321e-30
2.08350135e-30
1.71935234e-30
1.41876758e-30
1.16988544e-30
9.66168276e-31
7.97305062e-31
6.57919083e-31
5.42856107e-31
4.47928105e-31
3.69562434e-31
3.04858754e-31
2.51435381e-31
2.07276736e-31
1.70916816e-31
1.40831861e-31
1.15965111e-31
9.54058632e-32
7.84036450e-32
6.43171923e-32
5.27029294e-32
4.30669104e-32
3.50853297e-32
2.84660623e-32
2.29963052e-32
1.84625268e-32
1.47152613e-32
1.16219372e-32
9.07639279e-33
6.98756213e-33
5.28514228e-33
3.90522282e-33
2.78801394e-33
