6.80962807e-28
8.53046566e-28
1.05387926e-27
1.28984291e-27
1.56595985e-27
1.88938539e-27
2.26743702e-27
2.70925301e-27
3.22520870e-27
3.82771837e-27
4.53182315e-27
5.35472623e-27
6.31683921e-27
7.44236266e-27
8.75991949e-27
1.03028059e-26
1.21098068e-26
1.42279120e-26
1.67113306e-26
1.96237697e-26
2.30397291e-26
2.70446685e-26
3.17446115e-26
3.72609977e-26
4.37359421e-26
5.13318215e-26
6.02426437e-26
7.07007563e-26
8.29763871e-26
9.73868694e-26
1.14290105e-25
1.34131737e-25
1.57422029e-25
1.84759039e-25
2.16832052e-25
2.54459625e-25
2.98629790e-25
3.50484932e-25
4.11332881e-25
4.82764521e-25
5.66562533e-25
6.64915880e-25
7.80362381e-25
9.15838731e-25
1.07479234e-24
1.26139355e-24
1.48044130e-24
1.73732075e-24
2.03911052e-24
2.39299307e-24
2.80839567e-24
3.29606993e-24
3.86844045e-24
4.53991649e-24
5.32806111e-24
6.25311689e-24
7.33743788e-24
8.61257446e-24
1.01074217e-23
1.18623180e-23
1.39224674e-23
1.63402319e-23
1.91760076e-23
2.25043040e-23
2.64110787e-23
3.09891881e-23
3.63783895e-23
4.26934160e-23
5.01060855e-23
5.88067089e-23
6.90174660e-23
8.09934930e-23
9.50516627e-23
1.11555571e-22
1.30931049e-22
1.53662250e-22
1.80333148e-22
2.11635619e-22
2.48375497e-22
2.91495093e-22
3.42058632e-22
4.01378433e-22
4.70925055e-22
5.52369396e-22
6.47535839e-22
7.58465471e-22
8.87377570e-22
1.03650933e-21
1.20805044e-21
1.40389458e-21
1.62632895e-21
1.87627484e-21
2.15602166e-21
2.46591262e-21
2.80726876e-21
3.18102044e-21
3.58835610e-21
4.03037922e-21
4.50952586e-21
5.02851160e-21
