1.75866260e-22
2.06148173e-22
2.44364332e-22
2.93707085e-22
3.58684616e-22
4.44954385e-22
5.58856403e-22
7.06866534e-22
8.95468332e-22
1.13109964e-21
1.42017740e-21
1.76947958e-21
2.18587321e-21
2.67777370e-21
3.25282993e-21
3.92116350e-21
4.69192641e-21
5.57785474e-21
6.59122428e-21
7.74678935e-21
9.05870963e-21
1.05465112e-20
1.22260118e-20
1.41219509e-20
1.62573037e-20
1.86582147e-20
2.13545844e-20
2.43807143e-20
2.77659162e-20
3.15517429e-20
3.57938977e-20
4.05201750e-20
4.58057585e-20
5.16925837e-20
5.82680033e-20
6.55733011e-20
7.37319602e-20
8.27889699e-20
9.28691296e-20
1.04101621e-19
1.16552828e-19
1.30390525e-19
1.45783815e-19
1.62882629e-19
1.81810311e-19
2.02838158e-19
2.26193659e-19
2.52119531e-19
2.80778053e-19
3.12578767e-19
3.47861743e-19
3.87004479e-19
4.30296020e-19
4.78227703e-19
5.31371219e-19
5.90294000e-19
6.55487528e-19
7.27567130e-19
8.07460220e-19
8.96026730e-19
9.93818669e-19
1.10209236e-18
1.22212910e-18
1.35469490e-18
1.50144426e-18
1.66406273e-18
1.84351703e-18
2.04263035e-18
2.26223238e-18
2.50581081e-18
2.77471545e-18
3.07246152e-18
3.40213697e-18
3.76636516e-18
4.16937317e-18
4.61535932e-18
5.10887063e-18
5.65504268e-18
6.25961360e-18
6.92814179e-18
7.66884270e-18
8.48841836e-18
9.39631312e-18
1.04021147e-17
1.15166711e-17
1.27522210e-17
1.41225407e-17
1.56433150e-17
1.73322147e-17
1.92095036e-17
2.12983422e-17
2.36256173e-17
2.62223009e-17
2.91249416e-17
3.23764264e-17
3.60275178e-17
4.01377334e-17
4.47778993e-17
5.00320718e-17
5.60013367e-17
