7.64697950e-09
7.37258010e-09
7.09553068e-09
6.81488168e-09
6.53141641e-09
6.24460699e-09
5.95617119e-09
5.66741261e-09
5.37979875e-09
5.09522005e-09
4.81590222e-09
4.54374260e-09
4.28038330e-09
4.02718771e-09
3.78518653e-09
3.55504499e-09
3.33685552e-09
3.13189510e-09
2.93850803e-09
2.75660764e-09
2.58569393e-09
2.42545071e-09
2.27518669e-09
2.13413095e-09
2.00172856e-09
1.87741629e-09
1.76115179e-09
1.65197472e-09
1.54951185e-09
1.45335372e-09
1.36323702e-09
1.27876161e-09
1.19946855e-09
1.12504526e-09
1.05519978e-09
9.89829656e-10
9.28477021e-10
8.70894737e-10
8.16850268e-10
7.66190645e-10
7.18708533e-10
6.74142465e-10
6.32317433e-10
5.93067106e-10
5.56325879e-10
5.21844286e-10
4.89478776e-10
4.59101013e-10
4.30623717e-10
4.03938910e-10
3.78894582e-10
3.55390307e-10
3.33331074e-10
3.12677314e-10
2.93295617e-10
2.75104079e-10
2.58031382e-10
2.42025938e-10
2.27030173e-10
2.12955274e-10
1.99744553e-10
1.87345291e-10
1.75734765e-10
1.64841786e-10
1.54618579e-10
1.45024328e-10
1.36000265e-10
1.27599553e-10
1.19687900e-10
1.12261847e-10
1.05292205e-10
9.87651480e-11
9.26421541e-11
8.68946945e-11
8.14993668e-11
7.64262045e-11
7.16940979e-11
6.72397291e-11
6.30563506e-11
5.91267920e-11
5.54389876e-11
5.19756995e-11
4.87176348e-11
4.56509088e-11
4.27624446e-11
4.00398030e-11
3.74690693e-11
3.50462918e-11
3.27507224e-11
3.05732304e-11
2.85099066e-11
2.65466391e-11
2.46759935e-11
2.28922522e-11
2.11880270e-11
1.95578870e-11
1.79970027e-11
1.65014569e-11
1.50654179e-11
1.36760684e-11
