1.33683527e+08
1.41510090e+08
1.49913360e+08
1.58947334e+08
1.68653740e+08
1.79102449e+08
1.90332656e+08
2.02395824e+08
2.15353084e+08
2.29257833e+08
2.44150828e+08
2.60086746e+08
2.77128139e+08
2.95342547e+08
3.14801921e+08
3.35583177e+08
3.57770387e+08
3.81373337e+08
4.06569199e+08
4.33450631e+08
4.62129412e+08
4.92676199e+08
5.25224189e+08
5.59944946e+08
5.96984524e+08
6.36499545e+08
6.78529329e+08
7.23369460e+08
7.71202637e+08
8.22230809e+08
8.76588987e+08
9.34499556e+08
9.96274943e+08
1.06217476e+09
1.13247648e+09
1.20726566e+09
1.28704431e+09
1.37214915e+09
1.46293891e+09
1.55966605e+09
1.66269955e+09
1.77260778e+09
1.88985367e+09
2.01493230e+09
2.14801482e+09
2.28995812e+09
2.44137711e+09
2.60290842e+09
2.77502492e+09
2.95833787e+09
3.15388321e+09
3.36248609e+09
3.58502678e+09
3.82183995e+09
4.07438454e+09
4.34378404e+09
4.63117277e+09
4.93743814e+09
5.26358698e+09
5.61150327e+09
5.98265184e+09
6.37859444e+09
6.79998316e+09
7.24930171e+09
7.72860958e+09
8.23993074e+09
8.78550714e+09
9.36522774e+09
9.98426503e+09
1.06446410e+10
1.13491427e+10
1.20990724e+10
1.28986465e+10
1.37516688e+10
1.46617726e+10
1.56329411e+10
1.66655348e+10
1.77681626e+10
1.89448855e+10
2.02008762e+10
2.15400031e+10
2.29682449e+10
2.44936758e+10
2.61233642e+10
2.78649720e+10
2.97268288e+10
3.17180990e+10
3.38468655e+10
3.61276806e+10
3.85728223e+10
4.11926266e+10
4.40046379e+10
4.70262460e+10
5.02729505e+10
5.37656597e+10
5.75250295e+10
6.15743251e+10
6.59383604e+10
7.06497598e+10
7.57453047e+10
