2.34022697e-33
2.99438667e-33
3.92899005e-33
5.32553424e-33
7.45990903e-33
1.06813243e-32
1.53820830e-32
2.19791579e-32
3.09325757e-32
4.27604734e-32
5.80607379e-32
7.75172119e-32
1.01985438e-31
1.32388466e-31
1.69971298e-31
2.16050091e-31
2.72232461e-31
3.40555910e-31
4.23252629e-31
5.23142771e-31
6.43410687e-31
7.87884763e-31
9.61191138e-31
1.16894154e-30
1.41669358e-30
1.71295221e-30
2.06596430e-30
2.48702749e-30
2.98717079e-30
3.58308324e-30
4.29077343e-30
5.13003288e-30
6.12689660e-30
7.31010823e-30
8.71312486e-30
1.03718940e-29
1.23368415e-29
1.46633609e-29
1.74167633e-29
2.06740441e-29
2.45259628e-29
2.90794923e-29
3.44607028e-29
4.08181567e-29
4.83269063e-29
5.71931993e-29
6.76579969e-29
8.00042038e-29
9.45724911e-29
1.11759408e-28
1.32031889e-28
1.55939709e-28
1.84130138e-28
2.17365199e-28
2.56541991e-28
3.02716637e-28
3.57132519e-28
4.21253594e-28
4.96803737e-28
5.85813265e-28
6.90674015e-28
8.14204677e-28
9.59728426e-28
1.13116539e-27
1.33303594e-27
1.57037733e-27
1.84988760e-27
2.17911584e-27
2.56700151e-27
3.02364478e-27
3.56021121e-27
4.19257843e-27
4.93745192e-27
5.81248954e-27
6.84500062e-27
8.05680375e-27
9.48588112e-27
1.11666556e-26
1.31439795e-26
1.54721494e-26
1.82125890e-26
2.14384968e-26
2.52377553e-26
2.97053768e-26
3.49696723e-26
4.11666755e-26
4.84631122e-26
5.70611862e-26
6.71895771e-26
7.91295690e-26
9.32090480e-26
1.09821979e-25
1.29440311e-25
1.52631170e-25
1.80084919e-25
2.12640323e-25
2.51332591e-25
2.97435316e-25
3.52532414e-25
4.18602563e-25
