4.61823763e-25
4.32256013e-25
4.07768013e-25
3.87191895e-25
3.69687466e-25
3.54627547e-25
3.41529744e-25
3.30014988e-25
3.19788486e-25
3.10605478e-25
3.02284504e-25
2.94671314e-25
2.87643728e-25
2.81110506e-25
2.74989001e-25
2.69220408e-25
2.63747233e-25
2.58532159e-25
2.53542795e-25
2.48743358e-25
2.44108177e-25
2.39615181e-25
2.35253244e-25
2.31001578e-25
2.26851710e-25
2.22786214e-25
2.18789832e-25
2.14865032e-25
2.10993341e-25
2.07177146e-25
2.03396381e-25
1.99661534e-25
1.95958898e-25
1.92280806e-25
1.88624361e-25
1.84986667e-25
1.81367342e-25
1.77762833e-25
1.74166945e-25
1.70577137e-25
1.66990978e-25
1.63406164e-25
1.59820533e-25
1.56232075e-25
1.52640720e-25
1.49046158e-25
1.45444222e-25
1.41833457e-25
1.38212607e-25
1.34580618e-25
1.30936644e-25
1.27280048e-25
1.23610406e-25
1.19927510e-25
1.16231361e-25
1.12522178e-25
1.08803225e-25
1.05072293e-25
1.01329323e-25
9.75753324e-26
9.38115741e-26
9.00395423e-26
8.62609842e-26
8.24779154e-26
7.86947601e-26
7.49147676e-26
7.11388916e-26
6.73703865e-26
6.36129556e-26
5.98732228e-26
5.61600973e-26
5.24724591e-26
4.88229262e-26
4.52150442e-26
4.16608206e-26
3.81658767e-26
3.47418735e-26
3.14004360e-26
2.81533150e-26
2.50131891e-26
2.19936796e-26
1.91100708e-26
1.63782178e-26
1.38145139e-26
1.14357885e-26
9.25891459e-27
7.29994291e-27
5.57329616e-27
4.09056408e-27
2.85859200e-27
1.87743942e-27
1.13864474e-27
6.21904881e-28
2.95199474e-28
1.15464962e-28
3.42940384e-29
6.78251259e-30
7.24648164e-31
3.65169111e-32
4.01241413e-33
