8.72590900e-05
8.55050189e-05
8.37146031e-05
8.18813047e-05
8.00086991e-05
7.80915992e-05
7.61389776e-05
7.41569464e-05
7.21525703e-05
7.01358568e-05
6.81195100e-05
6.61144855e-05
6.41306491e-05
6.21767713e-05
6.02602410e-05
5.83868178e-05
5.65591205e-05
5.47894971e-05
5.30683858e-05
5.13982961e-05
4.97787939e-05
4.82113677e-05
4.66939163e-05
4.52232008e-05
4.37978390e-05
4.24161442e-05
4.10817126e-05
3.97880206e-05
3.85343855e-05
3.73195678e-05
3.61440003e-05
3.50061899e-05
3.39034793e-05
3.28348504e-05
3.17993229e-05
3.07986137e-05
2.98288538e-05
2.88890638e-05
2.79783024e-05
2.70968158e-05
2.62437780e-05
2.54171145e-05
2.46160542e-05
2.38398173e-05
2.30895442e-05
2.23625177e-05
2.16579225e-05
2.09750987e-05
2.03141782e-05
1.96747225e-05
1.90550547e-05
1.84545559e-05
1.78726204e-05
1.73100409e-05
1.67649640e-05
1.62367346e-05
1.57248657e-05
1.52293705e-05
1.47500227e-05
1.42854743e-05
1.38352647e-05
1.33989644e-05
1.29771387e-05
1.25685233e-05
1.21725571e-05
1.17888491e-05
1.14163510e-05
1.10579517e-05
1.07096433e-05
1.03720876e-05
1.00449717e-05
9.72865910e-06
9.42227278e-06
9.12531534e-06
8.83747543e-06
8.55810123e-06
8.28884448e-06
8.02725482e-06
7.77357933e-06
7.52752318e-06
7.28906906e-06
7.05782863e-06
6.83319728e-06
6.61485867e-06
6.40249223e-06
6.19576418e-06
5.99420037e-06
5.79792708e-06
5.60588196e-06
5.41773609e-06
5.23352875e-06
5.05247579e-06
4.87422132e-06
4.69854993e-06
4.52503947e-06
4.35341192e-06
4.18339791e-06
4.01477131e-06
3.84701625e-06
3.67891635e-06
