3.57900409e-06
3.65775334e-06
3.74302021e-06
3.83431079e-06
3.93153531e-06
4.03458683e-06
4.14357583e-06
4.25887276e-06
4.38027146e-06
4.50783177e-06
4.64178262e-06
4.78210820e-06
4.92883467e-06
5.08200982e-06
5.24175464e-06
5.40738121e-06
5.57951753e-06
5.75819119e-06
5.94348071e-06
6.13549649e-06
6.33382573e-06
6.53880528e-06
6.75091988e-06
6.97034088e-06
7.19727819e-06
7.43079907e-06
7.67221167e-06
7.92177471e-06
8.17977527e-06
8.44596726e-06
8.72041681e-06
9.00407541e-06
9.29723372e-06
9.60051659e-06
9.91209873e-06
1.02343087e-05
1.05673748e-05
1.09116545e-05
1.12669313e-05
1.16330056e-05
1.20113228e-05
1.24023264e-05
1.28071834e-05
1.32227346e-05
1.36526087e-05
1.40969140e-05
1.45561024e-05
1.50300940e-05
1.55183198e-05
1.60229471e-05
1.65445737e-05
1.70851075e-05
1.76392762e-05
1.82126472e-05
1.88051947e-05
1.94175943e-05
2.00500545e-05
2.07013700e-05
2.13746160e-05
2.20704977e-05
2.27897197e-05
2.35308546e-05
2.42955231e-05
2.50858508e-05
2.59027879e-05
2.67468952e-05
2.76158157e-05
2.85138627e-05
2.94419611e-05
3.04011359e-05
3.13899874e-05
3.24100206e-05
3.34644110e-05
3.45542980e-05
3.56807370e-05
3.68396490e-05
3.80373088e-05
3.92751153e-05
4.05545655e-05
4.18743069e-05
4.32352423e-05
4.46419752e-05
4.60960739e-05
4.76005620e-05
4.91478674e-05
5.07499600e-05
5.24099951e-05
5.41326477e-05
5.59266227e-05
5.77888810e-05
5.97412758e-05
6.17966451e-05
6.39750560e-05
6.62868412e-05
6.87717722e-05
7.14522849e-05
7.43626353e-05
7.75394000e-05
8.10211627e-05
8.48382067e-05
