1.74741992e-22
2.01037853e-22
2.30763022e-22
2.64467717e-22
3.02706379e-22
3.46053092e-22
3.95209711e-22
4.50920039e-22
5.14121619e-22
5.85859514e-22
6.67250550e-22
7.59594027e-22
8.64388094e-22
9.83352463e-22
1.11845590e-21
1.27194704e-21
1.44638819e-21
1.64453797e-21
1.86939700e-21
2.12501494e-21
2.41564405e-21
2.74613038e-21
3.12146953e-21
3.54772082e-21
4.03246766e-21
4.58377981e-21
5.21081600e-21
5.92217365e-21
6.73090182e-21
7.65064689e-21
8.69676239e-21
9.88544335e-21
1.12350169e-20
1.27698123e-20
1.45153260e-20
1.65005212e-20
1.87533834e-20
2.13141733e-20
2.42266428e-20
2.75393146e-20
3.13041613e-20
3.55774406e-20
4.04370031e-20
4.59637718e-20
5.22495582e-20
5.93852129e-20
6.74944786e-20
7.67171088e-20
8.72063674e-20
9.91294344e-20
1.12659902e-19
1.28047282e-19
1.45548213e-19
1.65452649e-19
1.88054025e-19
2.13731810e-19
2.42933387e-19
2.76144833e-19
3.13905717e-19
3.56751076e-19
4.05478096e-19
4.60897413e-19
5.23930631e-19
5.95502796e-19
6.76805595e-19
7.69267479e-19
8.74431234e-19
9.94033709e-19
1.12971212e-18
1.28400872e-18
1.45948579e-18
1.65906322e-18
1.88573022e-18
2.14317514e-18
2.43596867e-18
2.76898778e-18
3.14777314e-18
3.57741583e-18
4.06595820e-18
4.62155595e-18
5.25346754e-18
5.97131198e-18
6.78636523e-18
7.71304426e-18
8.76639964e-18
9.96319597e-18
1.13196086e-17
1.28577111e-17
1.46007120e-17
1.65728764e-17
1.88002294e-17
2.13108958e-17
2.41356978e-17
2.73081000e-17
3.08630992e-17
3.48405128e-17
3.92844117e-17
4.42417008e-17
4.97700271e-17
5.59317196e-17
