7.62597727e-09
7.36733053e-09
7.14017739e-09
6.93947158e-09
6.76113785e-09
6.60177199e-09
6.45845937e-09
6.32867354e-09
6.21030361e-09
6.10142812e-09
6.00058901e-09
5.90645149e-09
5.81791871e-09
5.73416804e-09
5.65440044e-09
5.57805932e-09
5.50455405e-09
5.43352322e-09
5.36464373e-09
5.29751963e-09
5.23187259e-09
5.16745781e-09
5.10417476e-09
5.04177268e-09
4.98017070e-09
4.91914737e-09
4.85850298e-09
4.79830139e-09
4.73828203e-09
4.67850097e-09
4.61865894e-09
4.55893486e-09
4.49912193e-09
4.43910365e-09
4.37883773e-09
4.31828005e-09
4.25742726e-09
4.19622170e-09
4.13455794e-09
4.07238995e-09
4.00967192e-09
3.94635857e-09
3.88240546e-09
3.81776930e-09
3.75244062e-09
3.68640529e-09
3.61957675e-09
3.55191617e-09
3.48338698e-09
3.41395508e-09
3.34358905e-09
3.27226029e-09
3.19994317e-09
3.12661519e-09
3.05225705e-09
2.97685278e-09
2.90044832e-09
2.82297695e-09
2.74441388e-09
2.66475556e-09
2.58400253e-09
2.50215971e-09
2.41923665e-09
2.33524801e-09
2.25026190e-09
2.16432101e-09
2.07741472e-09
1.98958326e-09
1.90087655e-09
1.81141388e-09
1.72137278e-09
1.63068765e-09
1.53962881e-09
1.44824494e-09
1.35679981e-09
1.26539750e-09
1.17430141e-09
1.08378149e-09
9.94118598e-10
9.05627672e-10
8.18660919e-10
7.33632980e-10
6.50995109e-10
5.71239755e-10
4.94905169e-10
4.22573539e-10
3.54855857e-10
2.92380745e-10
2.35772726e-10
1.85605900e-10
1.42349193e-10
1.06320503e-10
7.75432970e-11
5.57117319e-11
4.00924335e-11
2.95741182e-11
2.28178736e-11
1.85291480e-11
1.57107969e-11
1.37467168e-11
