1.80327151e-22
2.19726680e-22
2.76292451e-22
3.62763962e-22
5.01310491e-22
7.24603440e-22
1.07355918e-21
1.59309068e-21
2.32883352e-21
3.32411415e-21
4.62112572e-21
6.25772673e-21
8.27312385e-21
1.07043951e-20
1.35899580e-20
1.69679072e-20
2.08815133e-20
2.53715674e-20
3.04794590e-20
3.62589367e-20
4.27642428e-20
5.00542433e-20
5.81744281e-20
6.72037078e-20
7.71954386e-20
8.82342182e-20
1.00418080e-19
1.13807679e-19
1.28512668e-19
1.44618173e-19
1.62282020e-19
1.81524812e-19
2.02546058e-19
2.25482943e-19
2.50475975e-19
2.77670762e-19
3.07189177e-19
3.39262573e-19
3.74083880e-19
4.11861408e-19
4.52820025e-19
4.97202371e-19
5.45270126e-19
5.97305324e-19
6.53611720e-19
7.14488884e-19
7.80239116e-19
8.51294412e-19
9.28060766e-19
1.01097449e-18
1.10050426e-18
1.19715326e-18
1.30146163e-18
1.41400908e-18
1.53541785e-18
1.66635599e-18
1.80754109e-18
1.95969381e-18
2.12364909e-18
2.30038004e-18
2.49086183e-18
2.69614804e-18
2.91737869e-18
3.15569176e-18
3.41234499e-18
3.68887185e-18
3.98684836e-18
4.30799490e-18
4.65419116e-18
5.02702996e-18
5.42866362e-18
5.86195516e-18
6.32854407e-18
6.83202060e-18
7.37447556e-18
7.95985806e-18
8.59146795e-18
9.27305410e-18
1.00088599e-17
1.08036475e-17
1.16626884e-17
1.25916334e-17
1.35968878e-17
1.46856243e-17
1.58659144e-17
1.71468465e-17
1.85388213e-17
2.00537564e-17
2.17054426e-17
2.35098703e-17
2.54864561e-17
2.76571252e-17
3.00488792e-17
3.26937442e-17
3.56303496e-17
3.89051041e-17
4.25736944e-17
4.67040275e-17
5.13793993e-17
5.67037032e-17
