8.67665894e-05
8.45554199e-05
8.23556666e-05
8.01602635e-05
7.79764328e-05
7.58044772e-05
7.36450491e-05
7.15062994e-05
6.93905180e-05
6.73088642e-05
6.52626758e-05
6.32572256e-05
6.12999919e-05
5.93910295e-05
5.75332978e-05
5.57281052e-05
5.39759314e-05
5.22777447e-05
5.06319808e-05
4.90372224e-05
4.74921852e-05
4.59945892e-05
4.45470523e-05
4.31436731e-05
4.17841815e-05
4.04672612e-05
3.91923924e-05
3.79578639e-05
3.67620122e-05
3.56035930e-05
3.44809794e-05
3.33954558e-05
3.23433516e-05
3.13242150e-05
3.03370359e-05
2.93813241e-05
2.84558650e-05
2.75593474e-05
2.66908682e-05
2.58494011e-05
2.50354378e-05
2.42467645e-05
2.34828106e-05
2.27427835e-05
2.20262639e-05
2.13324388e-05
2.06603188e-05
2.00092521e-05
1.93785839e-05
1.87682823e-05
1.81770702e-05
1.76043548e-05
1.70495518e-05
1.65123423e-05
1.59922004e-05
1.54883593e-05
1.50003147e-05
1.45275640e-05
1.40700052e-05
1.36267730e-05
1.31974030e-05
1.27814772e-05
1.23787415e-05
1.19888386e-05
1.16111512e-05
1.12452859e-05
1.08908652e-05
1.05478054e-05
1.02155131e-05
9.89362850e-06
9.58183206e-06
9.27949681e-06
8.98758132e-06
8.70438979e-06
8.43003250e-06
8.16423212e-06
7.90689945e-06
7.65761574e-06
7.41606256e-06
7.18196521e-06
6.95497802e-06
6.73523408e-06
6.52202046e-06
6.31516919e-06
6.11441432e-06
5.91948175e-06
5.72999867e-06
5.54598961e-06
5.36680353e-06
5.19227381e-06
5.02208172e-06
4.85612584e-06
4.69397666e-06
4.53550426e-06
4.38039619e-06
4.22853614e-06
4.07960209e-06
3.93361984e-06
3.79015230e-06
3.64858020e-06
