7.64715732e-17
9.23383611e-17
1.11136456e-16
1.33433642e-16
1.59868965e-16
1.91220334e-16
2.28425943e-16
2.72565689e-16
3.24987858e-16
3.87252221e-16
4.61238476e-16
5.49201306e-16
6.53794335e-16
7.78042462e-16
9.25860945e-16
1.10175992e-15
1.31112129e-15
1.56009925e-15
1.85614477e-15
2.20852482e-15
2.62798035e-15
3.12727140e-15
3.72046980e-15
4.42659184e-15
5.26717063e-15
6.26783122e-15
7.45739063e-15
8.87235323e-15
1.05567574e-14
1.25620331e-14
1.49479907e-14
1.77836109e-14
2.11588769e-14
2.51770259e-14
2.99607465e-14
3.56456134e-14
4.24097740e-14
5.04614498e-14
6.00470237e-14
7.14482461e-14
8.50044890e-14
1.01140379e-13
1.20348270e-13
1.43213261e-13
1.70379675e-13
2.02716974e-13
2.41210188e-13
2.87033660e-13
3.41509138e-13
4.06309755e-13
4.83449382e-13
5.75279791e-13
6.84539494e-13
8.14394723e-13
9.68969422e-13
1.15298764e-12
1.37205874e-12
1.63238554e-12
1.94214146e-12
2.31087364e-12
2.74986315e-12
3.27198757e-12
3.89277757e-12
4.63169344e-12
5.51131939e-12
6.55845794e-12
7.80257789e-12
9.28344053e-12
1.10461669e-11
1.31446231e-11
1.56393919e-11
1.86070453e-11
2.21396504e-11
2.63448662e-11
3.13482442e-11
3.72950739e-11
4.43741101e-11
5.28013437e-11
6.28334169e-11
7.47545624e-11
8.89398872e-11
1.05826636e-10
1.25930710e-10
1.49840754e-10
1.78268469e-10
2.12105719e-10
2.52385392e-10
3.00326915e-10
3.57257707e-10
4.24946667e-10
5.05342477e-10
6.00663370e-10
7.13386568e-10
8.46258268e-10
1.00236863e-09
1.18519583e-09
1.39848695e-09
1.64663100e-09
1.93455454e-09
2.26824320e-09
