2.39961947e-09
2.15820958e-09
1.92827532e-09
1.71015380e-09
1.50428179e-09
1.31223626e-09
1.13541889e-09
9.74973792e-10
8.31693470e-10
7.05734184e-10
5.96443205e-10
5.02974580e-10
4.23397744e-10
3.56088572e-10
2.99345795e-10
2.51616790e-10
2.11490630e-10
1.77753662e-10
1.49389964e-10
1.25516656e-10
1.05523490e-10
8.86904571e-11
7.45408850e-11
6.26458386e-11
5.26519822e-11
4.42522113e-11
3.71922804e-11
3.12581974e-11
2.62713151e-11
2.20803773e-11
1.85574208e-11
1.55964235e-11
1.31068622e-11
1.10172600e-11
9.25962956e-12
7.78209815e-12
6.54023941e-12
5.49697324e-12
4.62019037e-12
3.88307491e-12
3.26341315e-12
2.74180605e-12
2.30521265e-12
1.93749586e-12
1.62836818e-12
1.36849498e-12
1.15018502e-12
9.66705742e-13
8.12487010e-13
6.82847675e-13
5.73899814e-13
4.82345157e-13
4.05390950e-13
3.40712028e-13
2.86313846e-13
2.40674348e-13
2.02276155e-13
1.70000699e-13
1.42874408e-13
1.20084865e-13
1.00929566e-13
8.48256930e-14
7.12892366e-14
5.98931878e-14
5.03588160e-14
4.23254116e-14
3.55717513e-14
2.98946423e-14
2.51261099e-14
2.11182358e-14
1.77491800e-14
1.49168865e-14
1.25368288e-14
1.05368959e-14
8.85595197e-15
7.44302217e-15
6.25430637e-15
5.25747310e-15
4.41863419e-15
3.71357507e-15
3.12093285e-15
2.62293742e-15
2.20425526e-15
1.85219070e-15
1.55613770e-15
1.30684843e-15
1.09770644e-15
9.21301255e-16
7.72625582e-16
6.47217781e-16
5.41314049e-16
4.51740913e-16
3.75845435e-16
3.11435088e-16
2.56714197e-16
2.10169811e-16
1.70572071e-16
1.36898120e-16
1.08331731e-16
8.40684114e-17
