8.45419909e-13
1.04024239e-12
1.33457950e-12
1.82339240e-12
2.71072663e-12
4.36937785e-12
7.35746517e-12
1.23785565e-11
2.02108017e-11
3.16346566e-11
4.73974111e-11
6.81819002e-11
9.46081878e-11
1.27264032e-10
1.66646630e-10
2.13302701e-10
2.67674820e-10
3.30321789e-10
4.01608414e-10
4.82001380e-10
5.72148550e-10
6.72535965e-10
7.83746181e-10
9.06050346e-10
1.04037624e-09
1.18729679e-09
1.34746678e-09
1.52164263e-09
1.71069955e-09
1.91494070e-09
2.13519579e-09
2.37319166e-09
2.62929943e-09
2.90393086e-09
3.20007604e-09
3.51560511e-09
3.85569948e-09
4.21716650e-09
4.60566430e-09
5.01895410e-09
5.46095165e-09
5.93282449e-09
6.43414814e-09
6.97022966e-09
7.53952313e-09
8.14519145e-09
8.79151171e-09
9.47632509e-09
1.02045957e-08
1.09805815e-08
1.18022400e-08
1.26750647e-08
1.36041127e-08
1.45875519e-08
1.56314004e-08
1.67417735e-08
1.79162051e-08
1.91631620e-08
2.04887242e-08
2.18892502e-08
2.33784805e-08
2.49563713e-08
2.66297317e-08
2.84059538e-08
3.02875952e-08
3.22858396e-08
3.44037478e-08
3.66518440e-08
3.90384406e-08
4.15694077e-08
4.42583808e-08
4.71147351e-08
5.01477975e-08
5.33719987e-08
5.68008111e-08
6.04489313e-08
6.43326006e-08
6.84696410e-08
7.28814723e-08
7.75884173e-08
8.26175058e-08
8.79946581e-08
9.37535573e-08
9.99313703e-08
1.06566571e-07
1.13712297e-07
1.21420225e-07
1.29762101e-07
1.38811474e-07
1.48665902e-07
1.59437592e-07
1.71261730e-07
1.84305179e-07
1.98766487e-07
2.14890441e-07
2.32977748e-07
2.53393931e-07
2.76601839e-07
3.03189355e-07
3.33921638e-07
