4.84129084e-05
4.54042617e-05
4.24622040e-05
3.95927084e-05
3.67997016e-05
3.41012821e-05
3.15140693e-05
2.90532690e-05
2.67328519e-05
2.45624469e-05
2.25449434e-05
2.06834921e-05
1.89677239e-05
1.73909560e-05
1.59438608e-05
1.46171812e-05
1.34008659e-05
1.22854713e-05
1.12626816e-05
1.03241573e-05
9.46587719e-06
8.67809707e-06
7.95573437e-06
7.29334972e-06
6.68636030e-06
6.12989607e-06
5.61969802e-06
5.15188372e-06
4.72304576e-06
4.32996932e-06
3.96957005e-06
3.63914352e-06
3.33610946e-06
3.05857201e-06
2.80399898e-06
2.57058483e-06
2.35658553e-06
2.16046767e-06
1.98067299e-06
1.81580323e-06
1.66463327e-06
1.52590688e-06
1.39907822e-06
1.28263856e-06
1.17586499e-06
1.07796156e-06
9.88254196e-07
9.06011764e-07
8.30602415e-07
7.61454100e-07
6.98070319e-07
6.39974613e-07
5.86710028e-07
5.37872841e-07
4.93075247e-07
4.52059735e-07
4.14433694e-07
3.79936669e-07
3.48308175e-07
3.19321287e-07
2.92745535e-07
2.68377109e-07
2.46035013e-07
2.25529186e-07
2.06786670e-07
1.89575519e-07
1.73793603e-07
1.59323783e-07
1.46066011e-07
1.33910488e-07
1.22764202e-07
1.12543407e-07
1.03175541e-07
9.45893771e-08
8.67169643e-08
7.94983865e-08
7.28758208e-08
6.68144926e-08
6.12533167e-08
5.61543921e-08
5.14788408e-08
4.71931756e-08
4.32632528e-08
3.96588370e-08
3.63525152e-08
3.33164967e-08
3.05352368e-08
2.79777698e-08
2.56265869e-08
2.34629724e-08
2.14692964e-08
1.96291009e-08
1.79273369e-08
1.63505245e-08
1.48869143e-08
1.35252742e-08
1.22564350e-08
1.10721724e-08
9.96596536e-09
8.92762008e-09
