6.84375877e-25
9.73126929e-25
1.47125899e-24
2.43240126e-24
4.35749700e-24
7.98771296e-24
1.42299968e-23
2.41473499e-23
3.89817887e-23
6.02680529e-23
8.99405461e-23
1.30334686e-22
1.84612500e-22
2.56687233e-22
3.51222216e-22
4.74681881e-22
6.34773468e-22
8.41431799e-22
1.10758973e-21
1.44761839e-21
1.88319678e-21
2.43697588e-21
3.14334783e-21
4.03896062e-21
5.17272099e-21
6.60903738e-21
8.42583578e-21
1.07207467e-20
1.36160564e-20
1.72649009e-20
2.18590151e-20
2.76384277e-20
3.49035906e-20
4.40305538e-20
5.54899521e-20
6.98707589e-20
8.79100049e-20
1.10529958e-19
1.38884633e-19
1.74417975e-19
2.18936628e-19
2.74700942e-19
3.44538786e-19
4.31987819e-19
5.41074266e-19
6.77497005e-19
8.48113405e-19
1.06147372e-18
1.32826303e-18
1.66183286e-18
2.07886447e-18
2.59871183e-18
3.24734561e-18
4.05748227e-18
5.06926970e-18
6.33280912e-18
7.91061001e-18
9.88064539e-18
1.23385717e-17
1.53983561e-17
1.92158620e-17
2.39783258e-17
2.99190764e-17
3.73288256e-17
4.65697143e-17
5.80927922e-17
7.24597832e-17
9.03702059e-17
1.12695213e-16
1.40519886e-16
1.75196220e-16
2.18409722e-16
2.72263427e-16
3.39384452e-16
4.23059914e-16
5.27419655e-16
6.57401982e-16
8.19040437e-16
1.02074220e-15
1.27235707e-15
1.58509592e-15
1.97566982e-15
2.46178973e-15
3.06737274e-15
3.82241010e-15
4.76367983e-15
5.93741383e-15
7.39922449e-15
9.22282136e-15
1.14975636e-14
1.43355202e-14
1.78788485e-14
2.23052930e-14
2.78411171e-14
3.47745008e-14
4.34763543e-14
5.44279975e-14
6.82612911e-14
8.58096779e-14
1.08191016e-13
