8.30516385e-13
9.67868139e-13
1.12232705e-12
1.29672837e-12
1.49362908e-12
1.71605344e-12
1.96753642e-12
2.25222234e-12
2.57443341e-12
2.94005089e-12
3.35498665e-12
3.82627808e-12
4.36219261e-12
4.97195644e-12
5.66601893e-12
6.45624631e-12
7.35569856e-12
8.38033968e-12
9.54772653e-12
1.08777427e-11
1.23923501e-11
1.41175307e-11
1.60832868e-11
1.83232869e-11
2.08752592e-11
2.37812212e-11
2.70920686e-11
3.08646176e-11
3.51618635e-11
4.00593178e-11
4.56365322e-11
5.19908054e-11
5.92310656e-11
6.74790569e-11
7.68737316e-11
8.75777790e-11
9.97732844e-11
1.13668660e-10
1.29491590e-10
1.47521530e-10
1.68065239e-10
1.91471864e-10
2.18128783e-10
2.48495041e-10
2.83097454e-10
3.22525857e-10
3.67442277e-10
4.18589838e-10
4.76867436e-10
5.43275301e-10
6.18920871e-10
7.05118031e-10
8.03281531e-10
9.15127162e-10
1.04257575e-09
1.18776137e-09
1.35312315e-09
1.54152306e-09
1.75617940e-09
2.00076908e-09
2.27929861e-09
2.59666273e-09
2.95825194e-09
3.37023172e-09
3.83944349e-09
4.37397846e-09
4.98306566e-09
5.67705512e-09
6.46761015e-09
7.36789431e-09
8.39374243e-09
9.56270308e-09
1.08942467e-08
1.24113062e-08
1.41391131e-08
1.61078774e-08
1.83513445e-08
2.09068683e-08
2.38173888e-08
2.71334199e-08
3.09118364e-08
3.52172791e-08
4.01200526e-08
4.57060049e-08
5.20701211e-08
5.93156791e-08
6.75781417e-08
7.69801659e-08
8.76801646e-08
9.98403228e-08
1.13628001e-07
1.29203189e-07
1.46724715e-07
1.66321788e-07
1.88098474e-07
2.12145467e-07
2.38516962e-07
2.67355312e-07
2.98702371e-07
3.32732268e-07
