7.73687581e-17
9.67426768e-17
1.23991117e-16
1.64455742e-16
2.27628751e-16
3.27963236e-16
4.83881753e-16
7.16110977e-16
1.04657479e-15
1.49776490e-15
2.09499140e-15
2.86406327e-15
3.83594168e-15
5.04572923e-15
6.53084720e-15
8.33497041e-15
1.05102063e-14
1.31203323e-14
1.62336178e-14
1.99245667e-14
2.42817714e-14
2.94121499e-14
3.54459535e-14
4.25286381e-14
5.07777392e-14
6.04477278e-14
7.16683181e-14
8.47469024e-14
9.99901446e-14
1.17579559e-13
1.38006624e-13
1.61698415e-13
1.89144299e-13
2.20846379e-13
2.57394040e-13
2.99608466e-13
3.48332117e-13
4.04530791e-13
4.69311621e-13
5.43943673e-13
6.29881509e-13
7.28792162e-13
8.42585972e-13
9.73451859e-13
1.12389766e-12
1.29679623e-12
1.49543814e-12
1.72359191e-12
1.98557285e-12
2.28632174e-12
2.63149472e-12
3.02756616e-12
3.48194619e-12
4.00311529e-12
4.60077830e-12
5.28604106e-12
6.07161296e-12
6.97203980e-12
8.00397178e-12
9.18647271e-12
1.05413776e-11
1.20937071e-11
1.38721506e-11
1.59096289e-11
1.82439551e-11
2.09186114e-11
2.39726324e-11
2.74699611e-11
3.14760064e-11
3.60663138e-11
4.13284408e-11
4.73394258e-11
5.42166594e-11
6.21074383e-11
7.11246042e-11
8.14517342e-11
9.32767618e-11
1.06819659e-10
1.22305314e-10
1.40055146e-10
1.60383755e-10
1.83659861e-10
2.10319344e-10
2.40879548e-10
2.75899509e-10
3.16063513e-10
3.62120525e-10
4.14987426e-10
4.75709171e-10
5.45512998e-10
6.25845892e-10
7.18419472e-10
8.25308961e-10
9.48992436e-10
1.09249298e-09
1.25953499e-09
1.45471273e-09
1.68370045e-09
1.95363162e-09
2.27358292e-09
