8.23856406e-13
9.70800937e-13
1.16056450e-12
1.41355337e-12
1.76232088e-12
2.25418881e-12
2.94889789e-12
3.91402702e-12
5.21758482e-12
6.92936517e-12
9.11494727e-12
1.18408824e-11
1.51766007e-11
1.91920173e-11
2.39602973e-11
2.95687933e-11
3.60937985e-11
4.36500883e-11
5.23273176e-11
6.22340481e-11
7.35072098e-11
8.63220204e-11
1.00751595e-10
1.17072763e-10
1.35368771e-10
1.55884896e-10
1.78871089e-10
2.04566983e-10
2.33239593e-10
2.65187548e-10
3.00745689e-10
3.40290030e-10
3.84243102e-10
4.33079691e-10
4.87071778e-10
5.46831763e-10
6.13113936e-10
6.86643459e-10
7.67620407e-10
8.57118659e-10
9.56332971e-10
1.06557454e-09
1.18602116e-09
1.31949240e-09
1.46593053e-09
1.62764770e-09
1.80647975e-09
2.00221659e-09
2.21890532e-09
2.45695854e-09
2.71884092e-09
3.00850180e-09
3.32477306e-09
3.67441759e-09
4.05870049e-09
4.48039618e-09
4.94609605e-09
5.45567609e-09
6.01664250e-09
6.63534885e-09
7.31136974e-09
8.05593244e-09
8.87602399e-09
9.77410590e-09
1.07606828e-08
1.18460684e-08
1.30395287e-08
1.43487474e-08
1.57851889e-08
1.73638728e-08
1.90984547e-08
2.10040524e-08
2.30974716e-08
2.53974638e-08
2.79250145e-08
3.07036521e-08
3.37527357e-08
3.71056243e-08
4.07951053e-08
4.48474527e-08
4.93075115e-08
5.42156676e-08
5.96178810e-08
6.55676155e-08
7.21252262e-08
7.93562084e-08
8.73374124e-08
9.61561294e-08
1.05911014e-07
1.16717150e-07
1.28708588e-07
1.42046243e-07
1.56911937e-07
1.73534737e-07
1.92175111e-07
2.13153360e-07
2.36851395e-07
2.63730325e-07
2.94354235e-07
3.29422435e-07
