3.20170274e+06
3.75820006e+06
4.38215972e+06
5.07879383e+06
5.85843320e+06
6.73154425e+06
7.71194139e+06
8.81668879e+06
1.00653054e+07
1.14801301e+07
1.30856854e+07
1.49119691e+07
1.69898942e+07
1.93564527e+07
2.20525364e+07
2.51229315e+07
2.86202688e+07
3.26050365e+07
3.71454255e+07
4.23145818e+07
4.82089903e+07
5.49207993e+07
6.25681424e+07
7.12818354e+07
8.12047573e+07
9.25098985e+07
1.05390878e+08
1.20067424e+08
1.36784783e+08
1.55825865e+08
1.77521770e+08
2.02242457e+08
2.30402475e+08
2.62478902e+08
2.99020582e+08
3.40657776e+08
3.88101010e+08
4.42132182e+08
5.03679701e+08
5.73807367e+08
6.53714827e+08
7.44674013e+08
8.48417765e+08
9.66535511e+08
1.10111986e+09
1.25447411e+09
1.42910418e+09
1.62806027e+09
1.85474597e+09
2.11303420e+09
2.40723652e+09
2.74234451e+09
3.12416826e+09
3.55921620e+09
4.05471926e+09
4.61929057e+09
5.26239648e+09
5.99517097e+09
6.83010688e+09
7.78094756e+09
8.86411266e+09
1.00983042e+10
1.15046079e+10
1.31051416e+10
1.49310564e+10
1.70097757e+10
1.93783437e+10
2.20772617e+10
2.51504641e+10
2.86517895e+10
3.26411334e+10
3.71867391e+10
4.23642942e+10
4.82617719e+10
5.49811560e+10
6.26369968e+10
7.13553014e+10
8.12908415e+10
9.26060427e+10
1.05496316e+11
1.20179210e+11
1.36892448e+11
1.55918513e+11
1.77573008e+11
2.02204880e+11
2.30180622e+11
2.61963109e+11
2.97982009e+11
3.38753508e+11
3.84807947e+11
4.36702298e+11
4.95019941e+11
5.60372244e+11
6.33395411e+11
7.14728234e+11
8.05069928e+11
9.05104294e+11
1.01557959e+12
1.13711743e+12
1.27016581e+12
