6.69466284e-25
8.87959527e-25
1.17149282e-24
1.53945009e-24
2.01702010e-24
2.63617987e-24
3.43932767e-24
4.48159875e-24
5.83221801e-24
7.58300445e-24
9.85215960e-24
1.27953059e-23
1.66147026e-23
2.15732041e-23
2.80121432e-23
3.63599475e-23
4.71830915e-23
6.12391999e-23
7.94981172e-23
1.03211971e-22
1.33915679e-22
1.73784485e-22
2.25572034e-22
2.92850822e-22
3.80061262e-22
4.93172597e-22
6.40073408e-22
8.30914630e-22
1.07863609e-21
1.39956431e-21
1.81632940e-21
2.35764896e-21
3.06080151e-21
3.97183222e-21
5.15422746e-21
6.68992800e-21
8.68480760e-21
1.12722368e-20
1.46264811e-20
1.89830426e-20
2.46421709e-20
3.19920240e-20
4.15088421e-20
5.38668644e-20
6.99197061e-20
9.07736844e-20
1.17804983e-19
1.52863592e-19
1.98397603e-19
2.57554036e-19
3.34342628e-19
4.33814766e-19
5.62989033e-19
7.30775266e-19
9.48735430e-19
1.23113956e-18
1.59763087e-18
2.07361243e-18
2.69192841e-18
3.49398408e-18
4.53372323e-18
5.88409468e-18
7.63811850e-18
9.91619950e-18
1.28661603e-17
1.66968692e-17
2.16727429e-17
2.81364540e-17
3.65148931e-17
4.73816682e-17
6.14960905e-17
7.98330234e-17
1.03634792e-16
1.34465680e-16
1.74503723e-16
2.26512606e-16
2.94075253e-16
3.81612174e-16
4.95204760e-16
6.42734471e-16
8.34391039e-16
1.08301900e-15
1.40530470e-15
1.82385102e-15
2.36749709e-15
3.07359190e-15
3.98794125e-15
5.17498652e-15
6.71594992e-15
8.71506855e-15
1.13015662e-14
1.46414697e-14
1.89485931e-14
2.44834037e-14
3.15697014e-14
4.05912549e-14
5.20512722e-14
6.65495852e-14
8.48480112e-14
1.07894083e-13
