1.22032764e-13
1.10519463e-13
1.01362900e-13
9.39130593e-14
8.77379549e-14
8.25397206e-14
7.81032954e-14
7.42704870e-14
7.09199592e-14
6.79592588e-14
6.53156989e-14
6.29327918e-14
6.07659302e-14
5.87781881e-14
5.69430725e-14
5.52350742e-14
5.36379108e-14
5.21334503e-14
5.07117199e-14
4.93618727e-14
4.80726185e-14
4.68390677e-14
4.56513751e-14
4.45104767e-14
4.34067175e-14
4.23367923e-14
4.12973734e-14
4.02851689e-14
3.92969760e-14
3.83352373e-14
3.73928194e-14
3.64667524e-14
3.55603519e-14
3.46689770e-14
3.37903178e-14
3.29275707e-14
3.20738930e-14
3.12343250e-14
3.04029893e-14
2.95819102e-14
2.87704890e-14
2.79640626e-14
2.71704099e-14
2.63809761e-14
2.55980016e-14
2.48240736e-14
2.40538739e-14
2.32899958e-14
2.25336338e-14
2.17807088e-14
2.10334663e-14
2.02933550e-14
1.95566276e-14
1.88253150e-14
1.81010403e-14
1.73803750e-14
1.66658085e-14
1.59579123e-14
1.52541837e-14
1.45584393e-14
1.38685204e-14
1.31850018e-14
1.25099564e-14
1.18411854e-14
1.11824625e-14
1.05311037e-14
9.89061227e-15
9.25948859e-15
8.63971747e-15
8.03190435e-15
7.43654451e-15
6.85507884e-15
6.28861310e-15
5.73799800e-15
5.20452994e-15
4.68952583e-15
4.19436056e-15
3.72050028e-15
3.26932228e-15
2.84248958e-15
2.44152825e-15
2.06811535e-15
1.72366486e-15
1.40963325e-15
1.12751789e-15
8.78268658e-16
6.62746017e-16
4.81089740e-16
3.32989798e-16
2.17136242e-16
1.31260750e-16
7.19462835e-17
3.46451320e-17
1.40030071e-17
4.43273476e-18
9.84489511e-19
1.27347490e-19
6.83313909e-21
8.50850901e-23
1.41021343e-24
