9.15948437e-05
9.44309665e-05
9.75576169e-05
1.00957398e-04
1.04635509e-04
1.08597614e-04
1.12852586e-04
1.17405563e-04
1.22252687e-04
1.27394520e-04
1.32833614e-04
1.38572490e-04
1.44613356e-04
1.50959531e-04
1.57616927e-04
1.64581260e-04
1.71862624e-04
1.79481670e-04
1.87449851e-04
1.95779374e-04
2.04459645e-04
2.13534945e-04
2.23022389e-04
2.32938942e-04
2.43279538e-04
2.54074410e-04
2.65358929e-04
2.77155622e-04
2.89475348e-04
3.02316986e-04
3.15738098e-04
3.29767493e-04
3.44449178e-04
3.59719720e-04
3.75686130e-04
3.92372613e-04
4.09814714e-04
4.28020519e-04
4.47014923e-04
4.66866623e-04
4.87613502e-04
5.09295576e-04
5.31886289e-04
5.55501299e-04
5.80183773e-04
6.05979619e-04
6.32880484e-04
6.60965382e-04
6.90324731e-04
7.21013332e-04
7.53060272e-04
7.86464422e-04
8.21380238e-04
8.57881040e-04
8.96078969e-04
9.35799951e-04
9.77331426e-04
1.02074055e-03
1.06611999e-03
1.11348678e-03
1.16289746e-03
1.21453483e-03
1.26850465e-03
1.32491582e-03
1.38369049e-03
1.44512335e-03
1.50932669e-03
1.57642820e-03
1.64641489e-03
1.71948455e-03
1.79586407e-03
1.87569211e-03
1.95905481e-03
2.04595476e-03
2.13679623e-03
2.23175803e-03
2.33112968e-03
2.43444674e-03
2.54248517e-03
2.65542155e-03
2.77348531e-03
2.89671039e-03
3.02523566e-03
3.15955835e-03
3.29996667e-03
3.44674323e-03
3.59966462e-03
3.75952278e-03
3.92669976e-03
4.10171573e-03
4.28503130e-03
4.47771150e-03
4.68155789e-03
4.89878170e-03
5.13256341e-03
5.38667204e-03
5.66672053e-03
5.97874688e-03
6.33000594e-03
6.72765103e-03
