1.31900434e+12
1.22109240e+12
1.12366069e+12
1.02872796e+12
9.37172944e+11
8.49683773e+11
7.66742073e+11
6.88854975e+11
6.16307789e+11
5.49334600e+11
4.88011897e+11
4.32292147e+11
3.82037446e+11
3.37042471e+11
2.96906433e+11
2.61251364e+11
2.29679893e+11
2.01822273e+11
1.77290476e+11
1.55693029e+11
1.36695717e+11
1.19996641e+11
1.05349727e+11
9.24812026e+10
8.11785993e+10
7.12525327e+10
6.25464612e+10
5.49049053e+10
4.81936561e+10
4.23005348e+10
3.71286948e+10
3.25937234e+10
2.86105005e+10
2.51123057e+10
2.20365106e+10
1.93482233e+10
1.69843926e+10
1.49082723e+10
1.30849765e+10
1.14854002e+10
1.00823713e+10
8.85025271e+09
7.76817069e+09
6.81798166e+09
5.98516675e+09
5.25381241e+09
4.61159287e+09
4.04761935e+09
3.55298309e+09
3.11886789e+09
2.73764573e+09
2.40290481e+09
2.10911630e+09
1.85148617e+09
1.62520663e+09
1.42649813e+09
1.25179581e+09
1.09908691e+09
9.64800910e+08
8.46858343e+08
7.43286513e+08
6.52429707e+08
5.72734464e+08
5.02741189e+08
4.41268647e+08
3.87292123e+08
3.39987000e+08
2.98445239e+08
2.61963571e+08
2.29924610e+08
2.01825544e+08
1.77166581e+08
1.55512906e+08
1.36498282e+08
1.19808644e+08
1.05172921e+08
9.23192346e+07
8.10324325e+07
7.11092390e+07
6.24339560e+07
5.48052285e+07
4.81053762e+07
4.22223475e+07
3.70615885e+07
3.25343907e+07
2.85579862e+07
2.50655043e+07
2.19984293e+07
1.93087997e+07
1.69431239e+07
1.48587809e+07
1.30171063e+07
1.13828368e+07
9.92356095e+06
8.60955300e+06
7.41482341e+06
6.31877758e+06
5.30500435e+06
4.36373635e+06
3.49291851e+06
