1.08344693e+04
1.04437684e+04
1.00575938e+04
9.67756328e+03
9.30489121e+03
8.94025337e+03
8.58434124e+03
8.23777798e+03
7.90122472e+03
7.57544458e+03
7.26058499e+03
6.95681457e+03
6.66431734e+03
6.38309188e+03
6.11300939e+03
5.85385906e+03
5.60549810e+03
5.36744868e+03
5.13936902e+03
4.92088738e+03
4.71170615e+03
4.51140433e+03
4.31957108e+03
4.13586609e+03
3.95997773e+03
3.79163127e+03
3.63040779e+03
3.47600949e+03
3.32807837e+03
3.18665853e+03
3.05117380e+03
2.92142454e+03
2.79716768e+03
2.67821190e+03
2.56434719e+03
2.45531059e+03
2.35089202e+03
2.25089571e+03
2.15519899e+03
2.06356008e+03
1.97580825e+03
1.89177496e+03
1.81133413e+03
1.73431810e+03
1.66056690e+03
1.58994469e+03
1.52232775e+03
1.45760742e+03
1.39562607e+03
1.33627134e+03
1.27940777e+03
1.22504060e+03
1.17295514e+03
1.12307392e+03
1.07530579e+03
1.02957798e+03
9.85806529e+02
9.43889297e+02
9.03746232e+02
8.65304532e+02
8.28516904e+02
7.93289653e+02
7.59555495e+02
7.27249590e+02
6.96325299e+02
6.66718501e+02
6.38367581e+02
6.11218910e+02
5.85224734e+02
5.60343439e+02
5.36515978e+02
5.13699146e+02
4.91841124e+02
4.70939565e+02
4.50915624e+02
4.31739524e+02
4.13376582e+02
3.95798407e+02
3.78971447e+02
3.62856686e+02
3.47424102e+02
3.32646411e+02
3.18504771e+02
3.04962615e+02
2.91993799e+02
2.79561543e+02
2.67684592e+02
2.56300212e+02
2.45393686e+02
2.34938627e+02
2.24906047e+02
2.15265371e+02
2.05973570e+02
1.96988513e+02
1.88265069e+02
1.79755873e+02
1.71421289e+02
1.63224026e+02
1.55145659e+02
1.47182937e+02
