1.35344227e+12
1.30820592e+12
1.27394056e+12
1.24761302e+12
1.22705152e+12
1.21060840e+12
1.19705659e+12
1.18551766e+12
1.17541108e+12
1.16632839e+12
1.15798757e+12
1.15021127e+12
1.14283811e+12
1.13576820e+12
1.12894466e+12
1.12228691e+12
1.11575773e+12
1.10931798e+12
1.10292818e+12
1.09659237e+12
1.09025443e+12
1.08392905e+12
1.07756731e+12
1.07118332e+12
1.06476336e+12
1.05828303e+12
1.05173579e+12
1.04511515e+12
1.03841460e+12
1.03162769e+12
1.02474793e+12
1.01776886e+12
1.01068404e+12
1.00348697e+12
9.96171142e+11
9.88730020e+11
9.81156996e+11
9.73445394e+11
9.65588453e+11
9.57579306e+11
9.49410964e+11
9.41076299e+11
9.32568022e+11
9.23878665e+11
9.15029872e+11
9.05987845e+11
8.96742900e+11
8.87286525e+11
8.77609913e+11
8.67703934e+11
8.57559107e+11
8.47192418e+11
8.36579947e+11
8.25698657e+11
8.14537142e+11
8.03083451e+11
7.91325031e+11
7.79248682e+11
7.66847752e+11
7.54131181e+11
7.41051688e+11
7.27592487e+11
7.13735767e+11
6.99462604e+11
6.84752865e+11
6.69585108e+11
6.53936476e+11
6.37782579e+11
6.21097375e+11
6.03853047e+11
5.86019866e+11
5.67566071e+11
5.48457730e+11
5.28658640e+11
5.08130240e+11
4.86831595e+11
4.64753609e+11
4.41902288e+11
4.18170958e+11
3.93551773e+11
3.68123618e+11
3.41771817e+11
3.14615180e+11
2.86683134e+11
2.58047609e+11
2.28859175e+11
1.99324196e+11
1.69774147e+11
1.40562552e+11
1.12226318e+11
8.54400890e+10
6.10134840e+10
3.98807421e+10
2.29720517e+10
1.09786721e+10
3.94959576e+09
9.18991874e+08
1.16689762e+08
1.23050654e+07
4.21762631e+06
