7.35457962e-21
9.48765597e-21
1.21307180e-20
1.54062780e-20
1.94637755e-20
2.44863159e-20
3.07072837e-20
3.84091362e-20
4.79539697e-20
5.97843617e-20
7.44563502e-20
9.26664071e-20
1.15274102e-19
1.43315338e-19
1.78148623e-19
2.21432496e-19
2.75236331e-19
3.42064787e-19
4.25054674e-19
5.28216482e-19
6.56461182e-19
8.15897438e-19
1.01374372e-18
1.25971793e-18
1.56552684e-18
1.94572684e-18
2.41776442e-18
3.00419941e-18
3.73334562e-18
4.63995449e-18
5.76654117e-18
7.16484135e-18
8.90318460e-18
1.10646800e-17
1.37519172e-17
1.70881800e-17
2.12332169e-17
2.63863511e-17
3.27941301e-17
4.07545841e-17
5.06397113e-17
6.29275482e-17
7.82042039e-17
9.71984833e-17
1.20769586e-16
1.50072646e-16
1.86501030e-16
2.31791478e-16
2.88026587e-16
3.57894590e-16
4.44761372e-16
5.52760351e-16
6.86959548e-16
8.53538829e-16
1.06064377e-15
1.31815963e-15
1.63828446e-15
2.03569744e-15
2.52947988e-15
3.14340888e-15
3.90682980e-15
4.85515971e-15
6.03268932e-15
7.49645630e-15
9.31642429e-15
1.15794002e-14
1.43875256e-14
1.78782103e-14
2.22176072e-14
2.76130734e-14
3.43128685e-14
4.26367562e-14
5.29849043e-14
6.58498062e-14
8.18364016e-14
1.01682243e-13
1.26356604e-13
1.57034540e-13
1.95168435e-13
2.42509182e-13
3.01335717e-13
3.74479384e-13
4.65428634e-13
5.78395265e-13
7.18661050e-13
8.93026067e-13
1.10979636e-12
1.37918725e-12
1.71302820e-12
2.12687271e-12
2.63864006e-12
3.26905404e-12
4.04133829e-12
4.98097770e-12
6.11605433e-12
7.47759730e-12
9.09887258e-12
1.10185776e-11
1.32804875e-11
1.59391949e-11
