1.30727640e+12
1.21901908e+12
1.14500342e+12
1.08209835e+12
1.02801652e+12
9.81049808e+11
9.39887863e+11
9.03489236e+11
8.71017744e+11
8.41808163e+11
8.15303929e+11
7.91064844e+11
7.68730664e+11
7.47994255e+11
7.28633443e+11
7.10427772e+11
6.93231094e+11
6.76884867e+11
6.61305670e+11
6.46395516e+11
6.32046646e+11
6.18199684e+11
6.04792808e+11
5.91807554e+11
5.79162451e+11
5.66827227e+11
5.54770168e+11
5.42958844e+11
5.31360805e+11
5.19981668e+11
5.08796538e+11
4.97745956e+11
4.86842893e+11
4.76093831e+11
4.65412750e+11
4.54902363e+11
4.44418792e+11
4.34088661e+11
4.23777812e+11
4.13576205e+11
4.03414299e+11
3.93297891e+11
3.83263250e+11
3.73234630e+11
3.63272170e+11
3.53348012e+11
3.43425523e+11
3.33568291e+11
3.23733210e+11
3.13897388e+11
3.04118098e+11
2.94359547e+11
2.84600458e+11
2.74892882e+11
2.65208605e+11
2.55527309e+11
2.45904450e+11
2.36303844e+11
2.26717176e+11
2.17205565e+11
2.07711672e+11
1.98274981e+11
1.88892424e+11
1.79562681e+11
1.70312235e+11
1.61127341e+11
1.52036411e+11
1.43037196e+11
1.34141716e+11
1.25373327e+11
1.16731642e+11
1.08235797e+11
9.99075730e+10
9.17583470e+10
8.38072565e+10
7.60748958e+10
6.85830304e+10
6.13549728e+10
5.44128417e+10
4.77854742e+10
4.14968448e+10
3.55774361e+10
3.00533520e+10
2.49523214e+10
2.03040743e+10
1.61303133e+10
1.24550461e+10
9.29098222e+09
6.64665554e+09
4.51536795e+09
2.87644278e+09
1.69040096e+09
8.97376474e+08
4.19755718e+08
1.69036944e+08
5.88857768e+07
1.98096006e+07
8.32022707e+06
4.86441901e+06
3.46018491e+06
