1.43937393e+02
1.48188625e+02
1.52132755e+02
1.55772736e+02
1.59117514e+02
1.62187441e+02
1.65011046e+02
1.67625582e+02
1.70069224e+02
1.72375774e+02
1.74579092e+02
1.76701106e+02
1.78768039e+02
1.80799161e+02
1.82807312e+02
1.84804962e+02
1.86806562e+02
1.88824891e+02
1.90869284e+02
1.92946111e+02
1.95063745e+02
1.97232484e+02
1.99464467e+02
2.01765703e+02
2.04138963e+02
2.06605423e+02
2.09162126e+02
2.11824858e+02
2.14612126e+02
2.17516356e+02
2.20559616e+02
2.23759409e+02
2.27128719e+02
2.30681804e+02
2.34421993e+02
2.38376226e+02
2.42566445e+02
2.47013526e+02
2.51740442e+02
2.56772489e+02
2.62137541e+02
2.67866332e+02
2.73992766e+02
2.80554271e+02
2.87592186e+02
2.95152198e+02
3.03284829e+02
3.12045975e+02
3.21497507e+02
3.31707950e+02
3.42753229e+02
3.54717513e+02
3.67694144e+02
3.81786690e+02
3.97110117e+02
4.13792095e+02
4.31974477e+02
4.51814950e+02
4.73488902e+02
4.97191525e+02
5.23140202e+02
5.51577213e+02
5.82772819e+02
6.17028798e+02
6.54682490e+02
6.96111466e+02
7.41697866e+02
7.91791155e+02
8.47025647e+02
9.07988588e+02
9.75342137e+02
1.04969408e+03
1.13160184e+03
1.22230363e+03
1.32254534e+03
1.43321811e+03
1.55578066e+03
1.69114137e+03
1.84077550e+03
2.00631700e+03
2.18922405e+03
2.39113929e+03
2.61391885e+03
2.85964332e+03
3.13028068e+03
3.42789458e+03
3.75436364e+03
4.11177274e+03
4.50182712e+03
4.92579572e+03
5.38434003e+03
5.87717052e+03
6.40287261e+03
6.95842860e+03
7.53926308e+03
8.13960091e+03
8.75315340e+03
9.37391418e+03
9.99626359e+03
1.06148757e+04
