7.89499146e-25
1.60073341e-24
6.17433560e-24
3.90153035e-23
2.01636804e-22
7.40934200e-22
2.06942343e-21
4.73198743e-21
9.36221960e-21
1.66506951e-20
2.73736233e-20
4.23557979e-20
6.25618642e-20
8.90935285e-20
1.23155101e-19
1.66146825e-19
2.19733179e-19
2.85943890e-19
3.67008852e-19
4.65402499e-19
5.84062855e-19
7.26533257e-19
8.97134291e-19
1.10076418e-18
1.34164279e-18
1.62815000e-18
1.96517501e-18
2.36310033e-18
2.83258913e-18
3.38064936e-18
4.02416834e-18
4.77842718e-18
5.66104378e-18
6.69041371e-18
7.88814137e-18
9.28392413e-18
1.09087818e-17
1.27984696e-17
1.49941936e-17
1.75434338e-17
2.05008898e-17
2.39295664e-17
2.79020220e-17
3.25018005e-17
3.78250764e-17
4.39825422e-17
5.11015751e-17
5.93287226e-17
6.88325548e-17
7.98069375e-17
9.24747872e-17
1.07092382e-16
1.23954310e-16
1.43399155e-16
1.65816030e-16
1.91652095e-16
2.21421216e-16
2.55713953e-16
2.95209101e-16
3.40687048e-16
3.93045292e-16
4.53316486e-16
5.22689526e-16
6.02534251e-16
6.94430510e-16
8.00202485e-16
9.21520092e-16
1.06106801e-15
1.22162527e-15
1.40641546e-15
1.61919086e-15
1.86332541e-15
2.14388441e-15
2.46723186e-15
2.83840334e-15
3.26543427e-15
3.75666509e-15
4.32190763e-15
4.97134294e-15
5.71940589e-15
6.58051280e-15
7.57167859e-15
8.71317012e-15
1.00292522e-14
1.15466357e-14
1.32982957e-14
1.53211446e-14
1.76609579e-14
2.03712453e-14
2.35165101e-14
2.71752163e-14
3.14437361e-14
3.64437968e-14
4.23286742e-14
4.92963284e-14
5.76065015e-14
6.76033314e-14
7.97483673e-14
9.46780146e-14
1.13295705e-13
