1.09107497e+04
1.05810644e+04
1.02430440e+04
9.90136641e+03
9.55792271e+03
9.21449952e+03
8.87256981e+03
8.53410198e+03
8.20051080e+03
7.87337732e+03
7.55397403e+03
7.24335773e+03
6.94247594e+03
6.65224144e+03
6.37254245e+03
6.10345744e+03
5.84492325e+03
5.59702793e+03
5.35954474e+03
5.13189912e+03
4.91373103e+03
4.70469138e+03
4.50479220e+03
4.31328858e+03
4.12985200e+03
3.95413872e+03
3.78603252e+03
3.62509469e+03
3.47092573e+03
3.32325952e+03
3.18189374e+03
3.04667935e+03
2.91713639e+03
2.79303921e+03
2.67406509e+03
2.56052685e+03
2.45168969e+03
2.34741981e+03
2.24753119e+03
2.15194132e+03
2.06048636e+03
1.97288052e+03
1.88895397e+03
1.80856179e+03
1.73170393e+03
1.65808545e+03
1.58756899e+03
1.52001728e+03
1.45538945e+03
1.39352192e+03
1.33426166e+03
1.27750072e+03
1.22315731e+03
1.17117502e+03
1.12137523e+03
1.07367332e+03
1.02794284e+03
9.84297196e+02
9.42455856e+02
9.02370745e+02
8.63973338e+02
8.27230728e+02
7.92075757e+02
7.58397273e+02
7.26132437e+02
6.95228708e+02
6.65685916e+02
6.37387931e+02
6.10279896e+02
5.84310138e+02
5.59465692e+02
5.35684446e+02
5.12905909e+02
4.91086442e+02
4.70194785e+02
4.50210959e+02
4.31067901e+02
4.12732253e+02
3.95153943e+02
3.78374807e+02
3.62289273e+02
3.46880087e+02
3.32120808e+02
3.17997446e+02
3.04482946e+02
2.91535084e+02
2.79130408e+02
2.67247283e+02
2.55880494e+02
2.44975695e+02
2.34496294e+02
2.24398435e+02
2.14628625e+02
2.05120403e+02
1.95792380e+02
1.86555127e+02
1.77326529e+02
1.68025601e+02
1.58595534e+02
1.49012139e+02
