1.10204532e+04
1.08614772e+04
1.07368346e+04
1.06384769e+04
1.05600385e+04
1.04962579e+04
1.04429723e+04
1.03970790e+04
1.03564813e+04
1.03196724e+04
1.02855961e+04
1.02535875e+04
1.02230229e+04
1.01935166e+04
1.01648521e+04
1.01367059e+04
1.01089306e+04
1.00813668e+04
1.00538494e+04
1.00263984e+04
9.99877109e+03
9.97103052e+03
9.94295950e+03
9.91461644e+03
9.88593635e+03
9.85680450e+03
9.82718443e+03
9.79703879e+03
9.76632932e+03
9.73501681e+03
9.70306102e+03
9.67042062e+03
9.63705305e+03
9.60291443e+03
9.56795943e+03
9.53214109e+03
9.49541070e+03
9.45771760e+03
9.41900899e+03
9.37922974e+03
9.33832215e+03
9.29622570e+03
9.25287684e+03
9.20820861e+03
9.16230319e+03
9.11495403e+03
9.06607459e+03
9.01558102e+03
8.96338424e+03
8.90938948e+03
8.85349569e+03
8.79574545e+03
8.73595134e+03
8.67392213e+03
8.60952475e+03
8.54261613e+03
8.47304219e+03
8.40063669e+03
8.32526445e+03
8.24687962e+03
8.16507996e+03
8.07963464e+03
7.99029244e+03
7.89677954e+03
7.79879707e+03
7.69601832e+03
7.58808565e+03
7.47460701e+03
7.35515206e+03
7.22924778e+03
7.09637357e+03
6.95595569e+03
6.80736101e+03
6.64988996e+03
6.48276867e+03
6.30514022e+03
6.11635058e+03
5.91582691e+03
5.70192090e+03
5.47374142e+03
5.23114456e+03
4.97204505e+03
4.69649369e+03
4.40357646e+03
4.09267343e+03
3.76388465e+03
3.41783787e+03
3.05657743e+03
2.68242178e+03
2.30008912e+03
1.91649983e+03
1.54123056e+03
1.18723853e+03
8.70334350e+02
6.07455509e+02
4.11840948e+02
2.85436242e+02
2.14229269e+02
1.75874294e+02
1.53592734e+02
