7.81427488e-17
9.58118026e-17
1.16677692e-16
1.41362348e-16
1.70571121e-16
2.05089975e-16
2.45986688e-16
2.94352328e-16
3.51669448e-16
4.19635020e-16
5.00287717e-16
5.96036570e-16
7.09742112e-16
8.44913474e-16
1.00565668e-15
1.19686674e-15
1.42426290e-15
1.69464855e-15
2.01643618e-15
2.39939835e-15
2.85512874e-15
3.39690122e-15
4.04162363e-15
4.80903848e-15
5.72246800e-15
6.80875891e-15
8.10073295e-15
9.63846687e-15
1.14689176e-14
1.36473151e-14
1.62368117e-14
1.93184439e-14
2.29862565e-14
2.73503147e-14
3.25440236e-14
3.87205561e-14
4.60711237e-14
5.48198686e-14
6.52288467e-14
7.76074722e-14
9.23400648e-14
1.09873695e-13
1.30740741e-13
1.55549062e-13
1.85073502e-13
2.20214796e-13
2.62039454e-13
3.11778542e-13
3.70940796e-13
4.41360868e-13
5.25183224e-13
6.24929636e-13
7.43498173e-13
8.84609042e-13
1.05257390e-12
1.25242617e-12
1.49024244e-12
1.77305470e-12
2.10963560e-12
2.51027089e-12
2.98694007e-12
3.55378017e-12
4.22836531e-12
5.03121085e-12
5.98678044e-12
7.12283876e-12
8.47485319e-12
1.00839540e-11
1.19990365e-11
1.42766136e-11
1.69859115e-11
2.02107294e-11
2.40490008e-11
2.86161360e-11
3.40453835e-11
4.05073560e-11
4.81992417e-11
5.73510175e-11
6.82399269e-11
8.11896175e-11
9.66025137e-11
1.14949524e-10
1.36777263e-10
1.62732283e-10
1.93619709e-10
2.30379918e-10
2.74128145e-10
3.26111448e-10
3.87898027e-10
4.61237795e-10
5.48083220e-10
6.50537199e-10
7.70753046e-10
9.11037605e-10
1.07356862e-09
1.26059035e-09
1.47438164e-09
1.71752498e-09
1.99269631e-09
2.30351629e-09
