9.20131207e-05
9.47418059e-05
9.72739849e-05
9.96111298e-05
1.01759067e-04
1.03730195e-04
1.05543202e-04
1.07221548e-04
1.08789522e-04
1.10268390e-04
1.11680661e-04
1.13040826e-04
1.14364983e-04
1.15665786e-04
1.16951509e-04
1.18230522e-04
1.19511382e-04
1.20803189e-04
1.22111438e-04
1.23440140e-04
1.24794591e-04
1.26181326e-04
1.27608061e-04
1.29080906e-04
1.30597221e-04
1.32175444e-04
1.33808148e-04
1.35511484e-04
1.37294193e-04
1.39147804e-04
1.41093848e-04
1.43139871e-04
1.45294161e-04
1.47561808e-04
1.49950511e-04
1.52477758e-04
1.55155664e-04
1.57997551e-04
1.61018083e-04
1.64233405e-04
1.67661311e-04
1.71321416e-04
1.75235364e-04
1.79427047e-04
1.83922854e-04
1.88751954e-04
1.93946600e-04
1.99542480e-04
2.05579100e-04
2.12100217e-04
2.19154316e-04
2.26795151e-04
2.35082343e-04
2.44082047e-04
2.53867707e-04
2.64520895e-04
2.76132254e-04
2.88802558e-04
3.02643910e-04
3.17781088e-04
3.34353076e-04
3.52514798e-04
3.72439100e-04
3.94319011e-04
4.18370339e-04
4.44834659e-04
4.73879813e-04
5.05877081e-04
5.41161157e-04
5.80107916e-04
6.23141199e-04
6.70548448e-04
7.22883139e-04
7.80842455e-04
8.44790410e-04
9.15517541e-04
9.93733526e-04
1.08024629e-03
1.17577133e-03
1.28147120e-03
1.39827882e-03
1.52724425e-03
1.66955302e-03
1.82653326e-03
1.99938009e-03
2.18949344e-03
2.39806630e-03
2.62642539e-03
2.87565053e-03
3.14657628e-03
3.43963590e-03
3.75465655e-03
4.09075948e-03
4.44601886e-03
4.81752092e-03
5.20159418e-03
5.59423431e-03
5.99153499e-03
6.38992154e-03
6.78598693e-03
