1.29613184e+12
1.18112181e+12
1.07167305e+12
9.68613459e+11
8.72310012e+11
7.82824128e+11
7.00146225e+11
6.24201210e+11
5.54842928e+11
4.91993155e+11
4.35280546e+11
3.84349000e+11
3.38846478e+11
2.98363105e+11
2.62467896e+11
2.30727834e+11
2.02735809e+11
1.78073702e+11
1.56372601e+11
1.37293108e+11
1.20533781e+11
1.05814097e+11
9.28858023e+10
8.15337158e+10
7.15686195e+10
6.28243290e+10
5.51466632e+10
4.84057309e+10
4.24817682e+10
3.72957410e+10
3.27381788e+10
2.87368549e+10
2.52238291e+10
2.21405850e+10
1.94349568e+10
1.70597549e+10
1.49745236e+10
1.31438285e+10
1.15376413e+10
1.01275604e+10
8.88971166e+09
7.80302498e+09
6.84938331e+09
6.01231374e+09
5.27743644e+09
4.63232670e+09
4.06610439e+09
3.56925153e+09
3.13301748e+09
2.75003512e+09
2.41352722e+09
2.11887327e+09
1.85994126e+09
1.63260356e+09
1.43301497e+09
1.25785652e+09
1.10415066e+09
9.69209768e+08
8.50736828e+08
7.46727611e+08
6.55477700e+08
5.75371723e+08
5.05048000e+08
4.43308421e+08
3.89127683e+08
3.41571621e+08
2.99823474e+08
2.63174623e+08
2.31005949e+08
2.02776973e+08
1.77992921e+08
1.56235561e+08
1.37120819e+08
1.20378855e+08
1.05667538e+08
9.27514294e+07
8.14125404e+07
7.14620124e+07
6.27297608e+07
5.50631340e+07
4.83320671e+07
4.24231295e+07
3.72392540e+07
3.26883893e+07
2.86929994e+07
2.51785001e+07
2.21066070e+07
1.94039915e+07
1.70300445e+07
1.49431341e+07
1.31059123e+07
1.14850939e+07
1.00494315e+07
8.77183023e+06
7.62837255e+06
6.59829411e+06
5.66457306e+06
4.81515841e+06
4.04032202e+06
3.33667718e+06
