3.24334594e+06
3.99474250e+06
5.13270465e+06
7.02821602e+06
1.04757616e+07
1.69174797e+07
2.85030334e+07
4.79249953e+07
7.81546190e+07
1.22172752e+08
1.82817765e+08
2.62690746e+08
3.64148151e+08
4.89433484e+08
6.40422227e+08
8.19231225e+08
1.02744987e+09
1.26728362e+09
1.54015231e+09
1.84787659e+09
2.19297864e+09
2.57680065e+09
3.00263513e+09
3.47029153e+09
3.98390720e+09
4.54569915e+09
5.15819982e+09
5.82433195e+09
6.54747265e+09
7.32681296e+09
8.16932956e+09
9.07987144e+09
1.00571064e+10
1.11079523e+10
1.22379319e+10
1.34454580e+10
1.47431723e+10
1.61267154e+10
1.76092275e+10
1.91913301e+10
2.08781516e+10
2.26846727e+10
2.45980938e+10
2.66440318e+10
2.88235835e+10
3.11353402e+10
3.36021212e+10
3.62238115e+10
3.90036369e+10
4.19654564e+10
4.51106122e+10
4.84423192e+10
5.19885062e+10
5.57521430e+10
5.97367769e+10
6.39752292e+10
6.84686164e+10
7.32286703e+10
7.82904376e+10
8.36455668e+10
8.93306204e+10
9.53644452e+10
1.01752694e+11
1.08543372e+11
1.15727122e+11
1.23365051e+11
1.31451333e+11
1.40042837e+11
1.49155725e+11
1.58827108e+11
1.69101207e+11
1.80010820e+11
1.91598083e+11
2.03916248e+11
2.17015842e+11
2.30953281e+11
2.45790913e+11
2.61596699e+11
2.78451522e+11
2.96436711e+11
3.15650011e+11
3.36194031e+11
3.58198329e+11
3.81805568e+11
4.07163099e+11
4.34468980e+11
4.63926762e+11
4.95807193e+11
5.30395900e+11
5.68063931e+11
6.09242213e+11
6.54447933e+11
7.04323634e+11
7.59627711e+11
8.21298843e+11
8.90484351e+11
9.68592212e+11
1.05739151e+12
1.15914591e+12
1.27678770e+12
