7.64436604e-21
1.12053209e-20
1.88385417e-20
3.96845034e-20
1.00131719e-19
2.53887077e-19
5.82163218e-19
1.18588624e-18
2.17797947e-18
3.67841145e-18
5.82091351e-18
8.74553627e-18
1.26164883e-17
1.76206017e-17
2.39604511e-17
3.18714739e-17
4.16335551e-17
5.35881381e-17
6.81073329e-17
8.56017666e-17
1.06558871e-16
1.31566323e-16
1.61340229e-16
1.96688409e-16
2.38293072e-16
2.87544947e-16
3.45222171e-16
4.13033085e-16
4.92715660e-16
5.85374987e-16
6.93772589e-16
8.20374104e-16
9.68015735e-16
1.13964113e-15
1.33870581e-15
1.56998007e-15
1.83841588e-15
2.14970955e-15
2.51041276e-15
2.92805997e-15
3.41131461e-15
3.97013669e-15
4.61597514e-15
5.36198813e-15
6.22329582e-15
7.21726979e-15
8.36386485e-15
9.68599914e-15
1.12099895e-14
1.29660504e-14
1.49888655e-14
1.73182425e-14
1.99998641e-14
2.30861496e-14
2.66372426e-14
3.07221469e-14
3.54200325e-14
4.08217394e-14
4.70315126e-14
5.41690090e-14
6.23716221e-14
7.17971849e-14
8.26271213e-14
9.50701345e-14
1.09366538e-13
1.25793366e-13
1.44602369e-13
1.66201075e-13
1.91009433e-13
2.19513743e-13
2.52279101e-13
2.89809458e-13
3.32865554e-13
3.82402635e-13
4.39167330e-13
5.04359617e-13
5.79218412e-13
6.65198248e-13
7.63799749e-13
8.77156785e-13
1.00738394e-12
1.15697000e-12
1.32887043e-12
1.52661150e-12
1.75404698e-12
2.01591815e-12
2.31748619e-12
2.66524205e-12
3.06669897e-12
3.53082242e-12
4.06838737e-12
4.69243786e-12
5.41919208e-12
6.26866276e-12
7.26613774e-12
8.44399714e-12
9.84395715e-12
1.15201677e-11
1.35445655e-11
1.60148344e-11
