7.77068251e-25
1.13445546e-24
1.60351039e-24
2.21721746e-24
3.01524370e-24
4.04955343e-24
5.38777845e-24
7.11791727e-24
9.34951072e-24
1.22388672e-23
1.59761073e-23
2.08115826e-23
2.70755287e-23
3.51934456e-23
4.57186259e-23
5.93711838e-23
7.70766577e-23
1.00055374e-22
1.29877071e-22
1.68579045e-22
2.18789364e-22
2.83951698e-22
3.68547650e-22
4.78362909e-22
6.20873981e-22
8.05737131e-22
1.04570577e-21
1.35725591e-21
1.76128715e-21
2.28639804e-21
2.96724991e-21
3.85102425e-21
4.99843325e-21
6.48764996e-21
8.41985926e-21
1.09275263e-20
1.41824669e-20
1.84082070e-20
2.38907092e-20
3.10071623e-20
4.02434381e-20
5.22317813e-20
6.77878453e-20
8.79784666e-20
1.14188738e-19
1.48208536e-19
1.92356329e-19
2.49632262e-19
3.23989455e-19
4.20522861e-19
5.45708501e-19
7.08364318e-19
9.19302714e-19
1.19314571e-18
1.54868006e-18
2.01006133e-18
2.60863367e-18
3.38551383e-18
4.39404211e-18
5.70342532e-18
7.40208372e-18
9.60670896e-18
1.24680365e-17
1.61824127e-17
2.10026005e-17
2.72585949e-17
3.53786308e-17
4.59175319e-17
5.95951089e-17
7.73424805e-17
1.00382570e-16
1.30290247e-16
1.69075726e-16
2.19461862e-16
2.84820504e-16
3.69674201e-16
4.79829888e-16
6.22760049e-16
8.08193715e-16
1.04889781e-15
1.36140388e-15
1.76710313e-15
2.29334189e-15
2.97626772e-15
3.86258266e-15
5.01048333e-15
6.50352146e-15
8.43245510e-15
1.09201633e-14
1.41098645e-14
1.81630399e-14
2.32476865e-14
2.95297522e-14
3.71541172e-14
4.62399025e-14
5.68854997e-14
6.91592223e-14
8.31808017e-14
9.90110122e-14
1.16811539e-13
