8.71211343e-21
1.83910499e-20
8.86338134e-20
7.11570739e-19
4.26401666e-18
1.74518888e-17
5.31699092e-17
1.30470355e-16
2.72890255e-16
5.06128316e-16
8.56354825e-16
1.34882340e-15
2.00741750e-15
2.85517921e-15
3.91267255e-15
5.20164590e-15
6.74090737e-15
8.55249165e-15
1.06528213e-14
1.30611753e-14
1.58024092e-14
1.88966941e-14
2.23672835e-14
2.62277452e-14
3.05124746e-14
3.52450113e-14
4.04517110e-14
4.61625070e-14
5.24115938e-14
5.92144586e-14
6.66041559e-14
7.46444992e-14
8.33541670e-14
9.27531121e-14
1.02950262e-13
1.13878718e-13
1.25724852e-13
1.38384549e-13
1.52063324e-13
1.66690257e-13
1.82411859e-13
1.99278535e-13
2.17283769e-13
2.36627658e-13
2.57264467e-13
2.79318888e-13
3.02958129e-13
3.28114818e-13
3.54983177e-13
3.83733975e-13
4.14305363e-13
4.46916008e-13
4.81771233e-13
5.18819102e-13
5.58303773e-13
6.00476539e-13
6.45264291e-13
6.93011634e-13
7.43976304e-13
7.98043667e-13
8.55771845e-13
9.17190085e-13
9.82596079e-13
1.05231508e-12
1.12648657e-12
1.20559445e-12
1.28980722e-12
1.37959517e-12
1.47534827e-12
1.57736545e-12
1.68626713e-12
1.80251290e-12
1.92657092e-12
2.05913117e-12
2.20086101e-12
2.35249680e-12
2.51486078e-12
2.68886697e-12
2.87561209e-12
3.07618385e-12
3.29200054e-12
3.52448884e-12
3.77547869e-12
4.04703941e-12
4.34140436e-12
4.66159412e-12
5.01074207e-12
5.39311810e-12
5.81337862e-12
6.27769009e-12
6.79345037e-12
7.36988114e-12
8.01874196e-12
8.75474534e-12
9.59688289e-12
1.05698333e-11
1.17058036e-11
1.30484962e-11
1.46583402e-11
1.66218354e-11
