7.27283793e-21
9.67984461e-21
1.34055976e-20
1.96711349e-20
3.08127304e-20
5.03961746e-20
8.28713861e-20
1.33256104e-19
2.07133441e-19
3.10700607e-19
4.51275735e-19
6.37665264e-19
8.80080588e-19
1.19115391e-18
1.58585486e-18
2.08275037e-18
2.70449756e-18
3.47577217e-18
4.43221434e-18
5.60729941e-18
7.05209542e-18
8.82220349e-18
1.09849187e-17
1.36219574e-17
1.68328217e-17
2.07389447e-17
2.54701440e-17
3.11950908e-17
3.81401065e-17
4.65415166e-17
5.66570172e-17
6.89187877e-17
8.36429162e-17
1.01437397e-16
1.22836158e-16
1.48612363e-16
1.79602811e-16
2.16888608e-16
2.61642759e-16
3.15518403e-16
3.80001024e-16
4.57778776e-16
5.50515284e-16
6.62358457e-16
7.95885972e-16
9.56301519e-16
1.14863373e-15
1.37846774e-15
1.65521505e-15
1.98432625e-15
2.38011319e-15
2.85319499e-15
3.41888589e-15
4.09840423e-15
4.90654345e-15
5.87808165e-15
7.03576791e-15
8.42239058e-15
1.00813130e-14
1.20599844e-14
1.44346288e-14
1.72578398e-14
2.06523238e-14
2.46812687e-14
2.95252782e-14
3.52782225e-14
4.21929609e-14
5.04004884e-14
6.02514942e-14
7.19796643e-14
8.60025953e-14
1.02786458e-13
1.22744128e-13
1.46626034e-13
1.75184248e-13
2.09236117e-13
2.49857590e-13
2.98385937e-13
3.56346015e-13
4.25570373e-13
5.08274132e-13
6.06987937e-13
7.24769304e-13
8.65711984e-13
1.03380995e-12
1.23474589e-12
1.47498970e-12
1.76198547e-12
2.10533418e-12
2.51616693e-12
3.00802441e-12
3.59737617e-12
4.30447188e-12
5.15413905e-12
6.17725187e-12
7.41255445e-12
8.90906331e-12
1.07292791e-11
1.29534287e-11
1.56863514e-11
