8.17509738e-13
9.41680551e-13
1.08222593e-12
1.24153577e-12
1.42225864e-12
1.62707978e-12
1.85979135e-12
2.12369044e-12
2.42355070e-12
2.76441494e-12
3.15207889e-12
3.59303050e-12
4.09464779e-12
4.66581499e-12
5.31634558e-12
6.05741582e-12
6.90132271e-12
7.86211603e-12
8.95695998e-12
1.02045983e-11
1.16263340e-11
1.32444452e-11
1.50882032e-11
1.71894275e-11
1.95841031e-11
2.23109815e-11
2.54163753e-11
2.89552150e-11
3.29883282e-11
3.75838852e-11
4.28146578e-11
4.87751632e-11
5.55676733e-11
6.33078382e-11
7.21223916e-11
8.21622826e-11
9.36031120e-11
1.06641034e-10
1.21492619e-10
1.38402853e-10
1.57673492e-10
1.79633807e-10
2.04659347e-10
2.33142404e-10
2.65599032e-10
3.02587552e-10
3.44740268e-10
3.92739346e-10
4.47403591e-10
5.09699967e-10
5.80697222e-10
6.61591236e-10
7.53665762e-10
8.58587293e-10
9.78159063e-10
1.11441542e-09
1.26957621e-09
1.44630377e-09
1.64769224e-09
1.87720233e-09
2.13864168e-09
2.43631841e-09
2.77553346e-09
3.16209004e-09
3.60261848e-09
4.10401469e-09
4.67536633e-09
5.32647142e-09
6.06846385e-09
6.91337093e-09
7.87565280e-09
8.97229738e-09
1.02220711e-08
1.16459875e-08
1.32667421e-08
1.51137072e-08
1.72186134e-08
1.96171985e-08
2.23483842e-08
2.54592339e-08
2.90042909e-08
3.30445093e-08
3.76466984e-08
4.28866436e-08
4.88576191e-08
5.56619114e-08
6.34160039e-08
7.22397935e-08
8.22898122e-08
9.37303043e-08
1.06739994e-07
1.21508560e-07
1.38229537e-07
1.57120996e-07
1.78389973e-07
2.02259155e-07
2.28958502e-07
2.58751353e-07
2.91904834e-07
3.28768117e-07
