4.90839796e-05
4.66520141e-05
4.41792637e-05
4.16667294e-05
3.91284329e-05
3.65797545e-05
3.40455698e-05
3.15674973e-05
2.91680386e-05
2.68765158e-05
2.47168389e-05
2.26997987e-05
2.08289792e-05
1.91024810e-05
1.75142308e-05
1.60586764e-05
1.47229732e-05
1.34976011e-05
1.23735547e-05
1.13438266e-05
1.04001317e-05
9.53462094e-06
8.74079951e-06
8.01186519e-06
7.34650946e-06
6.73516600e-06
6.17448688e-06
5.66027834e-06
5.18944706e-06
4.75768578e-06
4.36165621e-06
3.99845204e-06
3.66566694e-06
3.36077134e-06
3.08108404e-06
2.82454230e-06
2.58918771e-06
2.37396463e-06
2.17645479e-06
1.99528222e-06
1.82910324e-06
1.67690418e-06
1.53740663e-06
1.40946155e-06
1.29210565e-06
1.18430143e-06
1.08599627e-06
9.95626810e-07
9.12745648e-07
8.36728495e-07
7.67131178e-07
7.03302053e-07
6.44759861e-07
5.91070925e-07
5.41882601e-07
4.96806836e-07
4.55458695e-07
4.17535287e-07
3.82732640e-07
3.50934495e-07
3.21735076e-07
2.94950694e-07
2.70384619e-07
2.47889813e-07
2.27268736e-07
2.08354026e-07
1.91004158e-07
1.75102729e-07
1.60537676e-07
1.47179145e-07
1.34926772e-07
1.23688473e-07
1.13400963e-07
1.03965322e-07
9.53115289e-08
8.73747227e-08
8.01036275e-08
7.34391919e-08
6.73260025e-08
6.17190121e-08
5.65711812e-08
5.18693767e-08
4.75481966e-08
4.35821994e-08
3.99415466e-08
3.66019535e-08
3.35341224e-08
3.07112531e-08
2.81107924e-08
2.57118309e-08
2.34946322e-08
2.14404145e-08
1.95315282e-08
1.77518130e-08
1.60882332e-08
1.45285039e-08
1.30622118e-08
1.16804970e-08
1.03765728e-08
9.13994519e-09
