1.25525211e-13
1.16972584e-13
1.10371533e-13
1.05161312e-13
1.00973569e-13
9.75491732e-14
9.47006869e-14
9.22863142e-14
9.02008219e-14
8.83677392e-14
8.67274604e-14
8.52407101e-14
8.38727840e-14
8.25994273e-14
8.14041579e-14
8.02732357e-14
7.91939321e-14
7.81562690e-14
7.71533855e-14
7.61807450e-14
7.52335340e-14
7.43068150e-14
7.33956597e-14
7.24982673e-14
7.16143008e-14
7.07370670e-14
6.98690719e-14
6.90064952e-14
6.81454306e-14
6.72902822e-14
6.64366408e-14
6.55822034e-14
6.47263772e-14
6.38685689e-14
6.30109423e-14
6.21504221e-14
6.12857455e-14
6.04163532e-14
5.95416916e-14
5.86612135e-14
5.77743777e-14
5.68806495e-14
5.59795004e-14
5.50704075e-14
5.41528537e-14
5.32263272e-14
5.22903212e-14
5.13443334e-14
5.03878660e-14
4.94204248e-14
4.84415196e-14
4.74506638e-14
4.64473740e-14
4.54311703e-14
4.44015764e-14
4.33581199e-14
4.23003325e-14
4.12277509e-14
4.01399176e-14
3.90363820e-14
3.79167022e-14
3.67804468e-14
3.56271976e-14
3.44565533e-14
3.32681334e-14
3.20615851e-14
3.08376486e-14
2.95987803e-14
2.83416452e-14
2.70661246e-14
2.57721927e-14
2.44623147e-14
2.31406194e-14
2.18019913e-14
2.04512276e-14
1.90920249e-14
1.77230664e-14
1.63513883e-14
1.49794919e-14
1.36108757e-14
1.22526087e-14
1.09119760e-14
9.59671440e-15
8.31537954e-15
7.07915390e-15
5.90037065e-15
4.79333327e-15
3.77242603e-15
2.85341818e-15
2.05197183e-15
1.38195703e-15
8.53176844e-16
4.67944264e-16
2.17586373e-16
7.97942945e-17
2.05485966e-17
3.04826015e-18
1.79717341e-19
1.92809362e-21
2.84373149e-24
