1.44188683e+02
1.49301200e+02
1.54792544e+02
1.60693892e+02
1.67022727e+02
1.73806741e+02
1.81059606e+02
1.88753542e+02
1.96906573e+02
2.05509983e+02
2.14547664e+02
2.24024773e+02
2.33949721e+02
2.44332438e+02
2.55187162e+02
2.66507988e+02
2.78337804e+02
2.90699460e+02
3.03616737e+02
3.17096878e+02
3.31170225e+02
3.45875222e+02
3.61240971e+02
3.77303699e+02
3.94032193e+02
4.11525488e+02
4.29803944e+02
4.48903750e+02
4.68827009e+02
4.89637631e+02
5.11382111e+02
5.34102645e+02
5.57821383e+02
5.82577218e+02
6.08444861e+02
6.35473802e+02
6.63719339e+02
6.93160969e+02
7.23932074e+02
7.56085689e+02
7.89683500e+02
8.24739407e+02
8.61343768e+02
8.99592021e+02
9.39559267e+02
9.81343925e+02
1.02484225e+03
1.07034156e+03
1.11788422e+03
1.16756406e+03
1.21937733e+03
1.27350500e+03
1.33006126e+03
1.38915740e+03
1.45084185e+03
1.51523281e+03
1.58251411e+03
1.65281495e+03
1.72629022e+03
1.80284860e+03
1.88288594e+03
1.96651772e+03
2.05390413e+03
2.14506961e+03
2.24027826e+03
2.33976431e+03
2.44372032e+03
2.55226097e+03
2.66552122e+03
2.78386495e+03
2.90752622e+03
3.03674607e+03
3.17149185e+03
3.31227566e+03
3.45937911e+03
3.61309419e+03
3.77352152e+03
3.94101422e+03
4.11603080e+03
4.29891873e+03
4.49011388e+03
4.68932771e+03
4.89771099e+03
5.11557265e+03
5.34340956e+03
5.58149829e+03
5.83060318e+03
6.09160722e+03
6.36534118e+03
6.65277264e+03
6.95504695e+03
7.27352677e+03
7.60983544e+03
7.96590529e+03
8.34367217e+03
8.74550031e+03
9.17393135e+03
9.63177166e+03
1.01223771e+04
1.06502892e+04
