7.29875345e-25
1.18928242e-24
2.44205282e-24
6.96560249e-24
2.22350644e-23
6.28689207e-23
1.49764946e-22
3.08194141e-22
5.67129209e-22
9.59293990e-22
1.52327633e-21
2.30555364e-21
3.36063330e-21
4.75591665e-21
6.57202441e-21
8.90921435e-21
1.18906181e-20
1.56528676e-20
2.03905666e-20
2.62927937e-20
3.36423485e-20
4.27524048e-20
5.40038043e-20
6.78611352e-20
8.48926660e-20
1.05795025e-19
1.31322702e-19
1.62453934e-19
2.00499581e-19
2.46847674e-19
3.03025197e-19
3.71556873e-19
4.54352344e-19
5.54995990e-19
6.76701571e-19
8.24090218e-19
1.00220762e-18
1.21757098e-18
1.47730734e-18
1.79142397e-18
2.16905724e-18
2.62651353e-18
3.17422157e-18
3.83743744e-18
4.63233271e-18
5.59090989e-18
6.74443768e-18
8.12780762e-18
9.79933885e-18
1.17938563e-17
1.42003272e-17
1.70859818e-17
2.05472843e-17
2.47177303e-17
2.96922928e-17
3.56900056e-17
4.28571410e-17
5.14653678e-17
6.17919735e-17
7.41416524e-17
8.90013164e-17
1.06712971e-16
1.28061846e-16
1.53463254e-16
1.84077153e-16
2.20521811e-16
2.64428863e-16
3.16664971e-16
3.79503439e-16
4.54484362e-16
5.44335551e-16
6.52114623e-16
7.80555020e-16
9.34584628e-16
1.11917462e-15
1.33975089e-15
1.60345362e-15
1.91917197e-15
2.29708037e-15
2.74943734e-15
3.29109928e-15
3.93911039e-15
4.71412356e-15
5.64381409e-15
6.75545917e-15
8.08782957e-15
9.68538343e-15
1.15996665e-14
1.38974607e-14
1.66570153e-14
1.99745246e-14
2.39685655e-14
2.87873545e-14
3.46165773e-14
4.16932732e-14
5.03244304e-14
6.09128608e-14
7.39938268e-14
9.02884052e-14
1.10794177e-13
