6.98584369e-03
6.79190874e-03
6.59180804e-03
6.38537032e-03
6.17334211e-03
5.95648628e-03
5.73631338e-03
5.51579287e-03
5.29638696e-03
5.08030632e-03
4.86958257e-03
4.66533347e-03
4.46826344e-03
4.27875368e-03
4.09689033e-03
3.92291287e-03
3.75620644e-03
3.59648880e-03
3.44347643e-03
3.29708382e-03
3.15696858e-03
3.02275311e-03
2.89418299e-03
2.77090407e-03
2.65332550e-03
2.54053285e-03
2.43249217e-03
2.32900019e-03
2.23002909e-03
2.13524522e-03
2.04444843e-03
1.95747815e-03
1.87424913e-03
1.79460818e-03
1.71831031e-03
1.64522108e-03
1.57519393e-03
1.50830118e-03
1.44419288e-03
1.38277659e-03
1.32394255e-03
1.26766591e-03
1.21379510e-03
1.16219020e-03
1.11275350e-03
1.06533790e-03
1.02015143e-03
9.76785669e-04
9.35245614e-04
8.95452218e-04
8.57402314e-04
8.20958504e-04
7.86049490e-04
7.52611312e-04
7.20614429e-04
6.89991327e-04
6.60654747e-04
6.32553571e-04
6.05622082e-04
5.79913996e-04
5.55263517e-04
5.31648524e-04
5.09027789e-04
4.87394167e-04
4.66681523e-04
4.46838975e-04
4.27830006e-04
4.09634708e-04
3.92228726e-04
3.75555448e-04
3.59583197e-04
3.44282117e-04
3.29654092e-04
3.15642165e-04
3.02220372e-04
2.89363307e-04
2.77061415e-04
2.65285760e-04
2.54004897e-04
2.43198423e-04
2.32837546e-04
2.22949556e-04
2.13461127e-04
2.04365927e-04
1.95645529e-04
1.87290083e-04
1.79272804e-04
1.71567214e-04
1.64152387e-04
1.57006621e-04
1.50106522e-04
1.43426744e-04
1.36940548e-04
1.30620670e-04
1.24445368e-04
1.18390788e-04
1.12435801e-04
1.06561385e-04
1.00750721e-04
9.49691556e-05
