1.20723039e-13
1.05688746e-13
9.16118107e-14
7.85016863e-14
6.63835871e-14
5.53523842e-14
4.54878497e-14
3.68458516e-14
2.94485442e-14
2.32661292e-14
1.82088093e-14
1.41672818e-14
1.09711248e-14
8.47366897e-15
6.53537435e-15
5.03758824e-15
3.88223183e-15
2.99150176e-15
2.30494201e-15
1.77493301e-15
1.36836453e-15
1.05434142e-15
8.12373978e-16
6.25912162e-16
4.82288713e-16
3.71607229e-16
2.86317833e-16
2.20601725e-16
1.69978326e-16
1.30976285e-16
1.00916165e-16
7.77518611e-17
5.98957246e-17
4.61612495e-17
3.55688735e-17
2.74050507e-17
2.11138744e-17
1.62686271e-17
1.25358637e-17
9.65915943e-18
7.44206251e-18
5.73022299e-18
4.41809630e-18
3.40427255e-18
2.62301284e-18
2.02091572e-18
1.55716848e-18
1.19981447e-18
9.24459667e-19
7.12284324e-19
5.48825546e-19
4.22884995e-19
3.25827573e-19
2.51041886e-19
1.93376185e-19
1.49046208e-19
1.14842419e-19
8.84823640e-20
6.81710148e-20
5.25285774e-20
4.04762003e-20
3.11870941e-20
2.40281149e-20
1.84996706e-20
1.42651572e-20
1.09918313e-20
8.46912816e-21
6.52492319e-21
5.02763887e-21
3.87392417e-21
2.98491843e-21
2.29982119e-21
1.77201282e-21
1.36536585e-21
1.05201107e-21
8.10563743e-22
6.24319398e-22
4.81226316e-22
3.70778747e-22
2.85666027e-22
2.20083516e-22
1.69568907e-22
1.30636800e-22
1.00623013e-22
7.74848605e-23
5.96205877e-23
4.58979326e-23
3.52857727e-23
2.70909364e-23
2.07593691e-23
1.58646113e-23
1.20778275e-23
9.14587978e-24
6.87491194e-24
5.11724324e-24
3.75899607e-24
2.71320563e-24
1.91233125e-24
1.30483873e-24
8.48431129e-25
