3.40054185e-07
3.11607041e-07
2.84191265e-07
2.57856851e-07
2.32651975e-07
2.08759709e-07
1.86346362e-07
1.65556491e-07
1.46507389e-07
1.29257051e-07
1.13781966e-07
1.00046990e-07
8.78865049e-08
7.71689195e-08
6.77437318e-08
5.94678518e-08
5.22024269e-08
4.58228535e-08
4.02214047e-08
3.52986814e-08
3.09907477e-08
2.72037337e-08
2.38789117e-08
2.09597191e-08
1.83983040e-08
1.61499308e-08
1.41762258e-08
1.24434979e-08
1.09226541e-08
9.58784742e-09
8.41601945e-09
7.38736537e-09
6.48408321e-09
5.69210340e-09
4.99644687e-09
4.38571231e-09
3.84959942e-09
3.37919705e-09
2.96628849e-09
2.60374263e-09
2.28544554e-09
2.00569355e-09
1.76097926e-09
1.54578814e-09
1.35684789e-09
1.19096418e-09
1.04542874e-09
9.17680683e-10
8.05531466e-10
7.07066637e-10
6.20644844e-10
5.44798884e-10
4.78218049e-10
4.19769970e-10
3.68431643e-10
3.23436148e-10
2.83906589e-10
2.49205552e-10
2.18744342e-10
1.92015133e-10
1.68550643e-10
1.47948955e-10
1.29863393e-10
1.13965647e-10
1.00063730e-10
8.78351221e-11
7.70983372e-11
6.76726066e-11
5.94038302e-11
5.21451512e-11
4.57722185e-11
4.01767521e-11
3.52661350e-11
3.09566787e-11
2.71736176e-11
2.38523490e-11
2.09343873e-11
1.83780467e-11
1.61318891e-11
1.41600773e-11
1.24289469e-11
1.09096349e-11
9.57561063e-12
8.40407177e-12
7.37514196e-12
6.47035077e-12
5.67710965e-12
4.97846397e-12
4.36343018e-12
3.82149732e-12
3.34334260e-12
2.92072701e-12
2.54646822e-12
2.21439947e-12
1.91929861e-12
1.65652992e-12
1.42226440e-12
1.21321324e-12
1.02672917e-12
8.59729118e-13
