1.73899575e-11
1.60921629e-11
1.50616964e-11
1.42264881e-11
1.35380131e-11
1.29622870e-11
1.24740310e-11
1.20544582e-11
1.16890382e-11
1.13663835e-11
1.10779676e-11
1.08172010e-11
1.05786567e-11
1.03583879e-11
1.01532970e-11
9.96058206e-12
9.77868653e-12
9.60539535e-12
9.43975951e-12
9.28071864e-12
9.12714417e-12
8.97787974e-12
8.83341682e-12
8.69192794e-12
8.55358265e-12
8.41810995e-12
8.28475080e-12
8.15326724e-12
8.02341675e-12
7.89495539e-12
7.76764058e-12
7.64123369e-12
7.51550217e-12
7.39034453e-12
7.26613617e-12
7.14207216e-12
7.01794777e-12
6.89364223e-12
6.77007193e-12
6.64597713e-12
6.52119656e-12
6.39686831e-12
6.27178801e-12
6.14573938e-12
6.02005276e-12
5.89311941e-12
5.76552188e-12
5.63752580e-12
5.50804587e-12
5.37845866e-12
5.24756179e-12
5.11553122e-12
4.98304519e-12
4.84886126e-12
4.71418217e-12
4.57823434e-12
4.44070752e-12
4.30292998e-12
4.16348095e-12
4.02278770e-12
3.88154135e-12
3.73878889e-12
3.59475384e-12
3.45038581e-12
3.30477839e-12
3.15809759e-12
3.01054939e-12
2.86282091e-12
2.71443363e-12
2.56560662e-12
2.41657267e-12
2.26757958e-12
2.11889251e-12
1.97079790e-12
1.82360921e-12
1.67767488e-12
1.53357575e-12
1.39178053e-12
1.25258043e-12
1.11697590e-12
9.85328842e-13
8.58506604e-13
7.37346604e-13
6.22702865e-13
5.15486867e-13
4.16685125e-13
3.27253274e-13
2.48103885e-13
1.80037633e-13
1.23627407e-13
7.90877037e-14
4.61145477e-14
2.37630642e-14
1.03393269e-14
3.54805031e-15
8.62078457e-16
1.24149388e-16
7.82389949e-18
1.63145326e-19
1.20317450e-20
