8.38438769e-17
1.22727532e-16
2.17841730e-16
5.37395252e-16
1.66510942e-15
5.00557345e-15
1.30298187e-14
2.91886251e-14
5.75799124e-14
1.02544621e-13
1.68403799e-13
2.59245999e-13
3.78879236e-13
5.30946131e-13
7.18641667e-13
9.45371678e-13
1.21402277e-12
1.52804375e-12
1.88990710e-12
2.30258242e-12
2.76998387e-12
3.29521092e-12
3.88187766e-12
4.53195676e-12
5.25092017e-12
6.04238985e-12
6.91044614e-12
7.85974816e-12
8.89564006e-12
1.00203513e-11
1.12390117e-11
1.25617838e-11
1.39913641e-11
1.55306620e-11
1.71971138e-11
1.89793926e-11
2.09074709e-11
2.29639703e-11
2.51818275e-11
2.75490624e-11
3.00889042e-11
3.28089569e-11
3.57076434e-11
3.88166016e-11
4.21278719e-11
4.56608522e-11
4.94416347e-11
5.34587420e-11
5.77424689e-11
6.23192154e-11
6.71782995e-11
7.23536123e-11
7.78767499e-11
8.37384672e-11
8.99763395e-11
9.66288619e-11
1.03683260e-10
1.11192500e-10
1.19195612e-10
1.27673063e-10
1.36710694e-10
1.46311217e-10
1.56519195e-10
1.67383201e-10
1.78922615e-10
1.91210121e-10
2.04269042e-10
2.18169181e-10
2.32967418e-10
2.48706130e-10
2.65476767e-10
2.83345295e-10
3.02378342e-10
3.22675760e-10
3.44332909e-10
3.67454553e-10
3.92157217e-10
4.18569807e-10
4.46847024e-10
4.77139899e-10
5.09646633e-10
5.44563237e-10
5.82142115e-10
6.22666122e-10
6.66436016e-10
7.13861170e-10
7.65356669e-10
8.21491159e-10
8.82871238e-10
9.50299541e-10
1.02472393e-09
1.10731034e-09
1.19952616e-09
1.30317194e-09
1.42052917e-09
1.55449639e-09
1.70875109e-09
1.88814267e-09
2.09914621e-09
2.35066681e-09
