2.09809888e+04
2.26777274e+04
2.45495305e+04
2.66157073e+04
2.88932213e+04
3.14062535e+04
3.41772194e+04
3.72163529e+04
4.05528903e+04
4.42089290e+04
4.82044068e+04
5.25694138e+04
5.73369033e+04
6.25420015e+04
6.82236836e+04
7.44117166e+04
8.11646158e+04
8.85341935e+04
9.65769528e+04
1.05342983e+05
1.14901184e+05
1.25331848e+05
1.36715181e+05
1.49139578e+05
1.62661641e+05
1.77425180e+05
1.93536617e+05
2.11119923e+05
2.30275498e+05
2.51172133e+05
2.73976148e+05
2.98862630e+05
3.25996556e+05
3.55573704e+05
3.87850643e+05
4.23074624e+05
4.61516864e+05
5.03373987e+05
5.49058196e+05
5.98913779e+05
6.53322876e+05
7.12615560e+05
7.77276297e+05
8.47840100e+05
9.24848974e+05
1.00890232e+06
1.10036238e+06
1.20023683e+06
1.30923120e+06
1.42818359e+06
1.55775174e+06
1.69911572e+06
1.85338336e+06
2.02174085e+06
2.20527556e+06
2.40536486e+06
2.62371648e+06
2.86200438e+06
3.12207269e+06
3.40518956e+06
3.71424438e+06
4.05151621e+06
4.41959081e+06
4.82064336e+06
5.25807348e+06
5.73544098e+06
6.25640690e+06
6.82451521e+06
7.44365561e+06
8.11930575e+06
8.85665950e+06
9.66137855e+06
1.05377726e+07
1.14940916e+07
1.25377185e+07
1.36766859e+07
1.49181582e+07
1.62718233e+07
1.77490872e+07
1.93613402e+07
2.11211807e+07
2.30370705e+07
2.51292718e+07
2.74133545e+07
2.99074369e+07
3.26282745e+07
3.55993003e+07
3.88471511e+07
4.23996519e+07
4.62880760e+07
5.05478226e+07
5.52192970e+07
6.03491230e+07
6.59916176e+07
7.22044020e+07
7.90555235e+07
8.66202613e+07
9.49832797e+07
1.04245424e+08
1.14524653e+08
