8.74094557e-09
9.60533753e-09
1.05394952e-08
1.15517638e-08
1.26490068e-08
1.38390474e-08
1.51306092e-08
1.65336527e-08
1.80574922e-08
1.97152266e-08
2.15189016e-08
2.34824813e-08
2.56217501e-08
2.79534115e-08
3.04954807e-08
3.32673676e-08
3.62886098e-08
3.95841533e-08
4.31792328e-08
4.71011595e-08
5.13777365e-08
5.60418506e-08
6.11302293e-08
6.66817107e-08
7.27374404e-08
7.93402586e-08
8.65433780e-08
9.44017559e-08
1.02973967e-07
1.12323998e-07
1.22521461e-07
1.33646103e-07
1.45782670e-07
1.59019864e-07
1.73455915e-07
1.89205048e-07
2.06386312e-07
2.25129914e-07
2.45565199e-07
2.67859987e-07
2.92183219e-07
3.18718674e-07
3.47654409e-07
3.79214179e-07
4.13645929e-07
4.51211154e-07
4.92186693e-07
5.36864217e-07
5.85604827e-07
6.38780939e-07
6.96788490e-07
7.60054435e-07
8.29054986e-07
9.04330258e-07
9.86455466e-07
1.07602816e-06
1.17371205e-06
1.28027804e-06
1.39653470e-06
1.52336517e-06
1.66164726e-06
1.81251018e-06
1.97709377e-06
2.15664454e-06
2.35243899e-06
2.56599796e-06
2.79899055e-06
3.05317886e-06
3.33043358e-06
3.63274610e-06
3.96256228e-06
4.32239601e-06
4.71492082e-06
5.14299413e-06
5.60988540e-06
6.11925045e-06
6.67497854e-06
7.28108438e-06
7.94206295e-06
8.66313646e-06
9.44980191e-06
1.03080298e-05
1.12437539e-05
1.22645765e-05
1.33782120e-05
1.45927254e-05
1.59178630e-05
1.73625685e-05
1.89379786e-05
2.06549054e-05
2.25241419e-05
2.45555492e-05
2.67597415e-05
2.91450722e-05
3.17185732e-05
3.44870985e-05
3.74544893e-05
4.06325762e-05
4.40241721e-05
4.76427769e-05
