8.02884641e-17
1.07286730e-16
1.54948141e-16
2.54264081e-16
4.84841787e-16
1.00585458e-15
2.06395655e-15
3.97507116e-15
7.08980939e-15
1.17792780e-14
1.84107148e-14
2.73567460e-14
3.90031469e-14
5.37421383e-14
7.19827622e-14
9.41963106e-14
1.20819011e-13
1.52453882e-13
1.89612545e-13
2.32895292e-13
2.83039821e-13
3.40974514e-13
4.07179432e-13
4.83082771e-13
5.69237593e-13
6.66967289e-13
7.77645442e-13
9.02619890e-13
1.04339308e-12
1.20164651e-12
1.37926762e-12
1.57837906e-12
1.80137059e-12
2.05093368e-12
2.32875025e-12
2.63827768e-12
2.98376483e-12
3.36937025e-12
3.79652878e-12
4.27131080e-12
4.80052100e-12
5.38630868e-12
6.03549722e-12
6.75847776e-12
7.55554352e-12
8.43992148e-12
9.42239782e-12
1.05025686e-11
1.17035976e-11
1.30286997e-11
1.44925559e-11
1.61183554e-11
1.79006765e-11
1.98788734e-11
2.20615322e-11
2.44658832e-11
2.71311915e-11
3.00585423e-11
3.32929824e-11
3.68734039e-11
4.07996775e-11
4.51395610e-11
4.99367789e-11
5.52088954e-11
6.10210139e-11
6.74378473e-11
7.45186054e-11
8.23137029e-11
9.08966961e-11
1.00363346e-10
1.10802359e-10
1.22312382e-10
1.35003568e-10
1.48999404e-10
1.64438780e-10
1.81478256e-10
2.00251123e-10
2.20979611e-10
2.43886308e-10
2.69157335e-10
2.97099388e-10
3.27997778e-10
3.62180282e-10
4.00031514e-10
4.41991910e-10
4.88549928e-10
5.40286537e-10
5.97875951e-10
6.62100165e-10
7.33893968e-10
8.14378373e-10
9.04936641e-10
1.00720497e-09
1.12329532e-09
1.25574476e-09
1.40779332e-09
1.58351317e-09
1.78810885e-09
2.02836460e-09
2.31331877e-09
