4.85803826e-05
4.60699051e-05
4.38978603e-05
4.20018231e-05
4.03335814e-05
3.88554388e-05
3.75365839e-05
3.63519164e-05
3.52800163e-05
3.43032546e-05
3.34066442e-05
3.25778785e-05
3.18067372e-05
3.10842056e-05
3.04039274e-05
2.97590651e-05
2.91455927e-05
2.85582807e-05
2.79946704e-05
2.74516806e-05
2.69257749e-05
2.64158127e-05
2.59184461e-05
2.54347099e-05
2.49610786e-05
2.44965982e-05
2.40402356e-05
2.35909064e-05
2.31475006e-05
2.27114200e-05
2.22797012e-05
2.18511838e-05
2.14276042e-05
2.10069868e-05
2.05883869e-05
2.01734787e-05
1.97590982e-05
1.93478063e-05
1.89368324e-05
1.85272596e-05
1.81188810e-05
1.77094054e-05
1.73028588e-05
1.68949292e-05
1.64868008e-05
1.60798802e-05
1.56714093e-05
1.52627814e-05
1.48546773e-05
1.44449164e-05
1.40347254e-05
1.36249277e-05
1.32134576e-05
1.28014421e-05
1.23898121e-05
1.19766176e-05
1.15632728e-05
1.11501138e-05
1.07356645e-05
1.03221619e-05
9.90831873e-06
9.49445508e-06
9.08181573e-06
8.66903600e-06
8.25842907e-06
7.84830489e-06
7.44084889e-06
7.03509293e-06
6.63229027e-06
6.23282334e-06
5.83700209e-06
5.44577287e-06
5.05987889e-06
4.67990249e-06
4.30674675e-06
3.94135335e-06
3.58473257e-06
3.23799339e-06
2.90221739e-06
2.57874450e-06
2.26887110e-06
1.97408105e-06
1.69573742e-06
1.43533684e-06
1.19454592e-06
9.74732523e-07
7.77384277e-07
6.03583835e-07
4.54286869e-07
3.29820551e-07
2.29907076e-07
1.53401990e-07
9.81275779e-08
6.09144330e-08
3.77825317e-08
2.44821740e-08
1.72002006e-08
1.31486547e-08
1.07041646e-08
9.08590606e-09
