6.93260667e-03
6.69130718e-03
6.45108276e-03
6.21240258e-03
5.97537157e-03
5.74119905e-03
5.51097463e-03
5.28572724e-03
5.06651659e-03
4.85421937e-03
4.64935443e-03
4.45259348e-03
4.26361877e-03
4.08244089e-03
3.90886166e-03
3.74268588e-03
3.58357725e-03
3.43119801e-03
3.28527066e-03
3.14545694e-03
3.01183634e-03
2.88378316e-03
2.76114990e-03
2.64370854e-03
2.53131156e-03
2.42369276e-03
2.32063621e-03
2.22194330e-03
2.12745794e-03
2.03700883e-03
1.95039569e-03
1.86745593e-03
1.78801777e-03
1.71202139e-03
1.63922741e-03
1.56952006e-03
1.50277002e-03
1.43887876e-03
1.37770497e-03
1.31912050e-03
1.26301940e-03
1.20926505e-03
1.15790128e-03
1.10866942e-03
1.06152115e-03
1.01637078e-03
9.73162434e-04
9.31789184e-04
8.92168081e-04
8.54223882e-04
8.17899436e-04
7.83127188e-04
7.49829749e-04
7.17943221e-04
6.87399103e-04
6.58185066e-04
6.30199854e-04
6.03401796e-04
5.77739864e-04
5.53176646e-04
5.29657437e-04
5.07134661e-04
4.85567326e-04
4.64899951e-04
4.45155065e-04
4.26227013e-04
4.08100610e-04
3.90743039e-04
3.74132536e-04
3.58226377e-04
3.42993361e-04
3.28405317e-04
3.14441014e-04
3.01073260e-04
2.88272043e-04
2.76012712e-04
2.64268388e-04
2.53038195e-04
2.42279183e-04
2.31976030e-04
2.22108658e-04
2.12662786e-04
2.03616867e-04
1.94952059e-04
1.86651028e-04
1.78692490e-04
1.71075352e-04
1.63764187e-04
1.56746823e-04
1.50005756e-04
1.43522734e-04
1.37279134e-04
1.31256576e-04
1.25437504e-04
1.19806399e-04
1.14345870e-04
1.09042984e-04
1.03884718e-04
9.88616363e-05
9.39483903e-05
