1.24164756e-13
1.11845107e-13
9.97519188e-14
8.79141954e-14
7.64415430e-14
6.54583941e-14
5.51311598e-14
4.56838492e-14
3.72314143e-14
2.98836865e-14
2.36809814e-14
1.85750148e-14
1.44616955e-14
1.12038799e-14
8.65415646e-15
6.67727552e-15
5.14768020e-15
3.96688547e-15
3.05629289e-15
2.35511579e-15
1.81489882e-15
1.39839861e-15
1.07736167e-15
8.29494559e-16
6.39696759e-16
4.92927456e-16
3.79777239e-16
2.92565849e-16
2.25461880e-16
1.73745219e-16
1.33872771e-16
1.03135290e-16
7.94645591e-17
6.12385228e-17
4.71878879e-17
3.63563286e-17
2.80025084e-17
2.15845271e-17
1.66324700e-17
1.28152649e-17
9.87293849e-18
7.60786424e-18
5.86262145e-18
4.51720336e-18
3.48020285e-18
2.67904184e-18
2.06644199e-18
1.59228470e-18
1.22676987e-18
9.45064891e-19
7.28332274e-19
5.61256952e-19
4.32443150e-19
3.33148274e-19
2.56698353e-19
1.97823466e-19
1.52433092e-19
1.17440315e-19
9.04376051e-20
6.97248543e-20
5.37286838e-20
4.13976489e-20
3.18921917e-20
2.45757295e-20
1.89379255e-20
1.45919754e-20
1.12421711e-20
8.66194542e-21
6.67522001e-21
5.14347801e-21
3.96279653e-21
3.05283604e-21
2.35278907e-21
1.81302043e-21
1.39688239e-21
1.07613352e-21
8.29215991e-22
6.39015318e-22
4.92363550e-22
3.79301439e-22
2.92016566e-22
2.25130404e-22
1.73424340e-22
1.33547716e-22
1.02791183e-22
7.90919517e-23
6.08122250e-23
4.66974071e-23
3.57928092e-23
2.73634302e-23
2.08441467e-23
1.57999287e-23
1.18954181e-23
8.87262365e-24
6.53601792e-24
4.73482232e-24
3.35376266e-24
2.30327723e-24
1.51515643e-24
9.33350108e-25
