1.44702786e+02
1.49950450e+02
1.55107170e+02
1.60156666e+02
1.65085377e+02
1.69883436e+02
1.74552255e+02
1.79099156e+02
1.83540272e+02
1.87899361e+02
1.92198869e+02
1.96461556e+02
2.00715272e+02
2.04981362e+02
2.09279652e+02
2.13636726e+02
2.18061380e+02
2.22586596e+02
2.27221166e+02
2.31981359e+02
2.36891336e+02
2.41983321e+02
2.47236041e+02
2.52714401e+02
2.58414832e+02
2.64350860e+02
2.70561242e+02
2.77066056e+02
2.83888043e+02
2.91052812e+02
2.98589045e+02
3.06528705e+02
3.14907248e+02
3.23754884e+02
3.33067505e+02
3.42931480e+02
3.53397208e+02
3.64513204e+02
3.76231379e+02
3.88709635e+02
4.02017254e+02
4.16079714e+02
4.31083520e+02
4.47122931e+02
4.64088512e+02
4.82264538e+02
5.01651820e+02
5.22288410e+02
5.44445018e+02
5.67983510e+02
5.93224069e+02
6.20259500e+02
6.49071099e+02
6.80069834e+02
7.13129736e+02
7.48595359e+02
7.86740994e+02
8.27381090e+02
8.71136477e+02
9.18121539e+02
9.68341425e+02
1.02240265e+03
1.08054110e+03
1.14268057e+03
1.20954986e+03
1.28148244e+03
1.35881752e+03
1.44164094e+03
1.53071304e+03
1.62647728e+03
1.72941127e+03
1.84003150e+03
1.95889861e+03
2.08662267e+03
2.22386818e+03
2.37135770e+03
2.52965859e+03
2.69952818e+03
2.88208884e+03
3.07765595e+03
3.28752898e+03
3.51242502e+03
3.75319258e+03
4.01076604e+03
4.28607302e+03
4.57989756e+03
4.89303045e+03
5.22614831e+03
5.57973304e+03
5.95406108e+03
6.34913892e+03
6.76473042e+03
7.19998461e+03
7.65396050e+03
8.12510869e+03
8.61196619e+03
9.11284793e+03
9.62621204e+03
1.01504520e+04
1.06838581e+04
