4.92978542e-05
4.75053966e-05
4.60361089e-05
4.48190877e-05
4.38017520e-05
4.29424918e-05
4.22081232e-05
4.15711873e-05
4.10099637e-05
4.05079671e-05
4.00516974e-05
3.96322317e-05
3.92412306e-05
3.88728197e-05
3.85230357e-05
3.81884876e-05
3.78658976e-05
3.75526573e-05
3.72469894e-05
3.69477521e-05
3.66536639e-05
3.63633495e-05
3.60753816e-05
3.57892799e-05
3.55050181e-05
3.52204962e-05
3.49365629e-05
3.46519994e-05
3.43655161e-05
3.40785797e-05
3.37897123e-05
3.34981076e-05
3.32035231e-05
3.29057085e-05
3.26053755e-05
3.23014028e-05
3.19932792e-05
3.16807302e-05
3.13634749e-05
3.10412257e-05
3.07136879e-05
3.03805598e-05
3.00415321e-05
2.96962876e-05
2.93445008e-05
2.89858374e-05
2.86199537e-05
2.82464964e-05
2.78651017e-05
2.74753948e-05
2.70769896e-05
2.66694879e-05
2.62524787e-05
2.58255380e-05
2.53882279e-05
2.49400963e-05
2.44806762e-05
2.40094854e-05
2.35260262e-05
2.30297846e-05
2.25202307e-05
2.19968181e-05
2.14589842e-05
2.09061505e-05
2.03377235e-05
1.97530958e-05
1.91521715e-05
1.85357118e-05
1.79015797e-05
1.72491744e-05
1.65779056e-05
1.58884628e-05
1.51824610e-05
1.44565475e-05
1.37126386e-05
1.29521209e-05
1.21735553e-05
1.13802204e-05
1.05728589e-05
9.75277575e-06
8.92345226e-06
8.08862554e-06
7.25243867e-06
6.41969304e-06
5.59710324e-06
4.79248011e-06
4.01543742e-06
3.27627082e-06
2.58710454e-06
1.96118340e-06
1.41202992e-06
9.52149732e-07
5.90657420e-07
3.30322983e-07
1.64102670e-07
7.37359509e-08
3.32983649e-08
1.80129423e-08
1.22082440e-08
9.48899977e-09
