7.00098359e-03
6.85389594e-03
6.72978622e-03
6.62447110e-03
6.53462824e-03
6.45742632e-03
6.39046494e-03
6.33164053e-03
6.27922286e-03
6.23186454e-03
6.18842756e-03
6.14816021e-03
6.11033363e-03
6.07443205e-03
6.04010930e-03
6.00706400e-03
5.97499647e-03
5.94366549e-03
5.91290704e-03
5.88261725e-03
5.85267520e-03
5.82294726e-03
5.79329125e-03
5.76366005e-03
5.73405281e-03
5.70425087e-03
5.67434209e-03
5.64419670e-03
5.61367445e-03
5.58292806e-03
5.55179560e-03
5.52018437e-03
5.48806121e-03
5.45539133e-03
5.42224562e-03
5.38849257e-03
5.35406586e-03
5.31892422e-03
5.28302460e-03
5.24632209e-03
5.20876986e-03
5.17031896e-03
5.13091831e-03
5.09051446e-03
5.04905154e-03
5.00647105e-03
4.96271168e-03
4.91770917e-03
4.87139611e-03
4.82370170e-03
4.77455157e-03
4.72386754e-03
4.67156737e-03
4.61756451e-03
4.56176784e-03
4.50408136e-03
4.44440392e-03
4.38262888e-03
4.31864382e-03
4.25233012e-03
4.18356267e-03
4.11220943e-03
4.03813105e-03
3.96118048e-03
3.88120252e-03
3.79803350e-03
3.71157650e-03
3.62185578e-03
3.52846742e-03
3.43121796e-03
3.32990515e-03
3.22451194e-03
3.11516281e-03
3.00120125e-03
2.88277470e-03
2.75994739e-03
2.63231335e-03
2.50022280e-03
2.36360265e-03
2.22245480e-03
2.07714238e-03
1.92807109e-03
1.77571391e-03
1.62065617e-03
1.46383818e-03
1.30642407e-03
1.14996218e-03
9.96193548e-04
8.47325853e-04
7.05965826e-04
5.75043598e-04
4.57673742e-04
3.56796253e-04
2.74671262e-04
2.12092941e-04
1.67714364e-04
1.38048988e-04
1.18581417e-04
1.05409461e-04
9.60406179e-05
