1.09760443e+04
1.07013521e+04
1.04089440e+04
1.01042510e+04
9.79009793e+03
9.46893712e+03
9.14281177e+03
8.81402998e+03
8.48544864e+03
8.15940024e+03
7.83786003e+03
7.52255505e+03
7.21496853e+03
6.91626730e+03
6.62724733e+03
6.34885589e+03
6.08117843e+03
5.82383498e+03
5.57674827e+03
5.33975993e+03
5.11322925e+03
4.89601851e+03
4.68779659e+03
4.48825235e+03
4.29748542e+03
4.11490475e+03
3.93992761e+03
3.77223891e+03
3.61169570e+03
3.45827351e+03
3.31126928e+03
3.17040129e+03
3.03521372e+03
2.90642271e+03
2.78289654e+03
2.66454373e+03
2.55113997e+03
2.44263266e+03
2.33884336e+03
2.23939001e+03
2.14410470e+03
2.05282421e+03
1.96563869e+03
1.88207999e+03
1.80201027e+03
1.72529717e+03
1.65196120e+03
1.58177041e+03
1.51450103e+03
1.45003914e+03
1.38832917e+03
1.32935952e+03
1.27285115e+03
1.21869691e+03
1.16672296e+03
1.11722199e+03
1.06974385e+03
1.02425078e+03
9.80655414e+02
9.38940537e+02
8.99044876e+02
8.60819135e+02
8.24194089e+02
7.89103436e+02
7.55586325e+02
7.23465945e+02
6.92689978e+02
6.63204324e+02
6.35013042e+02
6.08029372e+02
5.82169802e+02
5.57392226e+02
5.33672785e+02
5.11005619e+02
4.89282240e+02
4.68463810e+02
4.48483673e+02
4.29458849e+02
4.11209490e+02
3.93721180e+02
3.76961667e+02
3.60925775e+02
3.45591379e+02
3.30898776e+02
3.16819874e+02
3.03328981e+02
2.90442982e+02
2.78092251e+02
2.66250917e+02
2.54886811e+02
2.43974045e+02
2.33454608e+02
2.23243449e+02
2.13253153e+02
2.03371814e+02
1.93485983e+02
1.83438773e+02
1.73094719e+02
1.62319308e+02
1.51040882e+02
