1.44851092e+02
1.50619762e+02
1.56726121e+02
1.63199841e+02
1.70062623e+02
1.77305774e+02
1.84958897e+02
1.93015466e+02
2.01486206e+02
2.10374438e+02
2.19688041e+02
2.29416794e+02
2.39594608e+02
2.50232421e+02
2.61348239e+02
2.72951253e+02
2.85068243e+02
2.97727602e+02
3.10953514e+02
3.24773836e+02
3.39181000e+02
3.54241203e+02
3.69975484e+02
3.86414108e+02
4.03566622e+02
4.21483418e+02
4.40201633e+02
4.59757736e+02
4.80174759e+02
5.01490461e+02
5.23759235e+02
5.47024124e+02
5.71332366e+02
5.96685166e+02
6.23178300e+02
6.50856286e+02
6.79772435e+02
7.09951767e+02
7.41469700e+02
7.74397905e+02
8.08799183e+02
8.44747774e+02
8.82217594e+02
9.21390729e+02
9.62317155e+02
1.00507505e+03
1.04968596e+03
1.09628853e+03
1.14497641e+03
1.19584393e+03
1.24894602e+03
1.30438896e+03
1.36231104e+03
1.42282500e+03
1.48605575e+03
1.55199318e+03
1.62090303e+03
1.69289455e+03
1.76810758e+03
1.84660113e+03
1.92858229e+03
2.01423046e+03
2.10370950e+03
2.19714009e+03
2.29466925e+03
2.39656267e+03
2.50301526e+03
2.61423086e+03
2.73025657e+03
2.85147380e+03
2.97811624e+03
3.11042709e+03
3.24853764e+03
3.39274710e+03
3.54340732e+03
3.70081194e+03
3.86528989e+03
4.03678314e+03
4.21602945e+03
4.40330070e+03
4.59896729e+03
4.80318052e+03
5.01651531e+03
5.23945093e+03
5.47245479e+03
5.71607552e+03
5.97035650e+03
6.23650776e+03
6.51507562e+03
6.80681601e+03
7.11258533e+03
7.43335880e+03
7.77025342e+03
8.12454573e+03
8.49757200e+03
8.89074894e+03
9.30577559e+03
9.74427175e+03
1.02081809e+04
1.07001487e+04
