6.32949075e-14
6.14671496e-14
5.98532879e-14
5.84205515e-14
5.71415525e-14
5.59926216e-14
5.49531446e-14
5.40053395e-14
5.31340162e-14
5.23266717e-14
5.15726476e-14
5.08632123e-14
5.01915179e-14
4.95512241e-14
4.89380086e-14
4.83471178e-14
4.77752070e-14
4.72198056e-14
4.66779451e-14
4.61474301e-14
4.56272014e-14
4.51147798e-14
4.46090117e-14
4.41087107e-14
4.36125662e-14
4.31196350e-14
4.26295078e-14
4.21405203e-14
4.16523179e-14
4.11646231e-14
4.06761487e-14
4.01864319e-14
3.96949872e-14
3.92013114e-14
3.87048887e-14
3.82051957e-14
3.77017057e-14
3.71938933e-14
3.66817690e-14
3.61650793e-14
3.56427052e-14
3.51141479e-14
3.45801644e-14
3.40396889e-14
3.34917608e-14
3.29374060e-14
3.23754498e-14
3.18049030e-14
3.12275941e-14
3.06410910e-14
3.00458499e-14
2.94422545e-14
2.88285846e-14
2.82062396e-14
2.75739946e-14
2.69310965e-14
2.62793955e-14
2.56168129e-14
2.49432752e-14
2.42602884e-14
2.35663934e-14
2.28615409e-14
2.21458781e-14
2.14204711e-14
2.06844892e-14
1.99381634e-14
1.91818252e-14
1.84158613e-14
1.76407194e-14
1.68569171e-14
1.60650544e-14
1.52659990e-14
1.44611960e-14
1.36509133e-14
1.28369934e-14
1.20206193e-14
1.12040469e-14
1.03888660e-14
9.57750051e-15
8.77257456e-15
7.97721271e-15
7.19462974e-15
6.42874488e-15
5.68371402e-15
4.96422122e-15
4.27540308e-15
3.62278695e-15
3.01230218e-15
2.45004103e-15
1.94209210e-15
1.49414412e-15
1.11097579e-15
7.95574721e-16
5.48428334e-16
3.66310864e-16
2.41739844e-16
1.63241338e-16
1.17140941e-16
9.06385957e-17
7.45891184e-17
