6.31895049e-14
6.10349221e-14
5.88861144e-14
5.67356110e-14
5.45779770e-14
5.24182063e-14
5.02501841e-14
4.80858373e-14
4.59236304e-14
4.37692453e-14
4.16365415e-14
3.95242894e-14
3.74500341e-14
3.54133501e-14
3.34247746e-14
3.14913290e-14
2.96293571e-14
2.78360994e-14
2.61183560e-14
2.44801009e-14
2.29238259e-14
2.14506037e-14
2.00602186e-14
1.87513516e-14
1.75217952e-14
1.63686749e-14
1.52886529e-14
1.42781044e-14
1.33332573e-14
1.24503016e-14
1.16254703e-14
1.08551003e-14
1.01356772e-14
9.46386526e-15
8.83652596e-15
8.25072358e-15
7.70361338e-15
7.19246273e-15
6.71523196e-15
6.26968639e-15
5.85373027e-15
5.46539674e-15
5.10521436e-15
4.76691329e-15
4.45102201e-15
4.15604866e-15
3.88060720e-15
3.62340909e-15
3.38325368e-15
3.15901892e-15
2.94965348e-15
2.75417114e-15
2.57164736e-15
2.40121720e-15
2.24207384e-15
2.09346651e-15
1.95469736e-15
1.82511736e-15
1.70412151e-15
1.59114414e-15
1.48565497e-15
1.38715617e-15
1.29518064e-15
1.20929097e-15
1.12907871e-15
1.05416343e-15
9.84191224e-16
9.18832672e-16
8.57780490e-16
8.00747115e-16
7.47462658e-16
6.97673386e-16
6.51140778e-16
6.07641024e-16
5.66964690e-16
5.28916331e-16
4.93313857e-16
4.59987615e-16
4.28779289e-16
3.99540758e-16
3.72133124e-16
3.46426025e-16
3.22225909e-16
2.99654484e-16
2.78383822e-16
2.58371295e-16
2.39526892e-16
2.21775984e-16
2.05067910e-16
1.89258226e-16
1.74432435e-16
1.60396333e-16
1.47145967e-16
1.34632899e-16
1.22814011e-16
1.11656802e-16
1.01121433e-16
9.11727349e-17
8.17557601e-17
7.27584936e-17
