2.55080725e-07
2.36139977e-07
2.17095308e-07
1.98011728e-07
1.79030566e-07
1.60478028e-07
1.42624044e-07
1.25767180e-07
1.10205435e-07
9.60961660e-08
8.34859879e-08
7.24455560e-08
6.27784676e-08
5.43722288e-08
4.70810544e-08
4.07637681e-08
3.52842230e-08
3.05575309e-08
2.64588226e-08
2.29095792e-08
1.98360570e-08
1.71741543e-08
1.48665732e-08
1.28744008e-08
1.11477028e-08
9.65225666e-09
8.35699398e-09
7.23519417e-09
6.26335016e-09
5.42375914e-09
4.69632310e-09
4.06626333e-09
3.52058127e-09
3.04805432e-09
2.63890177e-09
2.28505032e-09
1.97854955e-09
1.71309144e-09
1.48321726e-09
1.28416180e-09
1.11179550e-09
9.62691404e-10
8.33551072e-10
7.21718533e-10
6.24874210e-10
5.41001353e-10
4.68380235e-10
4.05562043e-10
3.51163444e-10
3.04053914e-10
2.63252287e-10
2.27914761e-10
1.97325379e-10
1.70863256e-10
1.47945140e-10
1.28094856e-10
1.10903044e-10
9.60162720e-11
8.31325653e-11
7.19844884e-11
6.23282983e-11
5.39650989e-11
4.67229428e-11
4.04518239e-11
3.50242941e-11
3.03268605e-11
2.62585238e-11
2.27355654e-11
1.96848466e-11
1.70362430e-11
1.47560436e-11
1.27768297e-11
1.10627965e-11
9.57839851e-12
8.29277716e-12
7.17716569e-12
6.21609452e-12
5.38240848e-12
4.66042245e-12
4.03508902e-12
3.49347191e-12
3.02376326e-12
2.61859354e-12
2.26714465e-12
1.96258688e-12
1.69861028e-12
1.46973944e-12
1.27123694e-12
1.09903101e-12
9.49215744e-13
8.18648495e-13
7.04723029e-13
6.05034802e-13
5.17490723e-13
4.40392446e-13
3.72331116e-13
3.12083757e-13
2.58681246e-13
2.11340593e-13
1.69324575e-13
