1.02593442e-11
9.02681897e-12
7.86765893e-12
6.78339327e-12
5.77801320e-12
4.85976445e-12
4.03832221e-12
3.31587479e-12
2.69525236e-12
2.17336223e-12
1.74251889e-12
1.39190965e-12
1.10943888e-12
8.83300847e-13
7.02913358e-13
5.59271544e-13
4.44958771e-13
3.53996306e-13
2.81620886e-13
2.24045103e-13
1.78247538e-13
1.41815036e-13
1.12827212e-13
8.97618449e-14
7.14113105e-14
5.68133761e-14
4.51998523e-14
3.59593121e-14
2.86068945e-14
2.27577833e-14
1.81052183e-14
1.44041708e-14
1.14595377e-14
9.11661571e-15
7.25269643e-15
5.77002989e-15
4.59056191e-15
3.65213606e-15
2.90545789e-15
2.31129927e-15
1.83845545e-15
1.46237619e-15
1.16400486e-15
9.26038219e-16
7.36712981e-16
5.86108080e-16
4.66300643e-16
3.70978131e-16
2.95132379e-16
2.34791633e-16
1.86793276e-16
1.48611471e-16
1.18233334e-16
9.40618600e-17
7.48309908e-17
5.95331165e-17
4.73637030e-17
3.76814990e-17
2.99775926e-17
2.38484767e-17
1.89730046e-17
1.50947157e-17
1.20091439e-17
9.55400538e-18
7.60066902e-18
6.04681192e-18
4.81074459e-18
3.82733094e-18
3.04485728e-18
2.42232629e-18
1.92712358e-18
1.53320749e-18
1.21980842e-18
9.70436245e-19
7.71882690e-19
6.13954321e-19
4.88647040e-19
3.88751696e-19
3.09266804e-19
2.46028138e-19
1.95723523e-19
1.55707862e-19
1.23870107e-19
9.85330105e-20
7.83672629e-20
6.23163724e-20
4.95371461e-20
3.93567074e-20
3.12404113e-20
2.47646974e-20
1.95933805e-20
1.54572616e-20
1.21488773e-20
9.49470016e-21
7.36492652e-21
5.65612284e-21
4.28637016e-21
3.19130109e-21
2.32011442e-21
1.63070860e-21
