1.09066457e-25
1.61903346e-25
2.32263637e-25
3.25540284e-25
4.48391431e-25
6.09589975e-25
8.21063888e-25
1.09811354e-24
1.46067495e-24
1.93591961e-24
2.55939987e-24
3.37795344e-24
4.45310672e-24
5.86583759e-24
7.72304715e-24
1.01657579e-23
1.33793010e-23
1.76067769e-23
2.31678728e-23
3.04844730e-23
4.01131463e-23
5.27853433e-23
6.94601488e-23
9.13979410e-23
1.20261144e-22
1.58242790e-22
2.08225868e-22
2.73991880e-22
3.60511515e-22
4.74183545e-22
6.24042024e-22
8.21281681e-22
1.08067002e-21
1.42192148e-21
1.87088951e-21
2.46168915e-21
3.23918602e-21
4.26222720e-21
5.60813057e-21
7.37886926e-21
9.70902977e-21
1.27756475e-20
1.68109139e-20
2.21197926e-20
2.91043609e-20
3.82952745e-20
5.03907062e-20
6.63065014e-20
8.72455557e-20
1.14793845e-19
1.51044911e-19
1.98753810e-19
2.61534475e-19
3.44131963e-19
4.52800264e-19
5.95794269e-19
7.83979086e-19
1.03160878e-18
1.35739776e-18
1.78600999e-18
2.35000487e-18
3.09224813e-18
4.06898108e-18
5.35161337e-18
7.04274558e-18
9.26842434e-18
1.21969370e-17
1.60492788e-17
2.11176418e-17
2.77856669e-17
3.65598528e-17
4.81072632e-17
6.33031628e-17
8.32959300e-17
1.09597756e-16
1.44204627e-16
1.89745775e-16
2.49672365e-16
3.28513894e-16
4.32236323e-16
5.68716655e-16
7.48333723e-16
9.84710205e-16
1.29571491e-15
1.70485635e-15
2.24310220e-15
2.95102096e-15
3.88108374e-15
5.09988065e-15
6.68956001e-15
8.74700645e-15
1.13790948e-14
1.46939603e-14
1.87909517e-14
2.37483072e-14
2.96470734e-14
3.65283212e-14
4.44471570e-14
5.34663845e-14
6.36762451e-14
