1.24155050e-25
4.33276309e-25
6.60539243e-24
9.22209863e-23
6.66323398e-22
2.94805817e-21
9.31726957e-21
2.32829099e-20
4.91852243e-20
9.18378633e-20
1.56460861e-19
2.48229626e-19
3.72913968e-19
5.36465520e-19
7.45051342e-19
1.00550532e-18
1.32569504e-18
1.71377865e-18
2.17828544e-18
2.72947788e-18
3.38019018e-18
4.13987271e-18
5.02757575e-18
6.05054149e-18
7.23237337e-18
8.59160649e-18
1.01489455e-17
1.19276578e-17
1.39540187e-17
1.62578114e-17
1.88728838e-17
2.18377659e-17
2.51963523e-17
2.89702185e-17
3.32280024e-17
3.80355673e-17
4.34515550e-17
4.95028198e-17
5.63230745e-17
6.39852263e-17
7.25266523e-17
8.21436959e-17
9.28711503e-17
1.04870372e-16
1.18337989e-16
1.33278496e-16
1.50072514e-16
1.68706394e-16
1.89561342e-16
2.12803022e-16
2.38661379e-16
2.67601100e-16
2.99619895e-16
3.35508951e-16
3.75208442e-16
4.19548171e-16
4.68850673e-16
5.23575141e-16
5.84755278e-16
6.52275022e-16
7.27641491e-16
8.11473178e-16
9.04282193e-16
1.00775025e-15
1.12274851e-15
1.25007282e-15
1.39181541e-15
1.54951226e-15
1.72456731e-15
1.91869607e-15
2.13455358e-15
2.37451409e-15
2.64124174e-15
2.93774054e-15
3.26741359e-15
3.63413190e-15
4.04231217e-15
4.49633933e-15
5.00166490e-15
5.56552411e-15
6.19319195e-15
6.89414554e-15
7.67709318e-15
8.55251692e-15
9.53283795e-15
1.06323114e-14
1.18678614e-14
1.32595966e-14
1.48317759e-14
1.66137023e-14
1.86425297e-14
2.09631949e-14
2.36351796e-14
2.67335389e-14
3.03571855e-14
3.46365189e-14
3.97478577e-14
4.59327523e-14
5.35344369e-14
6.30580298e-14
