3.96809611e-05
3.75411649e-05
3.57019822e-05
3.41058314e-05
3.27087457e-05
3.14764667e-05
3.03818347e-05
2.94020137e-05
2.85190135e-05
2.77166394e-05
2.69826543e-05
2.63059127e-05
2.56774916e-05
2.50896031e-05
2.45372831e-05
2.40153323e-05
2.35181748e-05
2.30439642e-05
2.25886239e-05
2.21509783e-05
2.17268461e-05
2.13165024e-05
2.09167017e-05
2.05266723e-05
2.01455252e-05
1.97722819e-05
1.94059020e-05
1.90453109e-05
1.86894252e-05
1.83380280e-05
1.79918435e-05
1.76477328e-05
1.73077021e-05
1.69696011e-05
1.66341487e-05
1.62999729e-05
1.59683007e-05
1.56361147e-05
1.53074068e-05
1.49780036e-05
1.46489843e-05
1.43215817e-05
1.39932599e-05
1.36648281e-05
1.33376433e-05
1.30093376e-05
1.26798784e-05
1.23517533e-05
1.20226266e-05
1.16922133e-05
1.13613782e-05
1.10308961e-05
1.06990762e-05
1.03659429e-05
1.00334119e-05
9.70010550e-06
9.36557954e-06
9.03094584e-06
8.69648601e-06
8.36104768e-06
8.02574245e-06
7.69093868e-06
7.35559675e-06
7.02155854e-06
6.68782860e-06
6.35515687e-06
6.02394891e-06
5.69428666e-06
5.36679743e-06
5.04190108e-06
4.71974055e-06
4.40154672e-06
4.08733100e-06
3.77786532e-06
3.47392724e-06
3.17630168e-06
2.88580975e-06
2.60333972e-06
2.32987679e-06
2.06652759e-06
1.81433018e-06
1.57461399e-06
1.34840877e-06
1.13716572e-06
9.42033034e-07
7.64417002e-07
6.05342459e-07
4.65769354e-07
3.46504385e-07
2.47764314e-07
1.69240728e-07
1.09837323e-07
6.76717787e-08
3.99687843e-08
2.33325014e-08
1.42103306e-08
9.50604955e-09
7.04612655e-09
5.63222062e-09
4.72574348e-09
