6.28943170e-03
6.08232008e-03
5.87245859e-03
5.65958209e-03
5.44436928e-03
5.22899735e-03
5.01444005e-03
4.80259259e-03
4.59522517e-03
4.39383586e-03
4.19944229e-03
4.01262220e-03
3.83359804e-03
3.66234010e-03
3.49865558e-03
3.34226050e-03
3.19284028e-03
3.05009021e-03
2.91372519e-03
2.78346775e-03
2.65903951e-03
2.54016893e-03
2.42660445e-03
2.31811534e-03
2.21448020e-03
2.11547883e-03
2.02089722e-03
1.93053730e-03
1.84421741e-03
1.76176277e-03
1.68299847e-03
1.60775319e-03
1.53586762e-03
1.46719587e-03
1.40159845e-03
1.33893636e-03
1.27907351e-03
1.22188317e-03
1.16724934e-03
1.11504686e-03
1.06517568e-03
1.01753298e-03
9.72111399e-04
9.28650863e-04
8.87135172e-04
8.47476968e-04
8.09590328e-04
7.73394871e-04
7.38817114e-04
7.05787292e-04
6.74235915e-04
6.44094361e-04
6.15298218e-04
5.87788658e-04
5.61510119e-04
5.36407508e-04
5.12426464e-04
4.89515896e-04
4.67629120e-04
4.46722064e-04
4.26750959e-04
4.07672434e-04
3.89445565e-04
3.72032970e-04
3.55399538e-04
3.39510571e-04
3.24331721e-04
3.09830537e-04
2.95977345e-04
2.82744258e-04
2.70103657e-04
2.58028071e-04
2.46491431e-04
2.35467534e-04
2.24934941e-04
2.14873746e-04
2.05281213e-04
1.96103119e-04
1.87334902e-04
1.78958920e-04
1.70957660e-04
1.63313484e-04
1.56009318e-04
1.49029195e-04
1.42357829e-04
1.35979693e-04
1.29878629e-04
1.24038219e-04
1.18442100e-04
1.13073593e-04
1.07915005e-04
1.02948019e-04
9.81564731e-05
9.35179604e-05
8.90174328e-05
8.46379700e-05
8.03639520e-05
7.61844245e-05
7.20863746e-05
6.80472099e-05
