2.16817273e-17
2.95703269e-17
4.42083228e-17
7.72713868e-17
1.61359399e-16
3.65576714e-16
8.01354561e-16
1.61436155e-15
2.97077457e-15
5.04440477e-15
8.01789664e-15
1.20646759e-14
1.73792662e-14
2.41584617e-14
3.26036057e-14
4.29387224e-14
5.54234909e-14
7.03231367e-14
8.79121387e-14
1.08525132e-13
1.32585187e-13
1.60383506e-13
1.92555301e-13
2.29299529e-13
2.71397893e-13
3.19437858e-13
3.74074614e-13
4.36043388e-13
5.06173253e-13
5.85402466e-13
6.74795393e-13
7.75561128e-13
8.89073919e-13
1.01594200e-12
1.15834320e-12
1.31833240e-12
1.49769983e-12
1.69717124e-12
1.92097281e-12
2.17128949e-12
2.44913252e-12
2.76065271e-12
3.10671770e-12
3.49226032e-12
3.92328398e-12
4.39960885e-12
4.93300667e-12
5.52264687e-12
6.18016620e-12
6.91030452e-12
7.71977548e-12
8.62254340e-12
9.61792415e-12
1.07298240e-11
1.19556351e-11
1.33201620e-11
1.48323941e-11
1.65054250e-11
1.83697094e-11
2.04204978e-11
2.27022259e-11
2.52320473e-11
2.80237668e-11
3.11260956e-11
3.45630045e-11
3.83559902e-11
4.25647815e-11
4.72319702e-11
5.23957761e-11
5.81031313e-11
6.44278927e-11
7.14347872e-11
7.91961121e-11
8.77930066e-11
9.73169432e-11
1.07871436e-10
1.19573933e-10
1.32538937e-10
1.46909054e-10
1.62874416e-10
1.80565967e-10
2.00228831e-10
2.22080512e-10
2.46381064e-10
2.73435270e-10
3.03586729e-10
3.37236865e-10
3.74853397e-10
4.16988699e-10
4.64292872e-10
5.17572426e-10
5.77765607e-10
6.46085542e-10
7.23996676e-10
8.13353929e-10
9.16484393e-10
1.03637161e-09
1.17684258e-09
1.34295098e-09
1.54151223e-09
