1.60162501e-09
1.43178797e-09
1.27045015e-09
1.11788399e-09
9.74642859e-10
8.41884728e-10
7.20988435e-10
6.12378155e-10
5.16652857e-10
4.33682331e-10
3.62763169e-10
3.02777838e-10
2.52400673e-10
2.10278327e-10
1.75143361e-10
1.45868014e-10
1.21482049e-10
1.01169737e-10
8.42526061e-11
7.01656125e-11
5.84357133e-11
4.86670793e-11
4.05306121e-11
3.37538179e-11
2.81102788e-11
2.34106883e-11
1.94967041e-11
1.62366486e-11
1.35214484e-11
1.12604352e-11
9.37775545e-12
7.80991168e-12
6.50407084e-12
5.41647840e-12
4.51079383e-12
3.75663900e-12
3.12858980e-12
2.60548747e-12
2.16980664e-12
1.80692533e-12
1.50463563e-12
1.25292514e-12
1.04379211e-12
8.69262179e-13
7.23917352e-13
6.02887737e-13
5.02096176e-13
4.18146926e-13
3.48226603e-13
2.89999925e-13
2.41515715e-13
2.01139993e-13
1.67511367e-13
1.39501958e-13
1.16176103e-13
9.67525597e-14
8.05772141e-14
6.71049228e-14
5.58839127e-14
4.65393845e-14
3.87583835e-14
3.22787975e-14
2.68820844e-14
2.23871241e-14
1.86437368e-14
1.55266097e-14
1.29308147e-14
1.07688433e-14
8.96814772e-15
7.46856619e-15
6.21989490e-15
5.18008263e-15
4.31404476e-15
3.59269528e-15
2.99156154e-15
2.49103259e-15
2.07514434e-15
1.72817291e-15
1.43917631e-15
1.19850124e-15
9.98094310e-16
8.31206560e-16
6.92200276e-16
5.76396919e-16
4.79918478e-16
3.99531673e-16
3.32527213e-16
2.76640337e-16
2.29989890e-16
1.91016209e-16
1.58420154e-16
1.31107226e-16
1.08205978e-16
8.89413411e-17
7.27191511e-17
5.90441702e-17
4.75079502e-17
3.77809905e-17
2.95926931e-17
2.27044214e-17
