6.67153353e-14
6.01757672e-14
5.50233112e-14
5.08630084e-14
4.74363629e-14
4.45668381e-14
4.21295978e-14
4.00316987e-14
3.82051778e-14
3.65955669e-14
3.51631297e-14
3.38749116e-14
3.27055763e-14
3.16343185e-14
3.06471922e-14
2.97310269e-14
2.88730264e-14
2.80675813e-14
2.73057796e-14
2.65840167e-14
2.58940627e-14
2.52352508e-14
2.46014181e-14
2.39905648e-14
2.34006125e-14
2.28294480e-14
2.22749635e-14
2.17350941e-14
2.12078506e-14
2.06925908e-14
2.01900580e-14
1.96954424e-14
1.92114082e-14
1.87346861e-14
1.82661178e-14
1.78036336e-14
1.73487871e-14
1.68973336e-14
1.64545785e-14
1.60147875e-14
1.55793473e-14
1.51497977e-14
1.47227454e-14
1.42992090e-14
1.38808706e-14
1.34646542e-14
1.30505120e-14
1.26415269e-14
1.22347444e-14
1.18298128e-14
1.14277862e-14
1.10295778e-14
1.06331393e-14
1.02385175e-14
9.84797338e-15
9.45987587e-15
9.07372666e-15
8.69082213e-15
8.31148113e-15
7.93441153e-15
7.56088390e-15
7.19131313e-15
6.82457300e-15
6.46269395e-15
6.10460839e-15
5.75114407e-15
5.40274604e-15
5.05951696e-15
4.72212590e-15
4.39101618e-15
4.06634791e-15
3.74936676e-15
3.44008308e-15
3.13925833e-15
2.84763990e-15
2.56596245e-15
2.29497426e-15
2.03546288e-15
1.78827663e-15
1.55433756e-15
1.33446537e-15
1.12968390e-15
9.40700707e-16
7.68508393e-16
6.13761541e-16
4.77217166e-16
3.59209442e-16
2.59885897e-16
1.79108504e-16
1.16136168e-16
6.96852873e-17
3.78013921e-17
1.79480044e-17
7.11170073e-18
2.18791369e-18
4.65682133e-19
5.63201412e-20
2.68813799e-21
2.55937244e-23
2.14759783e-25
