1.41146734e-21
1.91239256e-21
2.71362670e-21
4.12591411e-21
6.77627079e-21
1.16540854e-20
2.00125013e-20
3.32932423e-20
5.30957127e-20
8.12749489e-20
1.19991500e-19
1.71910995e-19
2.40137909e-19
3.28595384e-19
4.41986319e-19
5.86309529e-19
7.67962439e-19
9.96555663e-19
1.28123798e-18
1.63584309e-18
2.07565338e-18
2.61934277e-18
3.28981853e-18
4.11527326e-18
5.13049781e-18
6.37597882e-18
7.89585810e-18
9.75935742e-18
1.20399997e-17
1.48105804e-17
1.82052747e-17
2.23218101e-17
2.73496070e-17
3.34495041e-17
4.08818750e-17
4.98868601e-17
6.08584126e-17
7.41123207e-17
9.02904668e-17
1.09752897e-16
1.33468019e-16
1.62115064e-16
1.96819262e-16
2.38959911e-16
2.89678329e-16
3.51340288e-16
4.25680384e-16
5.15590998e-16
6.24733240e-16
7.55743287e-16
9.14758615e-16
1.10667569e-15
1.33802108e-15
1.61877533e-15
1.95566043e-15
2.36363403e-15
2.85646101e-15
3.44919403e-15
4.16814311e-15
5.03047826e-15
6.07434320e-15
7.33250350e-15
8.84818963e-15
1.06815829e-14
1.28826076e-14
1.55506000e-14
1.87476498e-14
2.26247247e-14
2.72708065e-14
3.28974856e-14
3.96554156e-14
4.78129402e-14
5.76578558e-14
6.94799369e-14
8.37600610e-14
1.00995593e-13
1.21693035e-13
1.46647553e-13
1.76731321e-13
2.12988330e-13
2.56685595e-13
3.09371016e-13
3.72863613e-13
4.49281904e-13
5.41553271e-13
6.52746818e-13
7.86831037e-13
9.48456779e-13
1.14365987e-12
1.37921337e-12
1.66384742e-12
2.00799425e-12
2.42455631e-12
2.92962708e-12
3.54326379e-12
4.29095128e-12
5.20507859e-12
6.32746758e-12
7.71242928e-12
9.43159229e-12
