9.34059514e-26
1.25683366e-25
1.68169108e-25
2.24073656e-25
2.97541101e-25
3.94221432e-25
5.21105893e-25
6.88280878e-25
9.07667000e-25
1.19602137e-24
1.57526707e-24
2.07411162e-24
2.73032973e-24
3.59358161e-24
4.72922334e-24
6.22337424e-24
8.18945904e-24
1.07766244e-23
1.41808738e-23
1.86601078e-23
2.45541457e-23
3.23108266e-23
4.25182162e-23
5.59499742e-23
7.36235759e-23
9.68785560e-23
1.27481003e-22
1.67753061e-22
2.20745098e-22
2.90451012e-22
3.82159481e-22
5.02835327e-22
6.61631074e-22
8.70572710e-22
1.14547881e-21
1.50718830e-21
1.98315164e-21
2.60947242e-21
3.43359181e-21
4.51790969e-21
5.94462845e-21
7.82204048e-21
1.02925904e-20
1.35434530e-20
1.78207909e-20
2.34488582e-20
3.08548467e-20
4.06007431e-20
5.34250511e-20
7.02989763e-20
9.25017997e-20
1.21719059e-19
1.60168389e-19
2.10763988e-19
2.77337899e-19
3.64937262e-19
4.80215871e-19
6.31915777e-19
8.31540415e-19
1.09420838e-18
1.43982087e-18
1.89462007e-18
2.49313545e-18
3.28072361e-18
4.31673924e-18
5.67973928e-18
7.47320668e-18
9.83321558e-18
1.29385807e-17
1.70243891e-17
2.24002166e-17
2.94739759e-17
3.87824833e-17
5.10311825e-17
6.71473967e-17
8.83520900e-17
1.16254058e-16
1.52970786e-16
2.01285306e-16
2.64856132e-16
3.48500288e-16
4.58565348e-16
6.03406848e-16
7.94006677e-16
1.04479926e-15
1.37478522e-15
1.80899312e-15
2.38033680e-15
3.13195499e-15
4.12017307e-15
5.41816878e-15
7.12024679e-15
9.34664692e-15
1.22494881e-14
1.60215569e-14
2.08917195e-14
2.71631183e-14
3.52011616e-14
4.54735437e-14
5.85746103e-14
