1.58763616e-21
2.81705081e-21
7.93220171e-21
3.93388873e-20
1.95155849e-19
7.36477134e-19
2.14113452e-18
5.08497458e-18
1.03802845e-17
1.89090698e-17
3.16157056e-17
4.94224814e-17
7.33570348e-17
1.04471768e-16
1.43851678e-16
1.92699464e-16
2.52401889e-16
3.24389350e-16
4.10151710e-16
5.11488604e-16
6.30658333e-16
7.69286848e-16
9.30738194e-16
1.11621319e-15
1.32986920e-15
1.57492182e-15
1.85496036e-15
2.17401578e-15
2.53663723e-15
2.94797770e-15
3.41388903e-15
3.94102704e-15
4.53696740e-15
5.20530163e-15
5.95793008e-15
6.80620299e-15
7.76014725e-15
8.82416594e-15
1.00214062e-14
1.13642485e-14
1.28588185e-14
1.45389919e-14
1.64103177e-14
1.85003841e-14
2.08427932e-14
2.34376565e-14
2.63503264e-14
2.95776073e-14
3.31846296e-14
3.71990310e-14
4.16594512e-14
4.66448133e-14
5.21534194e-14
5.83199154e-14
6.51324061e-14
7.27315281e-14
8.11705392e-14
9.05258913e-14
1.00971806e-13
1.12485822e-13
1.25322008e-13
1.39582256e-13
1.55350041e-13
1.72906929e-13
1.92395973e-13
2.13946945e-13
2.37908170e-13
2.64532535e-13
2.94049573e-13
3.26740246e-13
3.63042130e-13
4.03343500e-13
4.48079248e-13
4.97738829e-13
5.52875651e-13
6.14117923e-13
6.82180813e-13
7.57769392e-13
8.41760702e-13
9.35320658e-13
1.03928109e-12
1.15515958e-12
1.28433196e-12
1.42844983e-12
1.58946176e-12
1.76958853e-12
1.97145008e-12
2.19813567e-12
2.45334126e-12
2.74148640e-12
3.06812653e-12
3.43988095e-12
3.86542824e-12
4.35553178e-12
4.92415221e-12
5.58933182e-12
6.37494190e-12
7.31281838e-12
8.44684393e-12
9.83927879e-12
