1.03658455e-11
9.42113270e-12
8.66658453e-12
8.05063652e-12
7.53874884e-12
7.10687785e-12
6.73774604e-12
6.41828702e-12
6.13884532e-12
5.89157419e-12
5.67071709e-12
5.47144683e-12
5.29003191e-12
5.12338552e-12
4.96944696e-12
4.82624800e-12
4.69185490e-12
4.56544235e-12
4.44565532e-12
4.33196289e-12
4.22309806e-12
4.11898011e-12
4.01865603e-12
3.92182654e-12
3.82817739e-12
3.73738641e-12
3.64913008e-12
3.56308961e-12
3.47895635e-12
3.39663521e-12
3.31625218e-12
3.23704382e-12
3.15944200e-12
3.08292747e-12
3.00763954e-12
2.93324943e-12
2.86001062e-12
2.78724246e-12
2.71580316e-12
2.64477036e-12
2.57436980e-12
2.50485289e-12
2.43567241e-12
2.36699469e-12
2.29909447e-12
2.23147403e-12
2.16412641e-12
2.09755446e-12
2.03127869e-12
1.96524247e-12
1.89961845e-12
1.83455690e-12
1.76972398e-12
1.70512770e-12
1.64113899e-12
1.57749151e-12
1.51410386e-12
1.45118931e-12
1.38880101e-12
1.32672687e-12
1.26517641e-12
1.20421866e-12
1.14366821e-12
1.08386079e-12
1.02462056e-12
9.66084871e-13
9.08328011e-13
8.51367586e-13
7.95315257e-13
7.40245430e-13
6.86185468e-13
6.33343722e-13
5.81723014e-13
5.31451544e-13
4.82655557e-13
4.35459567e-13
3.89990791e-13
3.46383506e-13
3.04782754e-13
2.65346676e-13
2.28216930e-13
1.93570566e-13
1.61532190e-13
1.32275913e-13
1.05919939e-13
8.26015883e-14
6.23879906e-14
4.53163716e-14
3.13773445e-14
2.04600618e-14
1.23618966e-14
6.76491817e-15
3.24922078e-15
1.30808052e-15
4.11925539e-16
9.10368397e-17
1.18193198e-17
6.76887401e-19
1.64815320e-20
2.11938441e-21
