1.60365969e+02
1.67106120e+02
1.74262390e+02
1.81872293e+02
1.89961001e+02
1.98520694e+02
2.07577756e+02
2.17138611e+02
2.27207004e+02
2.37786506e+02
2.48886487e+02
2.60520779e+02
2.72707235e+02
2.85467372e+02
2.98825947e+02
3.12810314e+02
3.27449591e+02
3.42774121e+02
3.58815566e+02
3.75607405e+02
3.93185130e+02
4.11585895e+02
4.30848149e+02
4.51011868e+02
4.72119190e+02
4.94214678e+02
5.17344917e+02
5.41558075e+02
5.66904215e+02
5.93436157e+02
6.21209886e+02
6.50284060e+02
6.80719397e+02
7.12578955e+02
7.45929171e+02
7.80840407e+02
8.17386402e+02
8.55643490e+02
8.95690926e+02
9.37614585e+02
9.81501798e+02
1.02744453e+03
1.07549272e+03
1.12582300e+03
1.17850804e+03
1.23365880e+03
1.29139174e+03
1.35182753e+03
1.41509127e+03
1.48131452e+03
1.55063678e+03
1.62320469e+03
1.69917025e+03
1.77869098e+03
1.86193231e+03
1.94906943e+03
2.04028649e+03
2.13577437e+03
2.23573081e+03
2.34036350e+03
2.44989263e+03
2.56454994e+03
2.68457593e+03
2.81021958e+03
2.94174197e+03
3.07941961e+03
3.22354344e+03
3.37441540e+03
3.53234815e+03
3.69766969e+03
3.87072783e+03
4.05188927e+03
4.24153508e+03
4.44006843e+03
4.64790163e+03
4.86546485e+03
5.09300909e+03
5.33135852e+03
5.58086490e+03
5.84204756e+03
6.11545939e+03
6.40168844e+03
6.70135374e+03
7.01510678e+03
7.34364530e+03
7.68773244e+03
8.04820976e+03
8.42600564e+03
8.82215265e+03
9.23782187e+03
9.67436365e+03
1.01332868e+04
1.06160327e+04
1.11249292e+04
1.16618749e+04
1.22292653e+04
1.28295677e+04
1.34656031e+04
1.41402116e+04
1.48578056e+04
