1.05162271e-11
9.70182738e-12
9.06142002e-12
8.54656865e-12
8.12515717e-12
7.77484038e-12
7.47939621e-12
7.22668815e-12
7.00743424e-12
6.81460749e-12
6.64253843e-12
6.48747686e-12
6.34580391e-12
6.21511009e-12
6.09355287e-12
5.97953458e-12
5.87176212e-12
5.76925258e-12
5.67131445e-12
5.57719666e-12
5.48611920e-12
5.39818725e-12
5.31229678e-12
5.22875001e-12
5.14696702e-12
5.06663855e-12
4.98760112e-12
4.90968782e-12
4.83273065e-12
4.75656261e-12
4.68101956e-12
4.60594186e-12
4.53135362e-12
4.45735526e-12
4.38345828e-12
4.30952321e-12
4.23585192e-12
4.16233489e-12
4.08846440e-12
4.01466483e-12
3.94079601e-12
3.86630408e-12
3.79208581e-12
3.71722960e-12
3.64201533e-12
3.56660567e-12
3.49027980e-12
3.41414540e-12
3.33695874e-12
3.25958034e-12
3.18143896e-12
3.10266341e-12
3.02345708e-12
2.94317210e-12
2.86281460e-12
2.78125340e-12
2.69934323e-12
2.61657167e-12
2.53291041e-12
2.44891857e-12
2.36381716e-12
2.27823687e-12
2.19200106e-12
2.10481635e-12
2.01724279e-12
1.92911226e-12
1.84026018e-12
1.75081694e-12
1.66127373e-12
1.57136524e-12
1.48119015e-12
1.39091265e-12
1.30070599e-12
1.21075410e-12
1.12125430e-12
1.03242142e-12
9.44493667e-13
8.57778956e-13
7.72763962e-13
6.89570128e-13
6.08828308e-13
5.30862842e-13
4.56244337e-13
3.85528753e-13
3.19289807e-13
2.58145745e-13
2.02720060e-13
1.53605907e-13
1.11328860e-13
7.62809308e-14
4.86151751e-14
2.81832951e-14
1.43868435e-14
6.16834933e-15
2.06747278e-15
4.83579316e-16
6.52860882e-17
3.63951028e-18
5.45554230e-20
2.45662061e-21
