3.98278957e-05
3.74867435e-05
3.51547247e-05
3.28311360e-05
3.05274185e-05
2.82729421e-05
2.60824494e-05
2.39808304e-05
2.19894644e-05
2.01242617e-05
1.83934071e-05
1.67982030e-05
1.53347701e-05
1.39959949e-05
1.27731035e-05
1.16567606e-05
1.06378370e-05
9.70787326e-06
8.85919641e-06
8.08478774e-06
7.37813921e-06
6.73324525e-06
6.14466440e-06
5.60750712e-06
5.11732540e-06
4.67000907e-06
4.26177050e-06
3.88917781e-06
3.54914586e-06
3.23886553e-06
2.95573621e-06
2.69735517e-06
2.46154159e-06
2.24633563e-06
2.04995668e-06
1.87075936e-06
1.70722416e-06
1.55797115e-06
1.42176013e-06
1.29741893e-06
1.18394460e-06
1.08039300e-06
9.86127551e-07
8.99922256e-07
8.21255866e-07
7.49471098e-07
6.83960203e-07
6.24170196e-07
5.69603982e-07
5.19810860e-07
4.74374778e-07
4.32910613e-07
3.95067531e-07
3.60530187e-07
3.29013147e-07
3.00253386e-07
2.74007557e-07
2.50053848e-07
2.28192792e-07
2.08243849e-07
1.90040607e-07
1.73428916e-07
1.58268077e-07
1.44431546e-07
1.31804966e-07
1.20283126e-07
1.09768627e-07
1.00172523e-07
9.14147648e-08
8.34229962e-08
7.61306174e-08
6.94758921e-08
6.34023588e-08
5.78576081e-08
5.27965341e-08
4.81783843e-08
4.39743369e-08
4.01300726e-08
3.66215398e-08
3.34197649e-08
3.04980818e-08
2.78317005e-08
2.53978275e-08
2.31758375e-08
2.11470352e-08
1.92941484e-08
1.76010127e-08
1.60526073e-08
1.46351537e-08
1.33359881e-08
1.21432766e-08
1.10459877e-08
1.00344278e-08
9.09850681e-09
8.23059058e-09
7.42343177e-09
6.67061538e-09
5.96752024e-09
5.30932789e-09
4.69035052e-09
