2.27161610e-17
3.43208344e-17
6.56280683e-17
1.87668549e-16
6.73704884e-16
2.22725706e-15
6.14328160e-15
1.42884918e-14
2.89252046e-14
5.25046308e-14
8.74539297e-14
1.36147807e-13
2.00811089e-13
2.83600151e-13
3.86354590e-13
5.10977096e-13
6.59531265e-13
8.33558850e-13
1.03529310e-12
1.26590762e-12
1.52818989e-12
1.82347020e-12
2.15467219e-12
2.52362599e-12
2.93233367e-12
3.38306307e-12
3.87843727e-12
4.42151608e-12
5.01586724e-12
5.66562564e-12
6.36852207e-12
7.13422605e-12
7.96397601e-12
8.86052517e-12
9.83095930e-12
1.08762409e-11
1.20031344e-11
1.32184477e-11
1.45199721e-11
1.59244556e-11
1.74274356e-11
1.90389570e-11
2.07721253e-11
2.26227243e-11
2.46024909e-11
2.67263931e-11
2.89973421e-11
3.14160396e-11
3.40061016e-11
3.67785986e-11
3.97273258e-11
4.28751961e-11
4.62409725e-11
4.98337217e-11
5.36509431e-11
5.77295499e-11
6.20871339e-11
6.67156888e-11
7.16538517e-11
7.69287601e-11
8.25346410e-11
8.85141913e-11
9.48993778e-11
1.01682444e-10
1.08931061e-10
1.16646152e-10
1.24880512e-10
1.33655222e-10
1.43022930e-10
1.53006585e-10
1.63673217e-10
1.75054568e-10
1.87211415e-10
2.00206534e-10
2.14102384e-10
2.28970094e-10
2.44890096e-10
2.61952404e-10
2.80256399e-10
2.99909981e-10
3.21050872e-10
3.43806161e-10
3.68356005e-10
3.94883370e-10
4.23627917e-10
4.54811976e-10
4.88781284e-10
5.25904909e-10
5.66600805e-10
6.11423643e-10
6.61031357e-10
7.16276679e-10
7.78156574e-10
8.47974902e-10
9.27337684e-10
1.01834314e-09
1.12365296e-09
1.24682254e-09
1.39265265e-09
1.56782679e-09
