3.16606283e-13
3.95002887e-13
5.17304797e-13
7.30592423e-13
1.14331180e-12
1.96521620e-12
3.52399750e-12
6.24594465e-12
1.06119652e-11
1.71170628e-11
2.62297223e-11
3.83973528e-11
5.40277322e-11
7.35126368e-11
9.71715584e-11
1.25342031e-10
1.58397972e-10
1.96597609e-10
2.40351733e-10
2.89840867e-10
3.45592041e-10
4.07818654e-10
4.77069023e-10
5.53658177e-10
6.37936447e-10
7.30307389e-10
8.31244480e-10
9.41305920e-10
1.06114717e-09
1.19153100e-09
1.33193619e-09
1.48422592e-09
1.64857137e-09
1.82544524e-09
2.01616846e-09
2.22085116e-09
2.44073764e-09
2.67706884e-09
2.92933006e-09
3.20067509e-09
3.49014466e-09
3.79957811e-09
4.13138306e-09
4.48464268e-09
4.86148827e-09
5.26464483e-09
5.69453351e-09
6.15115965e-09
6.63884239e-09
7.15950765e-09
7.71183486e-09
8.29995521e-09
8.92719018e-09
9.59503250e-09
1.03028224e-08
1.10571920e-08
1.18611512e-08
1.27129788e-08
1.36195265e-08
1.45854778e-08
1.56094680e-08
1.66989682e-08
1.78594282e-08
1.90890502e-08
2.03996751e-08
2.17909964e-08
2.32720244e-08
2.48459863e-08
2.65217034e-08
2.83025978e-08
3.01998665e-08
3.22183066e-08
3.43677578e-08
3.66582576e-08
3.90996182e-08
4.17029849e-08
4.44809047e-08
4.74473247e-08
5.06174978e-08
5.40077717e-08
5.76391696e-08
6.15303198e-08
6.57082469e-08
7.01995708e-08
7.50394266e-08
8.02586842e-08
8.59071756e-08
9.20362795e-08
9.87025915e-08
1.05981367e-07
1.13959581e-07
1.22748797e-07
1.32474476e-07
1.43298208e-07
1.55411706e-07
1.69058634e-07
1.84534146e-07
2.02216993e-07
2.22593108e-07
2.46301432e-07
