9.67519131e-26
1.33248085e-25
1.81318672e-25
2.44642478e-25
3.27984674e-25
4.37298884e-25
5.80910688e-25
7.69501550e-25
1.01734832e-24
1.34293080e-24
1.77029067e-24
2.33237172e-24
3.07144018e-24
4.04343738e-24
5.32189889e-24
7.00342244e-24
9.21673802e-24
1.21293461e-23
1.59602344e-23
2.09998078e-23
2.76307644e-23
3.63569450e-23
4.78401461e-23
6.29490695e-23
8.28268650e-23
1.08981244e-22
1.43398757e-22
1.88689460e-22
2.48279943e-22
3.26679478e-22
4.29835893e-22
5.65587514e-22
7.44234033e-22
9.79295521e-22
1.28855897e-21
1.69548233e-21
2.23098275e-21
2.93569347e-21
3.86295545e-21
5.08293978e-21
6.68819105e-21
8.80070028e-21
1.15808165e-20
1.52390204e-20
2.00521400e-20
2.63852214e-20
3.47195104e-20
4.56876877e-20
6.01202844e-20
7.91095637e-20
1.04088850e-19
1.36973279e-19
1.80252753e-19
2.37183229e-19
3.12076291e-19
4.10612721e-19
5.40276524e-19
7.10908211e-19
9.35424008e-19
1.23080457e-18
1.61943679e-18
2.13084083e-18
2.80383932e-18
3.68939051e-18
4.85447699e-18
6.38739532e-18
8.40458561e-18
1.10592101e-17
1.45523237e-17
1.91481835e-17
2.51951127e-17
3.31525064e-17
4.36247299e-17
5.74050931e-17
7.55359995e-17
9.93911165e-17
1.30782148e-16
1.72093042e-16
2.26453703e-16
2.97977125e-16
3.92083653e-16
5.15923131e-16
6.78905119e-16
8.93382710e-16
1.17558361e-15
1.54678185e-15
2.03537669e-15
2.67823569e-15
3.52324938e-15
4.63286940e-15
6.08695810e-15
7.98595741e-15
1.04519460e-14
1.36313053e-14
1.76984817e-14
2.28564579e-14
2.93411070e-14
3.74347883e-14
4.74852000e-14
5.99105911e-14
