1.60182760e+02
1.66278195e+02
1.72260253e+02
1.78107873e+02
1.83803323e+02
1.89335718e+02
1.94704370e+02
1.99919578e+02
2.05002078e+02
2.09976698e+02
2.14879324e+02
2.19727423e+02
2.24562109e+02
2.29408824e+02
2.34289422e+02
2.39230339e+02
2.44257852e+02
2.49394498e+02
2.54656164e+02
2.60068749e+02
2.65668439e+02
2.71441578e+02
2.77457675e+02
2.83696037e+02
2.90200954e+02
2.97003295e+02
3.04126028e+02
3.11595480e+02
3.19441600e+02
3.27698232e+02
3.36403396e+02
3.45599569e+02
3.55310106e+02
3.65547545e+02
3.76410861e+02
3.87961757e+02
4.00194077e+02
4.13166145e+02
4.27019778e+02
4.41731954e+02
4.57385357e+02
4.74169036e+02
4.91949671e+02
5.11019399e+02
5.31400039e+02
5.53135865e+02
5.76544375e+02
6.01391469e+02
6.28200996e+02
6.56812130e+02
6.87574952e+02
7.20604207e+02
7.55979526e+02
7.94187599e+02
8.34945321e+02
8.79045389e+02
9.26275964e+02
9.77186118e+02
1.03210153e+03
1.09095661e+03
1.15464308e+03
1.22307795e+03
1.29679444e+03
1.37651694e+03
1.46223215e+03
1.55462008e+03
1.65446558e+03
1.76231444e+03
1.87827434e+03
2.00345254e+03
2.13860994e+03
2.28449137e+03
2.44190535e+03
2.61173346e+03
2.79494006e+03
2.99258133e+03
3.20581225e+03
3.43578138e+03
3.68326715e+03
3.95029288e+03
4.23753362e+03
4.54685933e+03
4.87948131e+03
5.23681238e+03
5.62036007e+03
6.03150309e+03
6.47152605e+03
6.94160535e+03
7.44266904e+03
7.97526821e+03
8.53980430e+03
9.13566599e+03
9.76221155e+03
1.04178069e+04
1.11003950e+04
1.18076212e+04
1.25369674e+04
1.32860328e+04
1.40522418e+04
1.48328755e+04
