6.30263614e-03
6.13646551e-03
5.99228557e-03
5.86649439e-03
5.75619330e-03
5.65896537e-03
5.57272690e-03
5.49565835e-03
5.42616631e-03
5.36292066e-03
5.30471650e-03
5.25077367e-03
5.20020161e-03
5.15241800e-03
5.10696682e-03
5.06342256e-03
5.02142705e-03
4.98070582e-03
4.94107360e-03
4.90230008e-03
4.86412124e-03
4.82663176e-03
4.78940143e-03
4.75259383e-03
4.71598370e-03
4.67945398e-03
4.64294720e-03
4.60640012e-03
4.56974460e-03
4.53290855e-03
4.49581675e-03
4.45839160e-03
4.42064463e-03
4.38262780e-03
4.34408693e-03
4.30493875e-03
4.26533441e-03
4.22520867e-03
4.18427029e-03
4.14273905e-03
4.10052409e-03
4.05728740e-03
4.01353227e-03
3.96870336e-03
3.92294102e-03
3.87632264e-03
3.82837203e-03
3.77975964e-03
3.72966282e-03
3.67860469e-03
3.62617635e-03
3.57242367e-03
3.51744919e-03
3.46075753e-03
3.40301835e-03
3.34337375e-03
3.28239647e-03
3.21965698e-03
3.15507220e-03
3.08902030e-03
3.02082720e-03
2.95092993e-03
2.87912220e-03
2.80508182e-03
2.72920783e-03
2.65128226e-03
2.57107187e-03
2.48859765e-03
2.40422512e-03
2.31761422e-03
2.22875362e-03
2.13769412e-03
2.04449608e-03
1.94923090e-03
1.85198384e-03
1.75285854e-03
1.65198397e-03
1.54957083e-03
1.44605579e-03
1.34143999e-03
1.23636659e-03
1.13111319e-03
1.02630586e-03
9.22598363e-04
8.20726087e-04
7.21569665e-04
6.26130718e-04
5.35516663e-04
4.50933714e-04
3.73641824e-04
3.04826450e-04
2.45561146e-04
1.96492240e-04
1.57720071e-04
1.28563654e-04
1.07562913e-04
9.27664282e-05
8.22408925e-05
7.45064112e-05
6.86167868e-05
