2.15501552e-17
2.71357155e-17
3.37741819e-17
4.16851484e-17
5.10989575e-17
6.23004689e-17
7.56438568e-17
9.15609067e-17
1.10540500e-16
1.33221708e-16
1.60357281e-16
1.92856746e-16
2.31809382e-16
2.78518193e-16
3.34549971e-16
4.01794285e-16
4.82521418e-16
5.79444380e-16
6.95806655e-16
8.35509051e-16
1.00325934e-15
1.20471845e-15
1.44665328e-15
1.73715083e-15
2.08593192e-15
2.50472820e-15
3.00765523e-15
3.61159935e-15
4.33675086e-15
5.20667602e-15
6.25240675e-15
7.50827001e-15
9.01585400e-15
1.08260467e-14
1.29994091e-14
1.56090299e-14
1.87428961e-14
2.25063013e-14
2.70250902e-14
3.24504541e-14
3.89648728e-14
4.67880852e-14
5.61830847e-14
6.74640849e-14
8.10083707e-14
9.72711995e-14
1.16800939e-13
1.40254176e-13
1.68415473e-13
2.02226778e-13
2.42824742e-13
2.91578871e-13
3.50129196e-13
4.20434817e-13
5.04846499e-13
6.06200114e-13
7.27913230e-13
8.74080033e-13
1.04959172e-12
1.26031637e-12
1.51333283e-12
1.81717437e-12
2.18206652e-12
2.61974404e-12
3.14594729e-12
3.77780091e-12
4.53645104e-12
5.44731278e-12
6.54105959e-12
7.85425659e-12
9.43100069e-12
1.13244683e-11
1.35984103e-11
1.63289611e-11
1.96073453e-11
2.35435244e-11
2.82701233e-11
3.39462404e-11
4.07619863e-11
4.89452087e-11
5.87705919e-11
7.05695073e-11
8.47394971e-11
1.01755362e-10
1.22185524e-10
1.46714080e-10
1.76163412e-10
2.11511075e-10
2.53898438e-10
3.04628530e-10
3.65140914e-10
4.36945099e-10
5.21511520e-10
6.20152169e-10
7.33856533e-10
8.63712116e-10
1.01020749e-09
1.17408350e-09
1.35622337e-09
1.55788990e-09
