3.95286744e-05
3.69394725e-05
3.44106152e-05
3.19472931e-05
2.95563313e-05
2.72541783e-05
2.50609877e-05
2.29853098e-05
2.10415076e-05
1.92364735e-05
1.75712569e-05
1.60421806e-05
1.46423711e-05
1.33631957e-05
1.21952998e-05
1.11293235e-05
1.01564126e-05
9.26848298e-06
8.45820406e-06
7.71883825e-06
7.04414194e-06
6.42839077e-06
5.86641998e-06
5.35357244e-06
4.88558381e-06
4.45851096e-06
4.06874089e-06
3.71301338e-06
3.38838794e-06
3.09216996e-06
2.82186333e-06
2.57517591e-06
2.35003728e-06
2.14458173e-06
1.95710294e-06
1.78602209e-06
1.62988915e-06
1.48739373e-06
1.35735529e-06
1.23868051e-06
1.13035680e-06
1.03150117e-06
9.41427138e-07
8.59125147e-07
7.84022906e-07
7.15489299e-07
6.52943775e-07
5.95860964e-07
5.43767832e-07
4.96232664e-07
4.52855976e-07
4.13269857e-07
3.77141084e-07
3.44169792e-07
3.14082756e-07
2.86627447e-07
2.61571288e-07
2.38703510e-07
2.17834420e-07
1.98791206e-07
1.81414080e-07
1.65555689e-07
1.51082359e-07
1.37873827e-07
1.25820707e-07
1.14821991e-07
1.04784538e-07
9.56238010e-08
8.72636947e-08
7.96350171e-08
7.26738276e-08
6.63210837e-08
6.05231315e-08
5.52317114e-08
5.04011333e-08
4.59931795e-08
4.19763929e-08
3.83065456e-08
3.49573635e-08
3.19011520e-08
2.91123166e-08
2.65671541e-08
2.42440337e-08
2.21234327e-08
2.01875807e-08
1.84200072e-08
1.68053700e-08
1.53295388e-08
1.39796164e-08
1.27437326e-08
1.16107907e-08
1.05702041e-08
9.61332849e-09
8.73074389e-09
7.91521727e-09
7.16003215e-09
6.45918576e-09
5.80784710e-09
5.20129713e-09
4.63466334e-09
