2.53584311e-07
2.33522111e-07
2.13813739e-07
1.94463347e-07
1.75588462e-07
1.57464473e-07
1.40232463e-07
1.24114896e-07
1.09286782e-07
9.58574189e-08
8.38530272e-08
7.32285258e-08
6.38892575e-08
5.57146667e-08
4.85765119e-08
4.23501442e-08
3.69208624e-08
3.21869170e-08
2.80596921e-08
2.44619795e-08
2.13259707e-08
1.85920846e-08
1.62084486e-08
1.41302237e-08
1.23184917e-08
1.07391498e-08
9.36226096e-09
8.16175890e-09
7.11510066e-09
6.20270796e-09
5.40740852e-09
4.71410776e-09
4.10964923e-09
3.58265550e-09
3.12325693e-09
2.72280786e-09
2.37371231e-09
2.06934797e-09
1.80398676e-09
1.57255584e-09
1.37080004e-09
1.19493367e-09
1.04206624e-09
9.08453792e-10
7.91973637e-10
6.90437317e-10
6.01921316e-10
5.24746762e-10
4.57460755e-10
3.98803966e-10
3.47674167e-10
3.03102177e-10
2.64241550e-10
2.30359717e-10
2.00822224e-10
1.75074371e-10
1.52628634e-10
1.33059096e-10
1.15996981e-10
1.01122869e-10
8.81574719e-11
7.68552021e-11
6.70013515e-11
5.84099772e-11
5.09201407e-11
4.43912779e-11
3.86998525e-11
3.37378330e-11
2.94116151e-11
2.56401631e-11
2.23526886e-11
1.94869450e-11
1.69884588e-11
1.48092571e-11
1.29089522e-11
1.12525646e-11
9.81281571e-12
8.55462550e-12
7.45761515e-12
6.50124192e-12
5.66756599e-12
4.94079739e-12
4.30708605e-12
3.75440137e-12
3.27232184e-12
2.85174388e-12
2.48464542e-12
2.16397084e-12
1.88356951e-12
1.63809738e-12
1.42287980e-12
1.23382176e-12
1.06742706e-12
9.20472639e-13
7.90437650e-13
6.75112359e-13
5.72607691e-13
4.81500852e-13
4.00436234e-13
3.28139640e-13
