1.61509942e-09
1.48249585e-09
1.37467573e-09
1.28537293e-09
1.21025874e-09
1.14624117e-09
1.09104910e-09
1.04292674e-09
1.00055784e-09
9.62851053e-10
9.28999751e-10
8.98316600e-10
8.70266226e-10
8.44401030e-10
8.20424237e-10
7.98047556e-10
7.76983053e-10
7.57112857e-10
7.38233430e-10
7.20268903e-10
7.03025469e-10
6.86495708e-10
6.70532917e-10
6.55093258e-10
6.40129971e-10
6.25594512e-10
6.11437632e-10
5.97610376e-10
5.84064991e-10
5.70787797e-10
5.57800721e-10
5.44981726e-10
5.32401848e-10
5.19978007e-10
5.07733739e-10
4.95616406e-10
4.83668083e-10
4.71778342e-10
4.60088073e-10
4.48446978e-10
4.36892418e-10
4.25466188e-10
4.14078758e-10
4.02757782e-10
3.91548964e-10
3.80370475e-10
3.69221310e-10
3.58185019e-10
3.47182422e-10
3.36204226e-10
3.25279270e-10
3.14432812e-10
3.03609358e-10
2.92810281e-10
2.82097740e-10
2.71427322e-10
2.60785414e-10
2.50207880e-10
2.39703791e-10
2.29237498e-10
2.18844356e-10
2.08536129e-10
1.98281504e-10
1.88137401e-10
1.78074086e-10
1.68114935e-10
1.58272674e-10
1.48550389e-10
1.38967229e-10
1.29536040e-10
1.20261624e-10
1.11179891e-10
1.02291533e-10
9.36188297e-11
8.51838248e-11
7.70083669e-11
6.91148815e-11
6.15271424e-11
5.42709423e-11
4.73745414e-11
4.08635249e-11
3.47699309e-11
2.91168679e-11
2.39365035e-11
1.92515353e-11
1.50885328e-11
1.14621213e-11
8.38217359e-12
5.85090469e-12
3.85292917e-12
2.35683580e-12
1.31055715e-12
6.43239396e-13
2.67114526e-13
8.82744024e-14
2.12454788e-14
3.32766583e-15
3.45132168e-16
5.65010452e-17
2.56059468e-17
