1.00449931e-25
1.41750969e-25
1.96248358e-25
2.68146916e-25
3.62701061e-25
4.86828991e-25
6.49848387e-25
8.63444457e-25
1.14379130e-24
1.51178098e-24
1.99504658e-24
2.63006211e-24
3.46474514e-24
4.56203740e-24
6.00489048e-24
7.90280449e-24
1.03999607e-23
1.36855744e-23
1.80080474e-23
2.36946515e-23
3.11774056e-23
4.10252522e-23
5.39848029e-23
7.10358147e-23
9.34685042e-23
1.22985749e-22
1.61830613e-22
2.12947578e-22
2.80201297e-22
3.68681450e-22
4.85106772e-22
6.38329553e-22
8.39971103e-22
1.10528068e-21
1.45433391e-21
1.91362816e-21
2.51808022e-21
3.31353828e-21
4.36016574e-21
5.73716336e-21
7.54907390e-21
9.93182707e-21
1.30705263e-20
1.72007390e-20
2.26330965e-20
2.97793638e-20
3.91836550e-20
5.15592753e-20
6.78420393e-20
8.92633790e-20
1.17448576e-19
1.54540385e-19
2.03353352e-19
2.67579492e-19
3.52075546e-19
4.63250487e-19
6.09554852e-19
8.02090903e-19
1.05542267e-18
1.38870639e-18
1.82722012e-18
2.40430045e-18
3.16375365e-18
4.16304310e-18
5.47773406e-18
7.20752819e-18
9.48392917e-18
1.24797777e-17
1.64218109e-17
2.16081596e-17
2.84321713e-17
3.74127425e-17
4.92319706e-17
6.47845056e-17
8.52462276e-17
1.12168104e-16
1.47570599e-16
1.94202774e-16
2.55568427e-16
3.36271158e-16
4.42439293e-16
5.82150358e-16
7.66015949e-16
1.00795375e-15
1.32624752e-15
1.74499427e-15
2.29593004e-15
3.02057633e-15
3.97270543e-15
5.22107061e-15
6.85190869e-15
8.97015276e-15
1.16984917e-14
1.51748334e-14
1.95440837e-14
2.49734633e-14
3.16365259e-14
3.97325342e-14
4.94970658e-14
6.12109852e-14
