1.11683412e-25
2.44343841e-25
1.18539373e-24
9.30865091e-24
5.34555546e-23
2.07288927e-22
5.97396601e-22
1.39397901e-21
2.79518641e-21
5.02495757e-21
8.32975510e-21
1.29898208e-20
1.93081079e-20
2.76575010e-20
3.84544493e-20
5.21748680e-20
6.94111640e-20
9.08028424e-20
1.17166325e-19
1.49410194e-19
1.88639504e-19
2.36115891e-19
2.93088674e-19
3.61766918e-19
4.43468612e-19
5.41384047e-19
6.57362782e-19
7.95098352e-19
9.58608435e-19
1.15195577e-18
1.37931548e-18
1.64750377e-18
1.96335654e-18
2.33481563e-18
2.77110639e-18
3.28294353e-18
3.88276977e-18
4.58503241e-18
5.40650359e-18
6.36665134e-18
7.48806903e-18
8.79697243e-18
1.03237748e-17
1.21037519e-17
1.41778112e-17
1.65933807e-17
1.94054356e-17
2.26776854e-17
2.64839429e-17
3.09097069e-17
3.60539873e-17
4.20314127e-17
4.89746627e-17
5.70372751e-17
6.63968881e-17
7.72589838e-17
8.98612162e-17
1.04478418e-16
1.21428399e-16
1.41078676e-16
1.63854289e-16
1.90246916e-16
2.20825523e-16
2.56248843e-16
2.97280074e-16
3.44804244e-16
3.99848839e-16
4.63608404e-16
5.37474058e-16
6.23069038e-16
7.21926227e-16
8.36293948e-16
9.68851472e-16
1.12260737e-15
1.30008381e-15
1.50572369e-15
1.74416826e-15
2.01969458e-15
2.33922441e-15
2.70963520e-15
3.13802300e-15
3.63489741e-15
4.21121034e-15
4.88011608e-15
5.65562281e-15
6.55746833e-15
7.60563164e-15
8.82543223e-15
1.02479613e-14
1.19091754e-14
1.38540837e-14
1.61378559e-14
1.88298141e-14
2.20192149e-14
2.58207778e-14
3.03865164e-14
3.59199648e-14
4.26965961e-14
5.11007670e-14
6.16855512e-14
