1.42648645e-21
1.86354149e-21
2.41067404e-21
3.09695654e-21
3.95670101e-21
5.03305298e-21
6.38238315e-21
8.07009178e-21
1.01864860e-20
1.28405024e-20
1.61701876e-20
2.03499269e-20
2.55987708e-20
3.21914388e-20
4.04734254e-20
5.08802938e-20
6.39603088e-20
8.04011807e-20
1.01064908e-19
1.27035299e-19
1.59678791e-19
2.00715837e-19
2.52304721e-19
3.17150042e-19
3.98650946e-19
5.01092216e-19
6.29869892e-19
7.91755787e-19
9.95237792e-19
1.25098415e-18
1.57244402e-18
1.97655808e-18
2.48458846e-18
3.12318034e-18
3.92581124e-18
4.93467690e-18
6.20293342e-18
7.79731225e-18
9.80144704e-18
1.23204105e-17
1.54866394e-17
1.94653109e-17
2.44697704e-17
3.07607580e-17
3.86659534e-17
4.86004506e-17
6.10886116e-17
7.67874650e-17
9.65203746e-17
1.21321395e-16
1.52493629e-16
1.91679245e-16
2.40940653e-16
3.02862209e-16
3.80688604e-16
4.78507848e-16
6.01472057e-16
7.56053341e-16
9.50362553e-16
1.19458185e-15
1.50153877e-15
1.88740201e-15
2.37248715e-15
2.98225427e-15
3.74865866e-15
4.71195076e-15
5.92286889e-15
7.44517864e-15
9.35880069e-15
1.17640348e-14
1.47872068e-14
1.85875761e-14
2.33653240e-14
2.93713297e-14
3.69203368e-14
4.64086332e-14
5.83311270e-14
7.33268570e-14
9.21781322e-14
1.15864691e-13
1.45632921e-13
1.83052033e-13
2.30092884e-13
2.89225613e-13
3.63548055e-13
4.56958203e-13
5.74364648e-13
7.21919060e-13
9.07265957e-13
1.13981207e-12
1.43098021e-12
1.79435154e-12
2.24561579e-12
2.80239172e-12
3.48317850e-12
4.30986451e-12
5.30515417e-12
6.49534062e-12
7.91145909e-12
9.58985101e-12
