1.47099513e-21
1.96089660e-21
2.57555328e-21
3.34543396e-21
4.30819467e-21
5.51273185e-21
7.01888880e-21
8.90241269e-21
1.12585588e-20
1.42098394e-20
1.79094651e-20
2.25509361e-20
2.83770689e-20
3.56923642e-20
4.48801881e-20
5.64242442e-20
7.09330500e-20
8.91689732e-20
1.12087375e-19
1.40890745e-19
1.77096533e-19
2.22614357e-19
2.79836698e-19
3.51760383e-19
4.42155411e-19
5.55778543e-19
6.98617887e-19
8.78179249e-19
1.10386711e-18
1.38751386e-18
1.74405203e-18
2.19228472e-18
2.75578167e-18
3.46406438e-18
4.35350337e-18
5.47268251e-18
6.87977196e-18
8.64806688e-18
1.08703786e-17
1.36633501e-17
1.71739253e-17
2.15872035e-17
2.71352769e-17
3.41087857e-17
4.28730569e-17
5.38889927e-17
6.77372859e-17
8.51462747e-17
1.07028109e-16
1.34529230e-16
1.69096044e-16
2.12551302e-16
2.67181560e-16
3.35849882e-16
4.22153246e-16
5.30628771e-16
6.66994952e-16
8.38427302e-16
1.05391101e-15
1.32473297e-15
1.66512968e-15
2.09304852e-15
2.63101490e-15
3.30723353e-15
4.15712391e-15
5.22535450e-15
6.56824563e-15
8.25650216e-15
1.03786612e-14
1.30438504e-14
1.63970971e-14
2.06129023e-14
2.59105991e-14
3.25696481e-14
4.09386846e-14
5.14571138e-14
6.46790825e-14
8.13005976e-14
1.02193289e-13
1.28451223e-13
1.61453757e-13
2.02940808e-13
2.55097965e-13
3.20661520e-13
4.03063452e-13
5.06625475e-13
6.36785628e-13
8.00330545e-13
1.00562019e-12
1.26278591e-12
1.58381503e-12
1.98236689e-12
2.47324112e-12
3.07165563e-12
3.79244856e-12
4.65022157e-12
5.65991817e-12
6.83689833e-12
8.19927938e-12
9.76880660e-12
