2.55305790e-07
2.40200706e-07
2.27895738e-07
2.17717197e-07
2.09188636e-07
2.01959257e-07
1.95761018e-07
1.90384137e-07
1.85661747e-07
1.81463786e-07
1.77681813e-07
1.74244242e-07
1.71078809e-07
1.68137558e-07
1.65383540e-07
1.62784066e-07
1.60312392e-07
1.57948146e-07
1.55677150e-07
1.53483439e-07
1.51349973e-07
1.49280211e-07
1.47248977e-07
1.45264082e-07
1.43312358e-07
1.41386888e-07
1.39484137e-07
1.37600419e-07
1.35731951e-07
1.33874905e-07
1.32025458e-07
1.30179830e-07
1.28338724e-07
1.26504750e-07
1.24665871e-07
1.22818597e-07
1.20970474e-07
1.19118789e-07
1.17250698e-07
1.15376860e-07
1.13493691e-07
1.11586938e-07
1.09679477e-07
1.07747797e-07
1.05798938e-07
1.03837005e-07
1.01843040e-07
9.98458400e-08
9.78126149e-08
9.57658027e-08
9.36901090e-08
9.15886947e-08
8.94667767e-08
8.73067104e-08
8.51353345e-08
8.29218245e-08
8.06890631e-08
7.84228224e-08
7.61219606e-08
7.38015747e-08
7.14398123e-08
6.90538035e-08
6.66383218e-08
6.41847387e-08
6.17084369e-08
5.92043397e-08
5.66673534e-08
5.41007443e-08
5.15182470e-08
4.89118601e-08
4.62840112e-08
4.36390573e-08
4.09816636e-08
3.83168527e-08
3.56500887e-08
3.29874057e-08
3.03355909e-08
2.77036088e-08
2.51060046e-08
2.25462941e-08
2.00437630e-08
1.76084712e-08
1.52583648e-08
1.30112898e-08
1.08860584e-08
8.90341346e-09
7.08492115e-09
5.45197509e-09
4.02475592e-09
2.82023307e-09
1.84873352e-09
1.11182742e-09
5.96791861e-10
2.75335232e-10
1.03776682e-10
3.01311983e-11
6.65600331e-12
1.47109860e-12
5.72672769e-13
3.53704582e-13
