2.52560924e-07
2.34854877e-07
2.20113272e-07
2.07661526e-07
1.97013749e-07
1.87810271e-07
1.79778634e-07
1.72701278e-07
1.66411774e-07
1.60767835e-07
1.55663262e-07
1.51005295e-07
1.46720889e-07
1.42747982e-07
1.39045936e-07
1.35574198e-07
1.32291198e-07
1.29181088e-07
1.26214099e-07
1.23380043e-07
1.20649773e-07
1.18023315e-07
1.15478393e-07
1.13008868e-07
1.10608019e-07
1.08268722e-07
1.05983628e-07
1.03745331e-07
1.01546518e-07
9.93853370e-08
9.72657241e-08
9.51680566e-08
9.31042167e-08
9.10608202e-08
8.90419438e-08
8.70390930e-08
8.50593975e-08
8.30846933e-08
8.11385274e-08
7.91960191e-08
7.72634744e-08
7.53480000e-08
7.34346738e-08
7.15281910e-08
6.96363375e-08
6.77453679e-08
6.58551286e-08
6.39798461e-08
6.21061269e-08
6.02323965e-08
5.83635927e-08
5.65040793e-08
5.46443649e-08
5.27846728e-08
5.09357270e-08
4.90898871e-08
4.72447847e-08
4.54066315e-08
4.35770181e-08
4.17497269e-08
3.99309148e-08
3.81226459e-08
3.63194116e-08
3.45312125e-08
3.27528060e-08
3.09883064e-08
2.92399642e-08
2.75083205e-08
2.57967809e-08
2.41076419e-08
2.24417619e-08
2.08056034e-08
1.91993121e-08
1.76269340e-08
1.60925007e-08
1.46000372e-08
1.31537047e-08
1.17579461e-08
1.04176183e-08
9.13808754e-09
7.92428587e-09
6.78242335e-09
5.71712778e-09
4.73483611e-09
3.84032809e-09
3.03927942e-09
2.33526689e-09
1.73116007e-09
1.22860197e-09
8.26060376e-10
5.19100563e-10
2.99368226e-10
1.54795371e-10
6.96684404e-11
2.64389011e-11
8.37179811e-12
2.44138158e-12
8.93826353e-13
4.89355656e-13
3.39064242e-13
