1.41997278e-25
1.15632586e-24
4.97219949e-23
9.08794182e-22
7.32703797e-21
3.47041782e-20
1.15350454e-19
2.99932329e-19
6.53648135e-19
1.25037758e-18
2.16611043e-18
3.47711584e-18
5.25663811e-18
7.57662866e-18
1.05004444e-17
1.40932881e-17
1.84252768e-17
2.35514975e-17
2.95475275e-17
3.64576612e-17
4.43746879e-17
5.33479766e-17
6.34755548e-17
7.48226840e-17
8.74600936e-17
1.01467044e-16
1.16934315e-16
1.33966979e-16
1.52686894e-16
1.73234838e-16
1.95549055e-16
2.19946982e-16
2.46479608e-16
2.75246306e-16
3.06486521e-16
3.40243769e-16
3.76749391e-16
4.16237995e-16
4.58651750e-16
5.04551585e-16
5.53807718e-16
6.06765330e-16
6.63873354e-16
7.25011483e-16
7.90586225e-16
8.61114716e-16
9.36716426e-16
1.01743714e-15
1.10408965e-15
1.19707240e-15
1.29620520e-15
1.40228748e-15
1.51598496e-15
1.63763998e-15
1.76720398e-15
1.90596947e-15
2.05458059e-15
2.21281049e-15
2.38202946e-15
2.56322460e-15
2.75625717e-15
2.96266142e-15
3.18361437e-15
3.41892453e-15
3.67102478e-15
3.94004240e-15
4.22792201e-15
4.53551634e-15
4.86479928e-15
5.21671993e-15
5.59380089e-15
5.99734426e-15
6.42970613e-15
6.89334874e-15
7.39076183e-15
7.92478972e-15
8.49866426e-15
9.11602709e-15
9.78093626e-15
1.04978519e-14
1.12724378e-14
1.21101098e-14
1.30184107e-14
1.40052142e-14
1.50807886e-14
1.62551160e-14
1.75432917e-14
1.89619489e-14
2.05304178e-14
2.22744165e-14
2.42252435e-14
2.64240312e-14
2.89207138e-14
3.17819412e-14
3.50931023e-14
3.89695786e-14
4.35652972e-14
4.90962140e-14
5.58724069e-14
6.43576941e-14
