2.05713222e-17
2.50803721e-17
3.04673187e-17
3.69158591e-17
4.46340891e-17
5.38706048e-17
6.49417640e-17
7.81791390e-17
9.40530877e-17
1.13084867e-16
1.35907604e-16
1.63286331e-16
1.96140225e-16
2.35570888e-16
2.82900482e-16
3.39719479e-16
4.07940299e-16
4.89856552e-16
5.88215688e-16
7.06315045e-16
8.48121823e-16
1.01840800e-15
1.22289830e-15
1.46845003e-15
1.76329095e-15
2.11731906e-15
2.54244239e-15
3.05295126e-15
3.66596714e-15
4.40203430e-15
5.28586823e-15
6.34720713e-15
7.62174219e-15
9.15223090e-15
1.09899643e-14
1.31966357e-14
1.58464798e-14
1.90286092e-14
2.28497912e-14
2.74380972e-14
3.29475684e-14
3.95631378e-14
4.75083879e-14
5.70494164e-14
6.85039018e-14
8.22561187e-14
9.87696324e-14
1.18599655e-13
1.42411393e-13
1.71002627e-13
2.05332737e-13
2.46556300e-13
2.96059701e-13
3.55503981e-13
4.26880788e-13
5.12584696e-13
6.15497567e-13
7.39080581e-13
8.87481124e-13
1.06567173e-12
1.27963032e-12
1.53655174e-12
1.84507868e-12
2.21556791e-12
2.66043499e-12
3.19460323e-12
3.83603425e-12
4.60630784e-12
5.53128659e-12
6.64197232e-12
7.97562544e-12
9.57709437e-12
1.15002688e-11
1.38097336e-11
1.65828902e-11
1.99127421e-11
2.39109827e-11
2.87127279e-11
3.44789429e-11
4.14012592e-11
4.97125026e-11
5.96923946e-11
7.16766824e-11
8.60677745e-11
1.03347858e-10
1.24096095e-10
1.49009101e-10
1.78922643e-10
2.14833847e-10
2.57924898e-10
3.09587121e-10
3.71439643e-10
4.45337792e-10
5.33376967e-10
6.37763610e-10
7.61213695e-10
9.06540320e-10
1.07703160e-09
1.27654251e-09
1.50956863e-09
