5.27115428e-33
6.65508015e-33
8.30615725e-33
1.02858860e-32
1.26612314e-32
1.54984143e-32
1.88867226e-32
2.29374870e-32
2.77734451e-32
3.35406450e-32
4.04173096e-32
4.86193681e-32
5.84077181e-32
7.00974941e-32
8.40287932e-32
1.00651018e-31
1.20532275e-31
1.44233792e-31
1.72557939e-31
2.06439959e-31
2.46815785e-31
2.95159405e-31
3.52836284e-31
4.21797351e-31
5.04292303e-31
6.02722031e-31
7.20541568e-31
8.61244178e-31
1.02953020e-30
1.23059275e-30
1.47075292e-30
1.75837164e-30
2.10123851e-30
2.51205595e-30
3.00235949e-30
3.58875149e-30
4.29003522e-30
5.12689376e-30
6.12901135e-30
7.32462371e-30
8.75590815e-30
1.04657591e-29
1.25089995e-29
1.49549412e-29
1.78711033e-29
2.13645974e-29
2.55322731e-29
3.05190819e-29
3.64822616e-29
4.36022903e-29
5.21326871e-29
6.22979075e-29
7.44725630e-29
8.90092546e-29
1.06385763e-28
1.27182693e-28
1.51991770e-28
1.81717868e-28
2.17167741e-28
2.59591907e-28
3.10290900e-28
3.70836336e-28
4.43360961e-28
5.29799833e-28
6.33368807e-28
7.57000902e-28
9.04836170e-28
1.08167011e-27
1.29265157e-27
1.54523543e-27
1.84676546e-27
2.20759973e-27
2.63874087e-27
3.15386045e-27
3.77061838e-27
4.50581174e-27
5.38652307e-27
6.43732276e-27
7.69427961e-27
9.19724722e-27
1.09906182e-26
1.31366734e-26
1.56917171e-26
1.87420305e-26
2.23695930e-26
2.66753538e-26
3.17826895e-26
3.77910596e-26
4.48573671e-26
5.31185525e-26
6.27144000e-26
7.38084068e-26
8.65676408e-26
1.01157107e-25
1.17790517e-25
1.36648604e-25
1.57972447e-25
1.82010283e-25
2.09070542e-25
2.39506154e-25
