1.62533243e+08
1.71339807e+08
1.80743335e+08
1.90791472e+08
2.01548860e+08
2.13046786e+08
2.25355094e+08
2.38542505e+08
2.52591509e+08
2.67609887e+08
2.83643195e+08
3.00751030e+08
3.18916397e+08
3.38283218e+08
3.58918490e+08
3.80784672e+08
4.04062562e+08
4.28782021e+08
4.55005628e+08
4.82909350e+08
5.12428979e+08
5.43833757e+08
5.77126627e+08
6.12466040e+08
6.50010872e+08
6.89777229e+08
7.32079287e+08
7.76864772e+08
8.24463334e+08
8.74964692e+08
9.28523381e+08
9.85502476e+08
1.04573963e+09
1.10984933e+09
1.17777956e+09
1.24991732e+09
1.32651805e+09
1.40768887e+09
1.49403567e+09
1.58540710e+09
1.68256713e+09
1.78560278e+09
1.89493211e+09
2.01125439e+09
2.13414383e+09
2.26500775e+09
2.40359994e+09
2.55085102e+09
2.70713628e+09
2.87283043e+09
3.04909447e+09
3.23551573e+09
3.43384072e+09
3.64405390e+09
3.86720975e+09
4.10425917e+09
4.35536543e+09
4.62248388e+09
4.90524872e+09
5.20581293e+09
5.52466757e+09
5.86286866e+09
6.22267683e+09
6.60300030e+09
7.00783259e+09
7.43674586e+09
7.89228416e+09
8.37596428e+09
8.88857075e+09
9.43388228e+09
1.00109205e+10
1.06246060e+10
1.12754598e+10
1.19661986e+10
1.27012195e+10
1.34781182e+10
1.43055792e+10
1.51826686e+10
1.61148084e+10
1.71056772e+10
1.81565826e+10
1.92755036e+10
2.04634731e+10
2.17269784e+10
2.30730076e+10
2.45037071e+10
2.60276754e+10
2.76526291e+10
2.93855831e+10
3.12342636e+10
3.32073719e+10
3.53148542e+10
3.75679964e+10
3.99794988e+10
4.25590080e+10
4.53224092e+10
4.82843299e+10
5.14599279e+10
5.48708012e+10
5.85398758e+10
