3.18421625e-21
3.00659949e-21
2.85645922e-21
2.72808390e-21
2.61719847e-21
2.52050507e-21
2.43541481e-21
2.35981510e-21
2.29202188e-21
2.23065764e-21
2.17461033e-21
2.12300165e-21
2.07510664e-21
2.03032740e-21
1.98816886e-21
1.94828876e-21
1.91035766e-21
1.87404100e-21
1.83918660e-21
1.80559763e-21
1.77308552e-21
1.74149904e-21
1.71072639e-21
1.68071503e-21
1.65132220e-21
1.62247956e-21
1.59416081e-21
1.56624816e-21
1.53865708e-21
1.51147124e-21
1.48447713e-21
1.45780845e-21
1.43128502e-21
1.40492844e-21
1.37875798e-21
1.35267449e-21
1.32666246e-21
1.30070637e-21
1.27482865e-21
1.24898522e-21
1.22314375e-21
1.19729067e-21
1.17141303e-21
1.14549858e-21
1.11953584e-21
1.09351420e-21
1.06742395e-21
1.04125638e-21
1.01500382e-21
9.88659687e-22
9.62218513e-22
9.35676012e-22
9.09029099e-22
8.82275922e-22
8.55415897e-22
8.28449741e-22
8.01379503e-22
7.74208610e-22
7.46941920e-22
7.19585786e-22
6.92148146e-22
6.64638639e-22
6.37082479e-22
6.09509085e-22
5.81907804e-22
5.54296312e-22
5.26695083e-22
4.99174100e-22
4.71731693e-22
4.44381789e-22
4.17228759e-22
3.90241275e-22
3.63533744e-22
3.37113428e-22
3.11051834e-22
2.85424787e-22
2.60298588e-22
2.35749614e-22
2.11867600e-22
1.88739365e-22
1.66467274e-22
1.45158735e-22
1.24926389e-22
1.05887438e-22
8.81663097e-23
7.18816583e-23
5.71524299e-23
4.40888759e-23
3.27793141e-23
2.32854702e-23
1.56210877e-23
9.74308357e-24
5.52891235e-24
2.76979208e-24
1.17382599e-24
3.96480418e-25
9.93034847e-26
1.82876690e-26
3.77001801e-27
1.59992137e-27
