5.80840251e-33
9.56514785e-33
2.11897660e-32
6.31007754e-32
1.93756348e-31
5.20511406e-31
1.19595211e-30
2.40251821e-30
4.33555294e-30
7.19021619e-30
1.11577033e-29
1.64167685e-29
2.31483514e-29
3.15238899e-29
4.17228368e-29
5.39130765e-29
6.82661848e-29
8.50027826e-29
1.04294288e-28
1.26338516e-28
1.51380537e-28
1.79668923e-28
2.11457806e-28
2.46964288e-28
2.86536001e-28
3.30490015e-28
3.79061748e-28
4.32709970e-28
4.91898331e-28
5.56781365e-28
6.28138712e-28
7.06073311e-28
7.91468722e-28
8.84652659e-28
9.86162935e-28
1.09683820e-27
1.21734492e-27
1.34836658e-27
1.49040862e-27
1.64459795e-27
1.81182980e-27
1.99306713e-27
2.18934573e-27
2.40177968e-27
2.63156710e-27
2.87999624e-27
3.14845201e-27
3.43842296e-27
3.75150877e-27
4.08942840e-27
4.45402895e-27
4.84729535e-27
5.27136107e-27
5.72851992e-27
6.22123928e-27
6.75217481e-27
7.32418694e-27
7.94035949e-27
8.60402055e-27
9.31876601e-27
1.00884860e-26
1.09173945e-26
1.18089475e-26
1.27687247e-26
1.38022612e-26
1.49154022e-26
1.61145237e-26
1.74036854e-26
1.87927618e-26
2.02895653e-26
2.19000647e-26
2.36368187e-26
2.55066927e-26
2.75228624e-26
2.96971423e-26
3.20421359e-26
3.45721266e-26
3.73035457e-26
4.02540237e-26
4.34437611e-26
4.68944451e-26
5.06307178e-26
5.46803942e-26
5.90752297e-26
6.38504596e-26
6.90482842e-26
7.47166857e-26
8.09107129e-26
8.76969422e-26
9.51528759e-26
1.03375992e-25
1.12478159e-25
1.22601076e-25
1.33917002e-25
1.46641939e-25
1.61041011e-25
1.77451010e-25
1.96294880e-25
2.18119666e-25
2.43645431e-25
