1.35643127e-27
1.97972393e-27
3.45962637e-27
7.63485123e-27
1.89415152e-26
4.52547889e-26
9.75930737e-26
1.88945440e-25
3.32937134e-25
5.42782717e-25
8.30509856e-25
1.20697438e-24
1.68181979e-24
2.26350426e-24
2.95973643e-24
3.77705413e-24
4.72228901e-24
5.80096024e-24
7.01928420e-24
8.38320597e-24
9.89689594e-24
1.15685986e-23
1.34034410e-23
1.54063785e-23
1.75834622e-23
1.99421703e-23
2.24916581e-23
2.52335597e-23
2.81812896e-23
3.13357071e-23
3.47129353e-23
3.83173438e-23
4.21532425e-23
4.62360144e-23
5.05747360e-23
5.51791498e-23
6.00597072e-23
6.52276002e-23
7.06947813e-23
7.64739746e-23
8.25786777e-23
8.90231574e-23
9.58224394e-23
1.02980062e-22
1.10521880e-22
1.18466305e-22
1.26831578e-22
1.35636699e-22
1.44889957e-22
1.54614830e-22
1.64841023e-22
1.75591248e-22
1.86889165e-22
1.98742573e-22
2.11192684e-22
2.24269831e-22
2.38003005e-22
2.52422778e-22
2.67557539e-22
2.83439183e-22
3.00113730e-22
3.17620504e-22
3.36001578e-22
3.55302070e-22
3.75570456e-22
3.96858866e-22
4.19223365e-22
4.42724197e-22
4.67425231e-22
4.93394219e-22
5.20711124e-22
5.49455769e-22
5.79720666e-22
6.11596807e-22
6.45202840e-22
6.80645924e-22
7.18058450e-22
7.57589004e-22
7.99400738e-22
8.43668510e-22
8.90590865e-22
9.40411486e-22
9.93388935e-22
1.04982371e-21
1.11006788e-21
1.17451827e-21
1.24366416e-21
1.31805171e-21
1.39834877e-21
1.48534604e-21
1.58002467e-21
1.68353249e-21
1.79727542e-21
1.92296334e-21
2.06270491e-21
2.21907174e-21
2.39524303e-21
2.59521763e-21
2.82408536e-21
3.08847388e-21
