2.56235711e-25
2.39171623e-25
2.22382775e-25
2.05822588e-25
1.89473669e-25
1.73398282e-25
1.57655742e-25
1.42317696e-25
1.27568581e-25
1.13459470e-25
1.00115141e-25
8.76250905e-26
7.61702538e-26
6.57111406e-26
5.63018198e-26
4.79857829e-26
4.06863360e-26
3.43625573e-26
2.89378548e-26
2.43044013e-26
2.03935741e-26
1.70861943e-26
1.43083589e-26
1.19768995e-26
1.00212688e-26
8.38701590e-27
7.01601456e-27
5.87152276e-27
4.91233971e-27
4.10997229e-27
3.43901298e-27
2.87533349e-27
2.40736878e-27
2.01385280e-27
1.68514935e-27
1.40993033e-27
1.17953038e-27
9.87028068e-28
8.25586820e-28
6.90905794e-28
5.77994283e-28
4.83605881e-28
4.04645296e-28
3.38175953e-28
2.83266968e-28
2.36948131e-28
1.98273841e-28
1.65876546e-28
1.38771814e-28
1.16117507e-28
9.71125271e-29
8.12818467e-29
6.79949576e-29
5.68919824e-29
4.75991474e-29
3.98179317e-29
3.33202010e-29
2.78715830e-29
2.33246817e-29
1.95138664e-29
1.63265986e-29
1.36610176e-29
1.14205450e-29
9.56276687e-30
7.99941182e-30
6.69368998e-30
5.60029890e-30
4.68505515e-30
3.92026053e-30
3.27885965e-30
2.74378651e-30
2.29514042e-30
1.92007019e-30
1.60625477e-30
1.34214403e-30
1.12370000e-30
9.39478500e-31
7.85532172e-31
6.56539919e-31
5.48458105e-31
4.58094499e-31
3.82249300e-31
3.18772693e-31
2.65546641e-31
2.20854626e-31
1.83419907e-31
1.52000887e-31
1.25616804e-31
1.03469401e-31
8.48849396e-32
6.92963670e-32
5.62284512e-32
4.52850638e-32
3.61209159e-32
2.85201118e-32
2.21981799e-32
1.69795697e-32
1.27048013e-32
9.23015422e-33
6.42163023e-33
