3.00949414e-22
3.60612471e-22
4.43358229e-22
5.64008872e-22
7.46525035e-22
1.02415783e-21
1.43653855e-21
2.02582457e-21
2.83359656e-21
3.89889245e-21
5.25872447e-21
6.94608182e-21
8.99507836e-21
1.14370744e-20
1.43058602e-20
1.76318858e-20
2.14466561e-20
2.57941937e-20
3.07050425e-20
3.62163447e-20
4.23763753e-20
4.92332761e-20
5.68356950e-20
6.52228623e-20
7.44641130e-20
8.46203218e-20
9.57328505e-20
1.07893353e-19
1.21192757e-19
1.35651787e-19
1.51429584e-19
1.68533916e-19
1.87143219e-19
2.07312507e-19
2.29141773e-19
2.52793948e-19
2.78392934e-19
3.06064740e-19
3.35896657e-19
3.68104941e-19
4.02854686e-19
4.40323017e-19
4.80699950e-19
5.24189296e-19
5.71009598e-19
6.21395136e-19
6.75596983e-19
7.33884130e-19
7.96544699e-19
8.63887246e-19
9.36242177e-19
1.01396330e-18
1.09742953e-18
1.18704678e-18
1.28325003e-18
1.38650572e-18
1.49731432e-18
1.61621330e-18
1.74378045e-18
1.88063754e-18
2.02745450e-18
2.18495403e-18
2.35370607e-18
2.53467291e-18
2.72879491e-18
2.93705687e-18
3.16052773e-18
3.39983092e-18
3.65665305e-18
3.93227418e-18
4.22761486e-18
4.54477935e-18
4.88480018e-18
5.24982764e-18
5.64172312e-18
6.06244708e-18
6.51421170e-18
6.99955270e-18
7.52114783e-18
8.08204550e-18
8.68545557e-18
9.33498624e-18
1.00346531e-17
1.07889759e-17
1.16028555e-17
1.24821109e-17
1.34331979e-17
1.44633318e-17
1.55811006e-17
1.67961888e-17
1.81206202e-17
1.95675392e-17
2.11532813e-17
2.28969146e-17
2.48215467e-17
2.69541454e-17
2.93275397e-17
3.19805462e-17
3.49604818e-17
3.83255034e-17
