7.88906239e-05
7.72309013e-05
7.55602086e-05
7.38739336e-05
7.21710982e-05
7.04518067e-05
6.87244942e-05
6.69891890e-05
6.52518079e-05
6.35174713e-05
6.17926007e-05
6.00828238e-05
5.83970211e-05
5.67386006e-05
5.51100673e-05
5.35192739e-05
5.19657519e-05
5.04511490e-05
4.89791979e-05
4.75459632e-05
4.61556699e-05
4.48042362e-05
4.34922339e-05
4.22192039e-05
4.09809015e-05
3.97827203e-05
3.86169594e-05
3.74863748e-05
3.63885434e-05
3.53223766e-05
3.42886150e-05
3.32835643e-05
3.23096798e-05
3.13631251e-05
3.04445989e-05
2.95531663e-05
2.86855329e-05
2.78475443e-05
2.70314677e-05
2.62402812e-05
2.54717379e-05
2.47255265e-05
2.40017056e-05
2.32979781e-05
2.26163231e-05
2.19536454e-05
2.13108368e-05
2.06867934e-05
2.00805544e-05
1.94928400e-05
1.89214315e-05
1.83676293e-05
1.78295609e-05
1.73073445e-05
1.68006901e-05
1.63078474e-05
1.58310858e-05
1.53671710e-05
1.49172710e-05
1.44803867e-05
1.40561176e-05
1.36447279e-05
1.32447645e-05
1.28572161e-05
1.24805290e-05
1.21150036e-05
1.17602435e-05
1.14149307e-05
1.10814498e-05
1.07566535e-05
1.04417493e-05
1.01358312e-05
9.83876444e-06
9.55056451e-06
9.27030540e-06
8.99871687e-06
8.73459902e-06
8.47818857e-06
8.22910736e-06
7.98654746e-06
7.75159010e-06
7.52255524e-06
7.29978680e-06
7.08296331e-06
6.87152654e-06
6.66551213e-06
6.46443447e-06
6.26788697e-06
6.07561914e-06
5.88732780e-06
5.70276491e-06
5.52177601e-06
5.34381490e-06
5.16871303e-06
4.99623027e-06
4.82617675e-06
4.65842004e-06
4.49256439e-06
4.32838468e-06
4.16486179e-06
