3.02155017e-22
3.52890445e-22
4.09400957e-22
4.72700794e-22
5.43529658e-22
6.22943658e-22
7.11921915e-22
8.11432059e-22
9.22903477e-22
1.04780121e-21
1.18778009e-21
1.34474188e-21
1.52081697e-21
1.71825063e-21
1.93995185e-21
2.18913830e-21
2.46900035e-21
2.78373133e-21
3.13796437e-21
3.53607667e-21
3.98439596e-21
4.48881463e-21
5.05657700e-21
5.69615642e-21
6.41572855e-21
7.22671278e-21
8.13952094e-21
9.16775100e-21
1.03258791e-20
1.16294483e-20
1.30978455e-20
1.47517856e-20
1.66149791e-20
1.87131102e-20
2.10761457e-20
2.37388282e-20
2.67351622e-20
3.01121963e-20
3.39129149e-20
3.81951682e-20
4.30187632e-20
4.84499088e-20
5.45718769e-20
6.14592123e-20
6.92215759e-20
7.79602365e-20
8.78028119e-20
9.88928502e-20
1.11376375e-19
1.25428355e-19
1.41285816e-19
1.59130757e-19
1.79226146e-19
2.01852108e-19
2.27351689e-19
2.56045250e-19
2.88389664e-19
3.24802390e-19
3.65820619e-19
4.12025973e-19
4.64033438e-19
5.22605846e-19
5.88608564e-19
6.62945527e-19
7.46659692e-19
8.40940679e-19
9.47181765e-19
1.06673191e-18
1.20147127e-18
1.35311963e-18
1.52397451e-18
1.71643407e-18
1.93312805e-18
2.17736273e-18
2.45219042e-18
2.76189686e-18
3.11055938e-18
3.50323133e-18
3.94563293e-18
4.44348851e-18
5.00352644e-18
5.63523453e-18
6.34488366e-18
7.14205028e-18
8.03594606e-18
9.03673068e-18
1.01542969e-17
1.13979938e-17
1.27768486e-17
1.42984381e-17
1.59702522e-17
1.77980047e-17
1.97867869e-17
2.19403547e-17
2.42653318e-17
2.67636803e-17
2.94421214e-17
3.23052884e-17
3.53659497e-17
3.86375119e-17
