6.26330413e-09
6.06375768e-09
5.88702153e-09
5.72965403e-09
5.58881479e-09
5.46209454e-09
5.34743360e-09
5.24299064e-09
5.14720185e-09
5.05870407e-09
4.97634256e-09
4.89917653e-09
4.82639762e-09
4.75731601e-09
4.69134271e-09
4.62808487e-09
4.56713828e-09
4.50806128e-09
4.45068623e-09
4.39475806e-09
4.34002009e-09
4.28626522e-09
4.23334340e-09
4.18119997e-09
4.12961742e-09
4.07850085e-09
4.02782636e-09
3.97740226e-09
3.92708993e-09
3.87705611e-09
3.82691887e-09
3.77693568e-09
3.72677695e-09
3.67648766e-09
3.62610994e-09
3.57545625e-09
3.52449698e-09
3.47320147e-09
3.42161396e-09
3.36964596e-09
3.31722979e-09
3.26433403e-09
3.21092747e-09
3.15697929e-09
3.10245931e-09
3.04733811e-09
2.99158727e-09
2.93517945e-09
2.87808866e-09
2.82029028e-09
2.76176130e-09
2.70248038e-09
2.64242803e-09
2.58158666e-09
2.51994075e-09
2.45747693e-09
2.39418410e-09
2.33005359e-09
2.26507931e-09
2.19925792e-09
2.13258908e-09
2.06507579e-09
1.99675895e-09
1.92769058e-09
1.85782156e-09
1.78717197e-09
1.71576814e-09
1.64376575e-09
1.57113450e-09
1.49788182e-09
1.42425897e-09
1.35015120e-09
1.27584157e-09
1.20131930e-09
1.12675242e-09
1.05232491e-09
9.78196369e-10
9.04558640e-10
8.31648041e-10
7.59697769e-10
6.88996179e-10
6.19857780e-10
5.52626845e-10
4.87679230e-10
4.25437551e-10
3.66333364e-10
3.10836986e-10
2.59438191e-10
2.12610190e-10
1.70809243e-10
1.34405795e-10
1.03665852e-10
7.86564935e-11
5.91948860e-11
4.47904964e-11
3.46513071e-11
2.77851787e-11
2.31807943e-11
2.00103358e-11
1.77231937e-11
