2.55161883e-25
2.39751118e-25
2.26841358e-25
2.15887023e-25
2.06486755e-25
1.98335821e-25
1.91198320e-25
1.84884447e-25
1.79244449e-25
1.74157055e-25
1.69525115e-25
1.65272307e-25
1.61336027e-25
1.57664921e-25
1.54216665e-25
1.50961875e-25
1.47872531e-25
1.44920480e-25
1.42092601e-25
1.39372292e-25
1.36743754e-25
1.34194324e-25
1.31714610e-25
1.29300055e-25
1.26938895e-25
1.24625406e-25
1.22357271e-25
1.20124876e-25
1.17921320e-25
1.15753146e-25
1.13603211e-25
1.11482064e-25
1.09375285e-25
1.07284523e-25
1.05211239e-25
1.03147520e-25
1.01092100e-25
9.90437210e-26
9.70041187e-26
9.49697884e-26
9.29381670e-26
9.09081771e-26
8.88787948e-26
8.68490563e-26
8.48180642e-26
8.27849932e-26
8.07490942e-26
7.87096997e-26
7.66662267e-26
7.46181812e-26
7.25651599e-26
7.05068540e-26
6.84430506e-26
6.63736356e-26
6.42985950e-26
6.22180174e-26
6.01320967e-26
5.80411342e-26
5.59455431e-26
5.38458528e-26
5.17427155e-26
4.96369146e-26
4.75304244e-26
4.54255346e-26
4.33214762e-26
4.12196463e-26
3.91216547e-26
3.70328654e-26
3.49531943e-26
3.28837473e-26
3.08324634e-26
2.87970170e-26
2.67860767e-26
2.48002216e-26
2.28448609e-26
2.09257068e-26
1.90477387e-26
1.72166712e-26
1.54391897e-26
1.37217328e-26
1.20718592e-26
1.04974561e-26
9.00674481e-27
7.60821824e-27
6.31082159e-27
5.12298068e-27
4.05302716e-27
3.10851623e-27
2.29524195e-27
1.61687712e-27
1.07342028e-27
6.60566761e-28
3.68145386e-28
1.79761528e-28
7.32459985e-29
2.31229504e-29
5.03974407e-30
6.41561270e-31
4.80053610e-32
8.13319029e-33
