7.21281831e-17
8.22709480e-17
9.52718290e-17
1.12454593e-16
1.35766562e-16
1.67747622e-16
2.11302146e-16
2.69395329e-16
3.44821275e-16
4.40062232e-16
5.57179712e-16
6.97947917e-16
8.63866302e-16
1.05617978e-15
1.27601783e-15
1.52424862e-15
1.80191376e-15
2.10972632e-15
2.44864946e-15
2.81959383e-15
3.22301919e-15
3.66048576e-15
4.13272131e-15
4.64042750e-15
5.18459227e-15
5.76654979e-15
6.38802027e-15
7.04888532e-15
7.75186523e-15
8.49665677e-15
9.28655602e-15
1.01220599e-14
1.10036664e-14
1.19343997e-14
1.29157959e-14
1.39495211e-14
1.50373769e-14
1.61813030e-14
1.73833775e-14
1.86458154e-14
1.99709657e-14
2.13613063e-14
2.28194390e-14
2.43454827e-14
2.59442898e-14
2.76190572e-14
2.93728930e-14
3.12090133e-14
3.31283652e-14
3.51350163e-14
3.72342386e-14
3.94297828e-14
4.17255272e-14
4.41220827e-14
4.66267596e-14
4.92445568e-14
5.19801108e-14
5.48382800e-14
5.78233953e-14
6.09403833e-14
6.41968158e-14
6.75988038e-14
7.11528479e-14
7.48658794e-14
7.87452993e-14
8.27990136e-14
8.70354614e-14
9.14636330e-14
9.60929349e-14
1.00933208e-13
1.05996234e-13
1.11293380e-13
1.16837926e-13
1.22642389e-13
1.28723761e-13
1.35096304e-13
1.41778103e-13
1.48789263e-13
1.56151456e-13
1.63887239e-13
1.72021945e-13
1.80587069e-13
1.89614636e-13
1.99141444e-13
2.09210075e-13
2.19867042e-13
2.31169747e-13
2.43179412e-13
2.55970159e-13
2.69627124e-13
2.84254478e-13
2.99968297e-13
3.16906414e-13
3.35229591e-13
3.55128000e-13
3.76820549e-13
4.00562013e-13
4.26653294e-13
4.55450456e-13
4.87382883e-13
