1.30233859e-27
1.75063535e-27
2.57703366e-27
4.31521404e-27
8.08083093e-27
1.56899760e-26
2.95421291e-26
5.23711870e-26
8.70064405e-26
1.36202815e-25
2.02616686e-25
2.88686647e-25
3.96885614e-25
5.29530343e-25
6.89061810e-25
8.77734931e-25
1.09785982e-24
1.35248583e-24
1.64389703e-24
1.97477141e-24
2.34847955e-24
2.76842071e-24
3.23805596e-24
3.76028463e-24
4.33990735e-24
4.98124483e-24
5.68740933e-24
6.46473931e-24
7.31959880e-24
8.25386725e-24
9.27840155e-24
1.03942984e-23
1.16138131e-23
1.29412049e-23
1.43837108e-23
1.59527968e-23
1.76574296e-23
1.95067757e-23
2.15074575e-23
2.36748084e-23
2.60208316e-23
2.85584248e-23
3.13014459e-23
3.42647838e-23
3.74644311e-23
4.09175631e-23
4.46426204e-23
4.86593977e-23
5.29891398e-23
5.76546441e-23
6.26803736e-23
6.80925793e-23
7.39194358e-23
8.01911909e-23
8.69403326e-23
9.42017747e-23
1.02013066e-22
1.10414624e-22
1.19449999e-22
1.29166171e-22
1.39613879e-22
1.50847997e-22
1.62912866e-22
1.75881281e-22
1.89825038e-22
2.04819708e-22
2.20947559e-22
2.38259289e-22
2.56883195e-22
2.76919169e-22
2.98441815e-22
3.21613054e-22
3.46517873e-22
3.73324395e-22
4.02181346e-22
4.33246589e-22
4.66698704e-22
5.02742800e-22
5.41597596e-22
5.83513025e-22
6.28755401e-22
6.77626022e-22
7.30463085e-22
7.87650528e-22
8.49610582e-22
9.16847090e-22
9.89927510e-22
1.06949629e-21
1.15632779e-21
1.25131243e-21
1.35556382e-21
1.47033657e-21
1.59720680e-21
1.73805999e-21
1.89522716e-21
2.07151205e-21
2.27041253e-21
2.49621391e-21
2.75432180e-21
3.05164798e-21
