5.42432839e-33
6.98614318e-33
8.85617333e-33
1.11019575e-32
1.37985477e-32
1.70276827e-32
2.08907569e-32
2.54982452e-32
3.09997178e-32
3.75609665e-32
4.53834578e-32
5.47104883e-32
6.58353824e-32
7.90992372e-32
9.49001692e-32
1.13771223e-31
1.36302091e-31
1.63168384e-31
1.95293942e-31
2.33624212e-31
2.79413719e-31
3.34160486e-31
3.99469975e-31
4.77634826e-31
5.70938180e-31
6.82525431e-31
8.15931485e-31
9.75228569e-31
1.16582103e-30
1.39332593e-30
1.66551342e-30
1.99068926e-30
2.37938723e-30
2.84446408e-30
3.39954083e-30
4.06400345e-30
4.85700052e-30
5.80548604e-30
6.93923044e-30
8.29357824e-30
9.91505526e-30
1.18492739e-29
1.41647032e-29
1.69298014e-29
2.02350514e-29
2.41881098e-29
2.89073509e-29
3.45489386e-29
4.13014351e-29
4.93708802e-29
5.90143069e-29
7.05349246e-29
8.43215342e-29
1.00768769e-28
1.20458831e-28
1.43971868e-28
1.72091210e-28
2.05717343e-28
2.45866775e-28
2.93888556e-28
3.51256956e-28
4.19864667e-28
5.01837678e-28
5.99813939e-28
7.17055258e-28
8.56972168e-28
1.02446188e-27
1.22437054e-27
1.46345280e-27
1.74925732e-27
2.09063974e-27
2.49939048e-27
2.98694490e-27
3.57058640e-27
4.26763912e-27
5.10076849e-27
6.09723006e-27
7.28659003e-27
8.70767805e-27
1.04089014e-26
1.24395318e-26
1.48627624e-26
1.77496440e-26
2.11895200e-26
2.52646269e-26
3.00924735e-26
3.57779053e-26
4.24404347e-26
5.02083824e-26
5.91929106e-26
6.95177212e-26
8.13015417e-26
9.46570051e-26
1.09694374e-25
1.26542278e-25
1.45310638e-25
1.66142561e-25
1.89184081e-25
2.14629667e-25
2.42712586e-25
