3.08906878e-22
3.86426953e-22
5.10228165e-22
7.27553059e-22
1.12784382e-21
1.84923237e-21
3.06896942e-21
4.98395106e-21
7.79186824e-21
1.16778644e-20
1.68049547e-20
2.33171629e-20
3.13398920e-20
4.09809454e-20
5.23379022e-20
6.54911665e-20
8.05274383e-20
9.75136507e-20
1.16528735e-19
1.37647871e-19
1.60919419e-19
1.86454684e-19
2.14317017e-19
2.44567533e-19
2.77284066e-19
3.12565657e-19
3.50535805e-19
3.91205850e-19
4.34761814e-19
4.81203509e-19
5.30755321e-19
5.83467996e-19
6.39391691e-19
6.98737515e-19
7.61623674e-19
8.28177474e-19
8.98535844e-19
9.72845671e-19
1.05126399e-18
1.13395805e-18
1.22110520e-18
1.31289278e-18
1.40951788e-18
1.51101375e-18
1.61772939e-18
1.72990646e-18
1.84778273e-18
1.97160531e-18
2.10146963e-18
2.23768341e-18
2.38063941e-18
2.53063024e-18
2.68795990e-18
2.85271024e-18
3.02542579e-18
3.20649684e-18
3.39629240e-18
3.59520063e-18
3.80357687e-18
4.02182191e-18
4.25052696e-18
4.49018699e-18
4.74133035e-18
5.00452240e-18
5.28036905e-18
5.56952019e-18
5.87267278e-18
6.19057322e-18
6.52400896e-18
6.87381107e-18
7.24096490e-18
7.62644225e-18
8.03137199e-18
8.45684784e-18
8.90431547e-18
9.37504732e-18
9.87062874e-18
1.03928323e-17
1.09435910e-17
1.15249546e-17
1.21392407e-17
1.27893040e-17
1.34781279e-17
1.42091634e-17
1.49864332e-17
1.58144195e-17
1.66986440e-17
1.76451695e-17
1.86613744e-17
1.97558921e-17
2.09393663e-17
2.22240223e-17
2.36246437e-17
2.51589104e-17
2.68482531e-17
2.87182111e-17
3.07995903e-17
3.31301382e-17
3.57564706e-17
3.87373457e-17
