6.23095155e-09
5.99856748e-09
5.78899109e-09
5.59909504e-09
5.42627184e-09
5.26830314e-09
5.12325534e-09
4.98942292e-09
4.86531370e-09
4.74963425e-09
4.64120180e-09
4.53910048e-09
4.44244023e-09
4.35050230e-09
4.26268959e-09
4.17848851e-09
4.09741363e-09
4.01915563e-09
3.94332318e-09
3.86963520e-09
3.79792052e-09
3.72784954e-09
3.65927634e-09
3.59207321e-09
3.52609203e-09
3.46117022e-09
3.39713661e-09
3.33405524e-09
3.27163473e-09
3.21000257e-09
3.14889635e-09
3.08829051e-09
3.02827457e-09
2.96865507e-09
2.90939693e-09
2.85046428e-09
2.79182119e-09
2.73343234e-09
2.67526364e-09
2.61728275e-09
2.55945958e-09
2.50176671e-09
2.44422261e-09
2.38682259e-09
2.32949282e-09
2.27221615e-09
2.21497917e-09
2.15777221e-09
2.10070342e-09
2.04365114e-09
1.98661143e-09
1.92958676e-09
1.87260815e-09
1.81572370e-09
1.75886574e-09
1.70204768e-09
1.64528550e-09
1.58859754e-09
1.53204395e-09
1.47560031e-09
1.41928500e-09
1.36312559e-09
1.30715191e-09
1.25139625e-09
1.19589362e-09
1.14068225e-09
1.08580410e-09
1.03130565e-09
9.77238753e-10
9.23666695e-10
8.70642507e-10
8.18236984e-10
7.66520275e-10
7.15580832e-10
6.65492311e-10
6.16363561e-10
5.68292742e-10
5.21385160e-10
4.75758573e-10
4.31547777e-10
3.88895826e-10
3.47931757e-10
3.08817647e-10
2.71713168e-10
2.36783770e-10
2.04200957e-10
1.74122302e-10
1.46714568e-10
1.22111900e-10
1.00423349e-10
8.17076964e-11
6.59578869e-11
5.30861231e-11
4.28955790e-11
3.50822624e-11
2.92513553e-11
2.49603692e-11
2.17849831e-11
1.93801059e-11
1.75037193e-11
