7.89575354e-05
7.75120052e-05
7.61974939e-05
7.49989502e-05
7.39030785e-05
7.28977491e-05
7.19718839e-05
7.11147912e-05
7.03169470e-05
6.95696221e-05
6.88651485e-05
6.81971445e-05
6.75599523e-05
6.69486130e-05
6.63587867e-05
6.57876821e-05
6.52322523e-05
6.46889577e-05
6.41566613e-05
6.36333457e-05
6.31168953e-05
6.26055870e-05
6.20981832e-05
6.15943265e-05
6.10920519e-05
6.05905379e-05
6.00896408e-05
5.95875340e-05
5.90828701e-05
5.85773587e-05
5.80671560e-05
5.75548843e-05
5.70371608e-05
5.65144147e-05
5.59870591e-05
5.54530902e-05
5.49121316e-05
5.43637871e-05
5.38084601e-05
5.32451230e-05
5.26729492e-05
5.20914906e-05
5.15002903e-05
5.08988849e-05
5.02868063e-05
4.96635837e-05
4.90287449e-05
4.83818186e-05
4.77223358e-05
4.70498311e-05
4.63638446e-05
4.56639227e-05
4.49496198e-05
4.42204994e-05
4.34761350e-05
4.27161112e-05
4.19400252e-05
4.11474874e-05
4.03381235e-05
3.95115755e-05
3.86675048e-05
3.78055946e-05
3.69259969e-05
3.60290008e-05
3.51135595e-05
3.41794885e-05
3.32266591e-05
3.22566614e-05
3.12685757e-05
3.02619313e-05
2.92395985e-05
2.81993574e-05
2.71445099e-05
2.60741994e-05
2.49900639e-05
2.38939674e-05
2.27873977e-05
2.16722903e-05
2.05512334e-05
1.94267531e-05
1.83022219e-05
1.71814401e-05
1.60687176e-05
1.49689386e-05
1.38878804e-05
1.28316402e-05
1.18072524e-05
1.08225183e-05
9.88553984e-06
9.00500395e-06
8.18918422e-06
7.44606304e-06
6.78183653e-06
6.20023993e-06
5.70124677e-06
5.28033416e-06
4.92891640e-06
4.63570466e-06
4.38924863e-06
4.17982889e-06
