6.18793541e-33
1.21318099e-32
4.01093574e-32
1.76624041e-31
6.72545222e-31
2.01837476e-30
4.94136190e-30
1.03331464e-29
1.91564278e-29
3.23664800e-29
5.08509004e-29
7.54227357e-29
1.06813891e-28
1.45674511e-28
1.92600929e-28
2.48106893e-28
3.12722898e-28
3.86887369e-28
4.71084404e-28
5.65778344e-28
6.71308798e-28
7.88298769e-28
9.17154189e-28
1.05826810e-27
1.21211046e-27
1.37925293e-27
1.56038796e-27
1.75567432e-27
1.96611017e-27
2.19179958e-27
2.43393943e-27
2.69288770e-27
2.96899744e-27
3.26342050e-27
3.57685801e-27
3.91006118e-27
4.26383480e-27
4.63903985e-27
5.03659539e-27
5.45747964e-27
5.90273054e-27
6.37344571e-27
6.87078210e-27
7.39505864e-27
7.94823161e-27
8.53171865e-27
9.14692978e-27
9.79533641e-27
1.04776249e-26
1.11956052e-26
1.19515551e-26
1.27472439e-26
1.35845183e-26
1.44640548e-26
1.53890155e-26
1.63617668e-26
1.73845859e-26
1.84598777e-26
1.95898952e-26
2.07771643e-26
2.20252811e-26
2.33373576e-26
2.47167284e-26
2.61669755e-26
2.76919533e-26
2.92958144e-26
3.09830335e-26
3.27584298e-26
3.46271282e-26
3.65945837e-26
3.86672179e-26
4.08514902e-26
4.31548775e-26
4.55848036e-26
4.81508720e-26
5.08618942e-26
5.37287060e-26
5.67635006e-26
5.99797270e-26
6.33918956e-26
6.70165332e-26
7.08738889e-26
7.49856540e-26
7.93771236e-26
8.40780395e-26
8.91221806e-26
9.45512453e-26
1.00412275e-25
1.06763013e-25
1.13672369e-25
1.21226295e-25
1.29526573e-25
1.38699033e-25
1.48898528e-25
1.60318425e-25
1.73198412e-25
1.87840071e-25
2.04630076e-25
2.24071616e-25
2.46836117e-25
