3.93423403e-17
3.66549613e-17
3.40626727e-17
3.15527655e-17
2.91275567e-17
2.67938482e-17
2.45492754e-17
2.24090123e-17
2.03735934e-17
1.84525295e-17
1.66520584e-17
1.49766749e-17
1.34306881e-17
1.20141477e-17
1.07237406e-17
9.55694893e-18
8.50636048e-18
7.56414881e-18
6.72270439e-18
5.97187921e-18
5.30405563e-18
4.71003230e-18
4.18225798e-18
3.71365934e-18
3.29704988e-18
2.92784209e-18
2.59955468e-18
2.30816591e-18
2.04940027e-18
1.81958554e-18
1.61567271e-18
1.43449014e-18
1.27375754e-18
1.13095411e-18
1.00416540e-18
8.91599995e-19
7.91425980e-19
7.02887407e-19
6.24068414e-19
5.54130215e-19
4.92014838e-19
4.36851088e-19
3.87888207e-19
3.44377570e-19
3.05783304e-19
2.71493197e-19
2.41058672e-19
2.14037644e-19
1.89963556e-19
1.68738000e-19
1.49811928e-19
1.33019169e-19
1.18103415e-19
1.04861296e-19
9.31086645e-20
8.26621556e-20
7.34049021e-20
6.51741080e-20
5.78685102e-20
5.13808252e-20
4.56189478e-20
4.05064724e-20
3.59638993e-20
3.19340520e-20
2.83537455e-20
2.51749345e-20
2.23527135e-20
1.98412767e-20
1.76212215e-20
1.56449859e-20
1.38913487e-20
1.23338208e-20
1.09504838e-20
9.72253729e-21
8.63116880e-21
7.66283184e-21
6.80227120e-21
6.03806323e-21
5.35923017e-21
4.75506474e-21
4.21961756e-21
3.74264709e-21
3.31846105e-21
2.94103071e-21
2.60487128e-21
2.30552645e-21
2.03863329e-21
1.80046722e-21
1.58779944e-21
1.39777323e-21
1.22784347e-21
1.07581909e-21
9.39742101e-22
8.17887589e-22
7.08820404e-22
6.11173777e-22
5.23838362e-22
4.45852512e-22
3.76118082e-22
3.13475274e-22
