7.87258879e-05
7.70309512e-05
7.54540425e-05
7.39838264e-05
7.26101609e-05
7.13237326e-05
7.01157047e-05
6.89776138e-05
6.79015406e-05
6.68802376e-05
6.59065540e-05
6.49750100e-05
6.40797804e-05
6.32161227e-05
6.23800422e-05
6.15680194e-05
6.07765334e-05
6.00035625e-05
5.92461005e-05
5.85020728e-05
5.77703978e-05
5.70482701e-05
5.63346615e-05
5.56286704e-05
5.49291212e-05
5.42346198e-05
5.35436131e-05
5.28570509e-05
5.21719858e-05
5.14900154e-05
5.08084132e-05
5.01270301e-05
4.94470147e-05
4.87663008e-05
4.80845813e-05
4.74015255e-05
4.67167871e-05
4.60300124e-05
4.53408472e-05
4.46489440e-05
4.39539687e-05
4.32556056e-05
4.25540883e-05
4.18493672e-05
4.11405297e-05
4.04273415e-05
3.97096047e-05
3.89871588e-05
3.82613380e-05
3.75305561e-05
3.67947000e-05
3.60537315e-05
3.53079803e-05
3.45580055e-05
3.38028326e-05
3.30425392e-05
3.22772320e-05
3.15070435e-05
3.07326754e-05
2.99536688e-05
2.91701359e-05
2.83823084e-05
2.75904433e-05
2.67948250e-05
2.59957692e-05
2.51936294e-05
2.43888052e-05
2.35817532e-05
2.27730006e-05
2.19632392e-05
2.11529971e-05
2.03430628e-05
1.95342065e-05
1.87274778e-05
1.79236846e-05
1.71241913e-05
1.63301907e-05
1.55429880e-05
1.47640952e-05
1.39953248e-05
1.32386569e-05
1.24958466e-05
1.17692788e-05
1.10613661e-05
1.03747252e-05
9.71223595e-06
9.07669782e-06
8.47139971e-06
7.89936021e-06
7.36362790e-06
6.86689488e-06
6.41132759e-06
5.99844025e-06
5.62843598e-06
5.30011924e-06
5.01081800e-06
4.75656309e-06
4.53267166e-06
4.33452066e-06
4.15806548e-06
