3.96596675e-17
3.72488838e-17
3.48878873e-17
3.25690815e-17
3.02922930e-17
2.80606275e-17
2.58887151e-17
2.37807696e-17
2.17486159e-17
1.98027864e-17
1.79545905e-17
1.62133069e-17
1.45897296e-17
1.30871300e-17
1.17061942e-17
1.04498363e-17
9.31202885e-18
8.28712654e-18
7.36957768e-18
6.54845966e-18
5.81764702e-18
5.16663769e-18
4.58795848e-18
4.07411439e-18
3.61666071e-18
3.21214240e-18
2.85192129e-18
2.53234702e-18
2.24847296e-18
1.99629766e-18
1.77264805e-18
1.57377474e-18
1.39752141e-18
1.24082890e-18
1.10174479e-18
9.78266951e-19
8.68215646e-19
7.71224447e-19
6.84712350e-19
6.08001020e-19
5.39845741e-19
4.79318605e-19
4.25613373e-19
3.77850512e-19
3.35529642e-19
2.97895166e-19
2.64505392e-19
2.34857625e-19
2.08515102e-19
1.85156284e-19
1.64382049e-19
1.45964346e-19
1.29595365e-19
1.15064425e-19
1.02170086e-19
9.06930504e-20
8.05498457e-20
7.15160946e-20
6.35022544e-20
5.63834383e-20
5.00597534e-20
4.44511566e-20
3.94638970e-20
3.50440494e-20
3.11146016e-20
2.76268314e-20
2.45302927e-20
2.17701397e-20
1.93380658e-20
1.71683922e-20
1.52444495e-20
1.35349793e-20
1.20166850e-20
1.06693394e-20
9.47086080e-21
8.40851140e-21
7.46352846e-21
6.62449825e-21
5.87910693e-21
5.21488261e-21
4.62732298e-21
4.10308618e-21
3.63679166e-21
3.22177558e-21
2.85176733e-21
2.52222017e-21
2.22824395e-21
1.96566046e-21
1.73098340e-21
1.52101840e-21
1.33311395e-21
1.16512939e-21
1.01444384e-21
8.79406562e-22
7.58398697e-22
6.50025545e-22
5.53103793e-22
4.66471391e-22
3.89168433e-22
3.19781046e-22
