2.51365909e-25
2.30110513e-25
2.09844486e-25
1.90449396e-25
1.71937021e-25
1.54356686e-25
1.37691130e-25
1.22054331e-25
1.07450659e-25
9.39475971e-26
8.15841713e-26
7.03812803e-26
6.03506656e-26
5.14672655e-26
4.36770017e-26
3.69231332e-26
3.11143224e-26
2.61549526e-26
2.19506158e-26
1.83973613e-26
1.54090637e-26
1.28988802e-26
1.07946160e-26
9.03288155e-27
7.55638163e-27
6.32366996e-27
5.29063388e-27
4.42660672e-27
3.70354158e-27
3.09838568e-27
2.59239462e-27
2.16875696e-27
1.81464855e-27
1.51821866e-27
1.27023449e-27
1.06277169e-27
8.88709742e-28
7.43898589e-28
6.22336702e-28
5.20700076e-28
4.35647878e-28
3.64480168e-28
3.04960262e-28
2.55119692e-28
2.13459077e-28
1.78577842e-28
1.49404774e-28
1.24999469e-28
1.04495853e-28
8.74973340e-29
7.31984553e-29
6.12431711e-29
5.12362564e-29
4.28644820e-29
3.58631844e-29
2.99988694e-29
2.51040526e-29
2.10027300e-29
1.75725972e-29
1.47021368e-29
1.22997599e-29
1.02910477e-29
8.60926418e-30
7.20350209e-30
6.02672747e-30
5.04227583e-30
4.21869111e-30
3.52774864e-30
2.95281132e-30
2.47021866e-30
2.06671321e-30
1.72904365e-30
1.44647852e-30
1.21014606e-30
1.01222529e-30
8.46747005e-31
7.08170466e-31
5.92218957e-31
4.95180544e-31
4.13798586e-31
3.45904172e-31
2.88911373e-31
2.41170147e-31
2.01162658e-31
1.67610100e-31
1.39484968e-31
1.15888874e-31
9.60840350e-32
7.94585615e-32
6.55004097e-32
5.37807039e-32
4.39457574e-32
3.56988432e-32
2.87920137e-32
2.30216413e-32
1.82107988e-32
1.42156955e-32
1.09165176e-32
8.20290606e-33
5.97297938e-33
