1.71342009e-11
1.84003619e-11
1.98222281e-11
2.14291419e-11
2.32559142e-11
2.53410203e-11
2.77230103e-11
3.04371239e-11
3.35140539e-11
3.69791495e-11
4.08506946e-11
4.51448738e-11
4.98749866e-11
5.50512913e-11
6.06840513e-11
6.67791487e-11
7.33483671e-11
8.03966613e-11
8.79355755e-11
9.59756852e-11
1.04518282e-10
1.13588081e-10
1.23191955e-10
1.33336562e-10
1.44034378e-10
1.55304388e-10
1.67172401e-10
1.79629000e-10
1.92718286e-10
2.06427456e-10
2.20809920e-10
2.35867130e-10
2.51600946e-10
2.68058018e-10
2.85257745e-10
3.03221511e-10
3.21972699e-10
3.41536667e-10
3.61940693e-10
3.83213894e-10
4.05387115e-10
4.28492810e-10
4.52564914e-10
4.77596174e-10
5.03656706e-10
5.30788420e-10
5.59031044e-10
5.88425342e-10
6.18975348e-10
6.50734457e-10
6.83773958e-10
7.18140000e-10
7.53879864e-10
7.90989484e-10
8.29567895e-10
8.69676803e-10
9.11371158e-10
9.54708130e-10
9.99735739e-10
1.04650986e-09
1.09512446e-09
1.14564978e-09
1.19816006e-09
1.25273404e-09
1.30945520e-09
1.36841213e-09
1.42969860e-09
1.49341350e-09
1.55965866e-09
1.62853871e-09
1.70018204e-09
1.77470679e-09
1.85225318e-09
1.93294536e-09
2.01696356e-09
2.10444306e-09
2.19556402e-09
2.29052482e-09
2.38953419e-09
2.49280061e-09
2.60055571e-09
2.71309578e-09
2.83070388e-09
2.95370204e-09
3.08245903e-09
3.21736054e-09
3.35888993e-09
3.50752960e-09
3.66386365e-09
3.82853986e-09
4.00234887e-09
4.18611764e-09
4.38080343e-09
4.58747791e-09
4.80736655e-09
5.04179984e-09
5.29224223e-09
5.56033416e-09
5.84789432e-09
6.15698252e-09
