1.24117475e-12
1.50674785e-12
1.89589146e-12
2.51361753e-12
3.57071459e-12
5.43108124e-12
8.61649862e-12
1.37649425e-11
2.15634120e-11
3.26886697e-11
4.77811944e-11
6.74235280e-11
9.21305174e-11
1.22387283e-10
1.58590465e-10
2.01193555e-10
2.50611918e-10
3.07111184e-10
3.71197443e-10
4.43215488e-10
5.23624240e-10
6.12735412e-10
7.11042149e-10
8.18902931e-10
9.37006516e-10
1.06575667e-09
1.20560513e-09
1.35706742e-09
1.52073670e-09
1.69729536e-09
1.88752402e-09
2.09230800e-09
2.31156008e-09
2.54648335e-09
2.79875687e-09
3.06730409e-09
3.35494565e-09
3.66145289e-09
3.98844410e-09
4.33658089e-09
4.70750052e-09
5.10142357e-09
5.52146940e-09
5.96589026e-09
6.43984772e-09
6.94113328e-09
7.47388518e-09
8.03960723e-09
8.63754892e-09
9.27340288e-09
9.94547447e-09
1.06577483e-08
1.14138511e-08
1.22112048e-08
1.30577994e-08
1.39528081e-08
1.48997924e-08
1.59037511e-08
1.69630002e-08
1.80870209e-08
1.92728739e-08
2.05303823e-08
2.18583303e-08
2.32659533e-08
2.47525308e-08
2.63283488e-08
2.79937741e-08
2.97576428e-08
3.16261015e-08
3.36027693e-08
3.56971111e-08
3.79165304e-08
4.02689736e-08
4.27633124e-08
4.54093939e-08
4.82180491e-08
5.12010492e-08
5.43709925e-08
5.77434140e-08
6.13325912e-08
6.51587777e-08
6.92402474e-08
7.36001813e-08
7.82632302e-08
8.32641794e-08
8.86324251e-08
9.44079294e-08
1.00642273e-07
1.07387735e-07
1.14711128e-07
1.22690752e-07
1.31421093e-07
1.41019483e-07
1.51623234e-07
1.63398211e-07
1.76547104e-07
1.91319763e-07
2.08022913e-07
2.27045459e-07
2.48886819e-07
