1.33610488e-16
1.64704572e-16
2.01021835e-16
2.43525675e-16
2.93258420e-16
3.51416505e-16
4.19443333e-16
4.99094967e-16
5.92409062e-16
7.01836876e-16
8.30310990e-16
9.81177598e-16
1.15862690e-15
1.36754247e-15
1.61338354e-15
1.90303767e-15
2.24424343e-15
2.64632917e-15
3.12049520e-15
3.67912843e-15
4.33802186e-15
5.11432816e-15
6.02978737e-15
7.10917750e-15
8.38167662e-15
9.88269074e-15
1.16510438e-14
1.37369361e-14
1.61951493e-14
1.90943322e-14
2.25128878e-14
2.65422018e-14
3.12947396e-14
3.68936319e-14
4.34989726e-14
5.12847064e-14
6.04660835e-14
7.12912708e-14
8.40488731e-14
9.90986460e-14
1.16830154e-13
1.37749484e-13
1.62405177e-13
1.91474319e-13
2.25749686e-13
2.66147512e-13
3.13800070e-13
3.69969047e-13
4.36210869e-13
5.14280826e-13
6.06326073e-13
7.14879311e-13
8.42823556e-13
9.93684496e-13
1.17157787e-12
1.38129948e-12
1.62851085e-12
1.92000428e-12
2.26380111e-12
2.66893481e-12
3.14644031e-12
3.70984480e-12
4.37396628e-12
5.15694059e-12
6.08006250e-12
7.16871566e-12
8.45142765e-12
9.96297639e-12
1.17478467e-11
1.38512732e-11
1.63310083e-11
1.92539657e-11
2.27011176e-11
2.67629443e-11
3.15550474e-11
3.72022818e-11
4.38619942e-11
5.17125761e-11
6.09665188e-11
7.18827580e-11
8.47465587e-11
9.99224752e-11
1.17805133e-10
1.38891183e-10
1.63749398e-10
1.93044538e-10
2.27577365e-10
2.68191315e-10
3.15924152e-10
3.71806835e-10
4.36962823e-10
5.12437386e-10
5.99262273e-10
6.98177090e-10
8.09848180e-10
9.34869272e-10
1.07365859e-09
1.22673469e-09
1.39487714e-09
1.57920390e-09
