1.47913739e-24
2.05721659e-24
3.01371650e-24
4.75463373e-24
8.04134334e-24
1.39692863e-23
2.38578632e-23
3.92201763e-23
6.18361789e-23
9.37821577e-23
1.37688418e-22
1.96844789e-22
2.75214059e-22
3.77978984e-22
5.11385912e-22
6.83559475e-22
9.03935174e-22
1.18536694e-21
1.54235029e-21
1.99445006e-21
2.56714555e-21
3.28561004e-21
4.19218148e-21
5.32715522e-21
6.74921440e-21
8.53092695e-21
1.07596848e-20
1.35362421e-20
1.69965912e-20
2.13085953e-20
2.66768760e-20
3.33546534e-20
4.16552420e-20
5.19662608e-20
6.47671993e-20
8.06511315e-20
1.00351553e-19
1.24775552e-19
1.55044793e-19
1.92546174e-19
2.38994391e-19
2.96509242e-19
3.67595173e-19
4.55457176e-19
5.64116028e-19
6.98471568e-19
8.64575133e-19
1.06989938e-18
1.32367103e-18
1.63728108e-18
2.02479037e-18
2.50276027e-18
3.09215918e-18
3.81979829e-18
4.71801231e-18
5.82667356e-18
7.19493979e-18
8.88340446e-18
1.09667410e-17
1.35369544e-17
1.67073776e-17
2.06128753e-17
2.54259168e-17
3.13601335e-17
3.86760605e-17
4.76946674e-17
5.88114145e-17
7.25136371e-17
8.94020874e-17
1.10217696e-16
1.35875106e-16
1.67503805e-16
2.06401775e-16
2.54318293e-16
3.13369920e-16
3.86179299e-16
4.76016083e-16
5.86306692e-16
7.22402825e-16
8.90106475e-16
1.09658116e-15
1.35090317e-15
1.66451652e-15
2.05083532e-15
2.52652638e-15
3.11255865e-15
3.83563573e-15
4.72592422e-15
5.82432335e-15
7.17803719e-15
8.84908114e-15
1.09112142e-14
1.34588093e-14
1.66093937e-14
2.05111980e-14
2.53532158e-14
3.13783603e-14
3.89012843e-14
4.83325194e-14
6.02149852e-14
