1.84380926e-24
4.77912911e-24
3.52815878e-23
3.32929081e-22
2.00280908e-21
7.97969826e-21
2.35844876e-20
5.63084734e-20
1.15136238e-19
2.09828146e-19
3.50578990e-19
5.47761228e-19
8.12056528e-19
1.15447666e-18
1.58683232e-18
2.12115779e-18
2.77094714e-18
3.55067590e-18
4.47661017e-18
5.56457760e-18
6.83311216e-18
8.30468429e-18
1.00042230e-17
1.19481755e-17
1.41739555e-17
1.67119830e-17
1.95821595e-17
2.28334733e-17
2.65055548e-17
3.06423361e-17
3.52926799e-17
4.05110700e-17
4.63583627e-17
5.29026040e-17
6.02199108e-17
6.83742491e-17
7.74429006e-17
8.75503564e-17
9.88118739e-17
1.11346852e-16
1.25191305e-16
1.40587673e-16
1.57708529e-16
1.76613273e-16
1.97546565e-16
2.20794337e-16
2.46437445e-16
2.74776694e-16
3.06213165e-16
3.40812336e-16
3.79039760e-16
4.21396170e-16
4.67908559e-16
5.19309344e-16
5.76192042e-16
6.38577309e-16
7.07491229e-16
7.83656821e-16
8.67246896e-16
9.59413583e-16
1.06115212e-15
1.17318181e-15
1.29623558e-15
1.43192937e-15
1.58149886e-15
1.74629708e-15
1.92749003e-15
2.12688299e-15
2.34653341e-15
2.58847486e-15
2.85496952e-15
3.14854307e-15
3.47202526e-15
3.82859600e-15
4.22133719e-15
4.65414103e-15
5.13193494e-15
5.65905057e-15
6.24099436e-15
6.88377176e-15
7.59458150e-15
8.38100488e-15
9.25197602e-15
1.02178683e-14
1.12903689e-14
1.24833107e-14
1.38127974e-14
1.52979989e-14
1.69617350e-14
1.88319420e-14
2.09428417e-14
2.33368488e-14
2.60679701e-14
2.92044322e-14
3.28348594e-14
3.70750786e-14
4.20768855e-14
4.80458111e-14
5.52658298e-14
6.41429691e-14
