6.84209128e-14
6.31245239e-14
5.89236314e-14
5.55207277e-14
5.27158914e-14
5.03694232e-14
4.83785018e-14
4.66671210e-14
4.51756146e-14
4.38587341e-14
4.26815164e-14
4.16170397e-14
4.06441768e-14
3.97467296e-14
3.89112843e-14
3.81281477e-14
3.73885615e-14
3.66861451e-14
3.60148068e-14
3.53709217e-14
3.47505740e-14
3.41496935e-14
3.35658591e-14
3.29979900e-14
3.24427378e-14
3.18976814e-14
3.13640392e-14
3.08388677e-14
3.03207288e-14
2.98087750e-14
2.93021582e-14
2.88000387e-14
2.83015928e-14
2.78060203e-14
2.73125501e-14
2.68230024e-14
2.63345245e-14
2.58463940e-14
2.53579569e-14
2.48704022e-14
2.43837404e-14
2.38952941e-14
2.34045714e-14
2.29158977e-14
2.24242191e-14
2.19291584e-14
2.14351239e-14
2.09375512e-14
2.04357814e-14
1.99348874e-14
1.94294000e-14
1.89198614e-14
1.84100755e-14
1.78953552e-14
1.73767780e-14
1.68571753e-14
1.63326520e-14
1.58039900e-14
1.52744492e-14
1.47403402e-14
1.42020039e-14
1.36621535e-14
1.31195132e-14
1.25734732e-14
1.20245540e-14
1.14737272e-14
1.09223502e-14
1.03694251e-14
9.81565595e-15
9.26179581e-15
8.70865170e-15
8.15709264e-15
7.60806235e-15
7.06259733e-15
6.52200173e-15
5.98859814e-15
5.46269387e-15
4.94637452e-15
4.44214335e-15
3.95173221e-15
3.47760214e-15
3.02254180e-15
2.58935318e-15
2.18098508e-15
1.80065019e-15
1.45157103e-15
1.13692502e-15
8.59661383e-16
6.22252892e-16
4.26323879e-16
2.72238173e-16
1.58597377e-16
8.17460761e-17
3.56513908e-17
1.22936652e-17
3.01009164e-18
4.36409367e-19
2.68387619e-20
3.75410105e-22
3.59656354e-24
