1.63352407e-20
3.18487872e-20
1.19943353e-19
7.59098214e-19
4.02813437e-18
1.54090187e-17
4.49763904e-17
1.07166139e-16
2.19389619e-16
4.00340831e-16
6.68839466e-16
1.04295062e-15
1.53944474e-15
2.17437266e-15
2.96175337e-15
3.91667195e-15
5.05333103e-15
6.38233395e-15
7.91983171e-15
9.67820611e-15
1.16726257e-14
1.39146513e-14
1.64204216e-14
1.92027478e-14
2.22831012e-14
2.56757634e-14
2.93963342e-14
3.34622186e-14
3.78930742e-14
4.27112032e-14
4.79418792e-14
5.36136038e-14
5.97280446e-14
6.63228514e-14
7.34497526e-14
8.10827974e-14
8.93067767e-14
9.81201437e-14
1.07574473e-13
1.17694203e-13
1.28532492e-13
1.40101502e-13
1.52499031e-13
1.65679724e-13
1.79803353e-13
1.94811171e-13
2.10834276e-13
2.27926017e-13
2.46071747e-13
2.65453002e-13
2.86027484e-13
3.07926758e-13
3.31273210e-13
3.55998120e-13
3.82361000e-13
4.10349111e-13
4.40087208e-13
4.71747222e-13
5.05291564e-13
5.41037489e-13
5.78909820e-13
6.19241996e-13
6.62016602e-13
7.07554515e-13
7.55857858e-13
8.07288687e-13
8.61889585e-13
9.19983530e-13
9.81810441e-13
1.04753086e-12
1.11750466e-12
1.19203014e-12
1.27143098e-12
1.35607039e-12
1.44635449e-12
1.54273451e-12
1.64570754e-12
1.75581514e-12
1.87372017e-12
2.00006457e-12
2.13572836e-12
2.28155616e-12
2.43860871e-12
2.60805142e-12
2.79148470e-12
2.99039591e-12
3.20676517e-12
3.44314759e-12
3.70230697e-12
3.98779861e-12
4.30394075e-12
4.65611460e-12
5.05120013e-12
5.49769385e-12
6.00638748e-12
6.59120884e-12
7.27042467e-12
8.06824623e-12
9.01790377e-12
1.01662346e-11
