1.03870254e-11
9.26718556e-12
8.20814181e-12
7.20755994e-12
6.27067544e-12
5.40027562e-12
4.60403309e-12
3.88579930e-12
3.24920393e-12
2.69541578e-12
2.22152305e-12
1.82194513e-12
1.48954764e-12
1.21512851e-12
9.90121644e-13
8.06287936e-13
6.56375908e-13
5.34342022e-13
4.34928028e-13
3.54042581e-13
2.88168686e-13
2.34559102e-13
1.90931531e-13
1.55329641e-13
1.26514611e-13
1.02975445e-13
8.38238856e-14
6.82294322e-14
5.55380804e-14
4.52086874e-14
3.67808196e-14
2.99526361e-14
2.43784614e-14
1.98441714e-14
1.61526780e-14
1.31480597e-14
1.07024985e-14
8.70812789e-15
7.09081966e-15
5.77152914e-15
4.69822765e-15
3.82428630e-15
3.11281998e-15
2.53379778e-15
2.06188989e-15
1.67883016e-15
1.36650674e-15
1.11235703e-15
9.05412635e-16
7.36954355e-16
5.99883932e-16
4.88216767e-16
3.97470522e-16
3.23513772e-16
2.63332943e-16
2.14342824e-16
1.74467650e-16
1.42022433e-16
1.15595595e-16
9.40987322e-17
7.65896697e-17
6.23434359e-17
5.07471729e-17
4.13064882e-17
3.36239060e-17
2.73663210e-17
2.22767394e-17
1.81322657e-17
1.47599371e-17
1.20146167e-17
9.77921733e-18
7.96030124e-18
6.47898989e-18
5.27418809e-18
4.29304099e-18
3.49449101e-18
2.84440660e-18
2.31511096e-18
1.88452180e-18
1.53384375e-18
1.24853545e-18
1.01612547e-18
8.26900115e-19
6.72820418e-19
5.47093834e-19
4.45066539e-19
3.61694368e-19
2.93703565e-19
2.38207456e-19
1.92866184e-19
1.55799152e-19
1.25454215e-19
1.00581323e-19
8.01802444e-20
6.34457379e-20
4.97230922e-20
3.84869335e-20
2.93159866e-20
2.18621318e-20
1.58254660e-20
