1.28027080e-16
1.53105912e-16
1.82535923e-16
2.17147405e-16
2.57819103e-16
3.05621343e-16
3.61876232e-16
4.27980126e-16
5.05751394e-16
5.97202532e-16
7.04896216e-16
8.31839027e-16
9.81209904e-16
1.15723512e-15
1.36494314e-15
1.60924477e-15
1.89767332e-15
2.23733736e-15
2.63791907e-15
3.11044833e-15
3.66691114e-15
4.32410169e-15
5.09724310e-15
6.01016039e-15
7.08577758e-15
8.35411047e-15
9.85055495e-15
1.16124551e-14
1.36933197e-14
1.61420698e-14
1.90330715e-14
2.24397992e-14
2.64558770e-14
3.11949943e-14
3.67740950e-14
4.33634445e-14
5.11196487e-14
6.02742733e-14
7.10633758e-14
8.37800417e-14
9.87900013e-14
1.16457915e-13
1.37325618e-13
1.61888450e-13
1.90874984e-13
2.25044420e-13
2.65314308e-13
3.12857024e-13
3.68805553e-13
4.34881820e-13
5.12671997e-13
6.04460700e-13
7.12688068e-13
8.40213323e-13
9.90785990e-13
1.16793968e-12
1.37716276e-12
1.62353733e-12
1.91421046e-12
2.25699122e-12
2.66079425e-12
3.13764778e-12
3.69861226e-12
4.36116251e-12
5.14151825e-12
6.06196186e-12
7.14754363e-12
8.42615699e-12
9.93639752e-12
1.17129686e-11
1.38111199e-11
1.62826173e-11
1.91971282e-11
2.26352214e-11
2.66841996e-11
3.14666301e-11
3.70932428e-11
4.37366463e-11
5.15633683e-11
6.07921069e-11
7.16816036e-11
8.45038406e-11
9.96474456e-11
1.17467310e-10
1.38503029e-10
1.63290904e-10
1.92510053e-10
2.26980941e-10
2.67526023e-10
3.15326619e-10
3.71452224e-10
4.37345275e-10
5.14532420e-10
6.04613861e-10
7.09397239e-10
8.30952511e-10
9.71524543e-10
1.13360863e-09
1.32029656e-09
1.53492273e-09
