1.66613766e-09
1.57563182e-09
1.50344972e-09
1.44493571e-09
1.39683721e-09
1.35676046e-09
1.32288581e-09
1.29379387e-09
1.26838987e-09
1.24583805e-09
1.22552871e-09
1.20698336e-09
1.18983061e-09
1.17381434e-09
1.15870161e-09
1.14433973e-09
1.13059040e-09
1.11733200e-09
1.10450133e-09
1.09202401e-09
1.07982293e-09
1.06784732e-09
1.05606799e-09
1.04446605e-09
1.03295579e-09
1.02155622e-09
1.01021631e-09
9.98938505e-10
9.87646421e-10
9.76429316e-10
9.65177179e-10
9.53882769e-10
9.42575959e-10
9.31240619e-10
9.19835345e-10
9.08352485e-10
8.96784307e-10
8.85123011e-10
8.73361910e-10
8.61521818e-10
8.49561460e-10
8.37473078e-10
8.25248872e-10
8.12881000e-10
8.00361572e-10
7.87682651e-10
7.74836243e-10
7.61814300e-10
7.48608709e-10
7.35211293e-10
7.21613803e-10
7.07807921e-10
6.93785252e-10
6.79537330e-10
6.65055612e-10
6.50331488e-10
6.35356281e-10
6.20121261e-10
6.04617653e-10
5.88836660e-10
5.72769481e-10
5.56409788e-10
5.39788661e-10
5.22862243e-10
5.05622764e-10
4.88062744e-10
4.70175116e-10
4.51953405e-10
4.33443146e-10
4.14641651e-10
3.95502610e-10
3.76030357e-10
3.56351849e-10
3.36349892e-10
3.16128738e-10
2.95676019e-10
2.75075414e-10
2.54316907e-10
2.33509427e-10
2.12720507e-10
1.92016336e-10
1.71503066e-10
1.51322787e-10
1.31603188e-10
1.12510501e-10
9.42359606e-11
7.69934868e-11
6.10159529e-11
4.65502120e-11
3.38436419e-11
2.31228226e-11
1.45556609e-11
8.20671706e-12
3.97465743e-12
1.55346926e-12
4.45321979e-13
8.09741211e-14
7.87949461e-15
6.10172050e-16
1.77402881e-16
