2.05710579e-24
9.19371471e-24
1.76394413e-22
2.35089559e-21
1.60859685e-20
6.88171240e-20
2.13538100e-19
5.28713532e-19
1.11126077e-18
2.06717539e-18
3.50469706e-18
5.52899177e-18
8.23874637e-18
1.17289928e-17
1.60837082e-17
2.13928116e-17
2.77414485e-17
3.51946365e-17
4.38485023e-17
5.37781525e-17
6.50745177e-17
7.78082190e-17
9.20759651e-17
1.07955703e-16
1.25575031e-16
1.45020771e-16
1.66387428e-16
1.89780070e-16
2.15316987e-16
2.43132051e-16
2.73376706e-16
3.06221558e-16
3.41682012e-16
3.79982227e-16
4.21429087e-16
4.65878020e-16
5.13829374e-16
5.65281241e-16
6.20541943e-16
6.79761951e-16
7.43260363e-16
8.11116721e-16
8.83913613e-16
9.61393796e-16
1.04450624e-15
1.13291559e-15
1.22740476e-15
1.32830029e-15
1.43552764e-15
1.55017261e-15
1.67199893e-15
1.80179999e-15
1.94031751e-15
2.08716019e-15
2.24388708e-15
2.41044218e-15
2.58758832e-15
2.77637249e-15
2.97659441e-15
3.19017393e-15
3.41669018e-15
3.65816810e-15
3.91453705e-15
4.18775682e-15
4.47788012e-15
4.78712545e-15
5.11579736e-15
5.46589299e-15
5.83891803e-15
6.23590654e-15
6.65910525e-15
7.11040069e-15
7.59184545e-15
8.10574615e-15
8.65468676e-15
9.24154584e-15
9.86950488e-15
1.05420445e-14
1.12634207e-14
1.20378023e-14
1.28708673e-14
1.37681391e-14
1.47365457e-14
1.57837561e-14
1.69202513e-14
1.81559710e-14
1.95041104e-14
2.09817167e-14
2.26074987e-14
2.44055980e-14
2.64056055e-14
2.86447206e-14
3.11709149e-14
3.40442630e-14
3.73421380e-14
4.11659703e-14
4.56512097e-14
5.09813853e-14
5.74145743e-14
6.53252675e-14
