1.45020022e-24
1.89618285e-24
2.46678847e-24
3.19742692e-24
4.13255995e-24
5.32841598e-24
6.85802869e-24
8.81490349e-24
1.13175651e-23
1.45202520e-23
1.86212348e-23
2.38530027e-23
3.05579812e-23
3.91477526e-23
5.01152088e-23
6.41891536e-23
8.21629779e-23
1.05196608e-22
1.34694799e-22
1.72406459e-22
2.20814978e-22
2.82563761e-22
3.61826180e-22
4.63131486e-22
5.92911682e-22
7.59190616e-22
9.71678603e-22
1.24444834e-21
1.59248174e-21
2.03916302e-21
2.61025134e-21
3.34158581e-21
4.27881309e-21
5.47611847e-21
7.01324857e-21
8.97513797e-21
1.14924538e-20
1.47115237e-20
1.88323637e-20
2.41152737e-20
3.08626252e-20
3.95257378e-20
5.05844196e-20
6.47684766e-20
8.29126081e-20
1.06133533e-19
1.35915458e-19
1.73941222e-19
2.22760356e-19
2.85090494e-19
3.65012794e-19
4.67294906e-19
5.98160558e-19
7.66050348e-19
9.80324475e-19
1.25540804e-18
1.60672109e-18
2.05711237e-18
2.63371070e-18
3.37117136e-18
4.31748518e-18
5.52486896e-18
7.07504761e-18
9.05543061e-18
1.15936066e-17
1.48438045e-17
1.89991619e-17
2.43332438e-17
3.11374799e-17
3.98737544e-17
5.10376998e-17
6.53401993e-17
8.36599738e-17
1.07075829e-16
1.37137585e-16
1.75491634e-16
2.24720403e-16
2.87641544e-16
3.68229681e-16
4.71495054e-16
6.03457464e-16
7.72875270e-16
9.89057868e-16
1.26645077e-15
1.62111204e-15
2.07522735e-15
2.65726539e-15
3.40044114e-15
4.35357969e-15
5.56821147e-15
7.12054074e-15
9.09895483e-15
1.16070513e-14
1.47846468e-14
1.87936445e-14
2.38329515e-14
3.01428452e-14
3.80253362e-14
4.78455483e-14
6.00680564e-14
