1.65409127e-09
1.52888356e-09
1.40440599e-09
1.28055823e-09
1.15778064e-09
1.03803103e-09
9.21840416e-10
8.11302915e-10
7.07568690e-10
6.12856515e-10
5.27110172e-10
4.50805944e-10
3.84636291e-10
3.27145007e-10
2.77909050e-10
2.35865611e-10
2.00104173e-10
1.69757045e-10
1.43940452e-10
1.22137085e-10
1.03583620e-10
8.78654369e-11
7.45260358e-11
6.32110931e-11
5.36218897e-11
4.54704635e-11
3.85789281e-11
3.27190134e-11
2.77543152e-11
2.35412598e-11
1.99665194e-11
1.69368722e-11
1.43625493e-11
1.21843769e-11
1.03337243e-11
8.76566991e-12
7.43509338e-12
6.30591406e-12
5.34913648e-12
4.53626899e-12
3.84840701e-12
3.26398855e-12
2.76865735e-12
2.34837678e-12
1.99169836e-12
1.68955526e-12
1.43285178e-12
1.21556591e-12
1.03095588e-12
8.74470712e-13
7.41730144e-13
6.29073423e-13
5.33647989e-13
4.52562083e-13
3.83915581e-13
3.25607242e-13
2.76184498e-13
2.34269557e-13
1.98688177e-13
1.68549210e-13
1.42938458e-13
1.21256031e-13
1.02843172e-13
8.72332903e-14
7.39944012e-14
6.27177021e-14
5.32336922e-14
4.51456513e-14
3.82979404e-14
3.24832496e-14
2.75523560e-14
2.33707923e-14
1.98108777e-14
1.68138538e-14
1.42596326e-14
1.20964766e-14
1.02596219e-14
8.70172531e-15
7.38088080e-15
6.25700531e-15
5.30930761e-15
4.50192503e-15
3.81757451e-15
3.23622319e-15
2.74246033e-15
2.32340523e-15
1.96665662e-15
1.66347641e-15
1.40510830e-15
1.18461792e-15
9.96402243e-16
8.35442713e-16
6.97449707e-16
5.78898315e-16
4.77220707e-16
3.89713729e-16
3.14523162e-16
2.50016243e-16
1.94863558e-16
1.47772777e-16
