1.59567621e+02
1.65067063e+02
1.70478329e+02
1.75785540e+02
1.80976096e+02
1.86041441e+02
1.90982734e+02
1.95806125e+02
2.00529818e+02
2.05174939e+02
2.09765319e+02
2.14324921e+02
2.18878256e+02
2.23447227e+02
2.28056223e+02
2.32722771e+02
2.37469695e+02
2.42314246e+02
2.47279678e+02
2.52377876e+02
2.57627859e+02
2.63056092e+02
2.68679908e+02
2.74506483e+02
2.80569542e+02
2.86899356e+02
2.93485816e+02
3.00370297e+02
3.07581026e+02
3.15141562e+02
3.23078180e+02
3.31420050e+02
3.40199422e+02
3.49451811e+02
3.59216175e+02
3.69479936e+02
3.80328942e+02
3.91813048e+02
4.03985865e+02
4.16856698e+02
4.30463289e+02
4.44926839e+02
4.60318957e+02
4.76553731e+02
4.93853808e+02
5.12306911e+02
5.31814693e+02
5.52628149e+02
5.74869115e+02
5.98396085e+02
6.23556789e+02
6.50442742e+02
6.78960008e+02
7.09490026e+02
7.42115922e+02
7.76796137e+02
8.13944736e+02
8.53692940e+02
8.95970559e+02
9.41265900e+02
9.89787506e+02
1.04152544e+03
1.09684706e+03
1.15610287e+03
1.21955704e+03
1.28743777e+03
1.35993025e+03
1.43755746e+03
1.52066773e+03
1.60963510e+03
1.70486260e+03
1.80678572e+03
1.91587596e+03
2.03264389e+03
2.15760517e+03
2.29107827e+03
2.43394931e+03
2.58675836e+03
2.74997055e+03
2.92437342e+03
3.11062428e+03
3.30933725e+03
3.52119973e+03
3.74691987e+03
3.98712306e+03
4.24242097e+03
4.51335608e+03
4.80037379e+03
5.10377622e+03
5.42371181e+03
5.76009932e+03
6.11255449e+03
6.48048486e+03
6.86289980e+03
7.25866783e+03
7.66653474e+03
8.08519753e+03
8.51344479e+03
8.95004052e+03
9.39371599e+03
