1.29375340e-16
1.59630530e-16
2.01208755e-16
2.61064563e-16
3.50996202e-16
4.88239486e-16
6.94340148e-16
9.93065995e-16
1.40903079e-15
1.96846852e-15
2.69760740e-15
3.62666911e-15
4.78856340e-15
6.21899015e-15
7.96095947e-15
1.00605424e-14
1.25720137e-14
1.55616736e-14
1.90925977e-14
2.32481622e-14
2.81250430e-14
3.38308222e-14
4.04882000e-14
4.82069047e-14
5.71874287e-14
6.75914933e-14
7.96179793e-14
9.35118085e-14
1.09573454e-13
1.28004565e-13
1.49272448e-13
1.73781679e-13
2.01829635e-13
2.34038102e-13
2.71023579e-13
3.13458465e-13
3.62107901e-13
4.17842550e-13
4.81479342e-13
5.54260770e-13
6.37495497e-13
7.32640290e-13
8.41352549e-13
9.65517765e-13
1.10728072e-12
1.26908090e-12
1.45369279e-12
1.66427154e-12
1.90440498e-12
2.17817267e-12
2.49021305e-12
2.84579990e-12
3.25092937e-12
3.71241915e-12
4.23802166e-12
4.83655339e-12
5.51804289e-12
6.29390045e-12
7.17711317e-12
8.18246951e-12
9.32648703e-12
1.06257599e-11
1.21038052e-11
1.37852628e-11
1.56982719e-11
1.78750132e-11
2.03523468e-11
2.31725683e-11
2.63680909e-11
3.00042073e-11
3.41450581e-11
3.88538187e-11
4.41950724e-11
5.02851875e-11
5.71913744e-11
6.50626381e-11
7.39906423e-11
8.41604471e-11
9.57295166e-11
1.08868234e-10
1.23820622e-10
1.40838434e-10
1.60182346e-10
1.82212501e-10
2.07289988e-10
2.35854885e-10
2.68403286e-10
3.05509045e-10
3.47843340e-10
3.96184941e-10
4.51444347e-10
5.14708742e-10
5.87253051e-10
6.70633874e-10
7.66712440e-10
8.77762278e-10
1.00656788e-09
1.15655899e-09
1.33197165e-09
1.53815532e-09
