1.61912772e-09
1.46504217e-09
1.31801488e-09
1.17777984e-09
1.04507616e-09
9.20282902e-10
8.04486748e-10
6.98263563e-10
6.02217328e-10
5.16678438e-10
4.41458015e-10
3.76040955e-10
3.19731042e-10
2.71504457e-10
2.30407798e-10
1.95470177e-10
1.65802056e-10
1.40642371e-10
1.19286051e-10
1.01180317e-10
8.58160731e-11
7.27874886e-11
6.17392086e-11
5.23465498e-11
4.44188534e-11
3.76736219e-11
3.19553784e-11
2.71037621e-11
2.29893346e-11
1.94997530e-11
1.65335282e-11
1.40279540e-11
1.18974679e-11
1.00916183e-11
8.55957204e-12
7.26011309e-12
6.15798721e-12
5.22162151e-12
4.43007400e-12
3.75741985e-12
3.18715758e-12
2.70329010e-12
2.29283415e-12
1.94476993e-12
1.64921201e-12
1.39914134e-12
1.18670580e-12
1.00657160e-12
8.53738650e-13
7.24107081e-13
6.14197146e-13
5.20893939e-13
4.41870932e-13
3.74768262e-13
3.17873064e-13
2.69613114e-13
2.28680430e-13
1.93973095e-13
1.64514777e-13
1.39545704e-13
1.18355205e-13
1.00389322e-13
8.51502112e-14
7.22217847e-14
6.12588166e-14
5.19544829e-14
4.40691728e-14
3.73782536e-14
3.17047808e-14
2.68918853e-14
2.28083223e-14
1.93461441e-14
1.64081737e-14
1.39181325e-14
1.18050147e-14
1.00128521e-14
8.49263983e-15
7.20293820e-15
6.10966132e-15
5.18181401e-15
4.39515775e-15
3.72742287e-15
3.16093231e-15
2.68027889e-15
2.27163694e-15
1.92586792e-15
1.63148290e-15
1.38126859e-15
1.16839076e-15
9.87064598e-16
8.32473843e-16
7.00449363e-16
5.87512680e-16
4.90787053e-16
4.07868641e-16
3.36721747e-16
2.75673827e-16
2.23343673e-16
1.78545057e-16
1.40174779e-16
