1.20319082e-12
1.37602911e-12
1.57025816e-12
1.78896510e-12
2.03536055e-12
2.31268919e-12
2.62556256e-12
2.97830006e-12
3.37610697e-12
3.82509310e-12
4.33227591e-12
4.90529835e-12
5.55228962e-12
6.28441500e-12
7.11188080e-12
8.04767126e-12
9.10689806e-12
1.03037147e-11
1.16592892e-11
1.31914991e-11
1.49259925e-11
1.68883565e-11
1.91076639e-11
2.16211393e-11
2.44612868e-11
2.76786107e-11
3.13157573e-11
3.54325814e-11
4.00910345e-11
4.53592233e-11
5.13266830e-11
5.80687068e-11
6.57055582e-11
7.43397134e-11
8.41118385e-11
9.51716958e-11
1.07677868e-10
1.21844779e-10
1.37848556e-10
1.55975878e-10
1.76474068e-10
1.99672107e-10
2.25929805e-10
2.55615776e-10
2.89240618e-10
3.27234411e-10
3.70265520e-10
4.18932237e-10
4.74000507e-10
5.36335824e-10
6.06800550e-10
6.86613903e-10
7.76821797e-10
8.78972761e-10
9.94508180e-10
1.12521923e-09
1.27319734e-09
1.44046569e-09
1.62992301e-09
1.84409449e-09
2.08656879e-09
2.36083747e-09
2.67110831e-09
3.02243030e-09
3.41950947e-09
3.86931227e-09
4.37767009e-09
4.95322039e-09
5.60435812e-09
6.34091999e-09
7.17503300e-09
8.11761167e-09
9.18529135e-09
1.03921142e-08
1.17583650e-08
1.33042457e-08
1.50526644e-08
1.70327220e-08
1.92699950e-08
2.18043155e-08
2.46694585e-08
2.79127969e-08
3.15828617e-08
3.57330597e-08
4.04336541e-08
4.57442128e-08
5.17591269e-08
5.85576271e-08
6.62458610e-08
7.49341584e-08
8.47308156e-08
9.57743173e-08
1.08185749e-07
1.22095091e-07
1.37642255e-07
1.54969221e-07
1.74220747e-07
1.95553324e-07
2.19174113e-07
2.45288782e-07
