1.55065958e-24
2.12068670e-24
2.85230778e-24
3.79234650e-24
4.99568198e-24
6.53382126e-24
8.50062482e-24
1.10088567e-23
1.42133972e-23
1.83003169e-23
2.35217491e-23
3.02009008e-23
3.87313959e-23
4.96429822e-23
6.36190227e-23
8.14620207e-23
1.04331147e-22
1.33573426e-22
1.71020514e-22
2.18983190e-22
2.80303596e-22
3.58913263e-22
4.59370957e-22
5.88159270e-22
7.52938616e-22
9.63905778e-22
1.23415177e-21
1.57961852e-21
2.02247674e-21
2.58887125e-21
3.31470389e-21
4.24335127e-21
5.43190674e-21
6.95483207e-21
8.90174291e-21
1.13971536e-20
1.45903374e-20
1.86800389e-20
2.39131778e-20
3.06107491e-20
3.91957780e-20
5.01688688e-20
6.42407246e-20
8.22237415e-20
1.05265436e-19
1.34761111e-19
1.72510249e-19
2.20904272e-19
2.82735964e-19
3.62019162e-19
4.63368839e-19
5.93231532e-19
7.59509122e-19
9.72239637e-19
1.24494737e-18
1.59330494e-18
2.04005371e-18
2.61134960e-18
3.34323332e-18
4.28033236e-18
5.47884351e-18
7.01564796e-18
8.97885279e-18
1.14968030e-17
1.47169902e-17
1.88407412e-17
2.41214005e-17
3.08750152e-17
3.95376077e-17
5.06042703e-17
6.47942609e-17
8.29416133e-17
1.06176635e-16
1.35940290e-16
1.74003882e-16
2.22810280e-16
2.85181099e-16
3.65117339e-16
4.67375507e-16
5.98313154e-16
7.66094849e-16
9.80605332e-16
1.25553557e-15
1.60707856e-15
2.05748297e-15
2.63369934e-15
3.37076182e-15
4.31347287e-15
5.51363934e-15
7.04128458e-15
8.97060008e-15
1.13942722e-14
1.44127972e-14
1.81311260e-14
2.26648137e-14
2.81392075e-14
3.46911366e-14
4.24716297e-14
5.16727541e-14
6.25026424e-14
