1.04735645e-11
9.59284682e-12
8.87652625e-12
8.28295204e-12
7.78337410e-12
7.35738615e-12
6.98972041e-12
6.66894104e-12
6.38617079e-12
6.13449024e-12
5.90822185e-12
5.70300897e-12
5.51542799e-12
5.34255036e-12
5.18230838e-12
5.03261502e-12
4.89192137e-12
4.75935457e-12
4.63350832e-12
4.51362270e-12
4.39888384e-12
4.28894323e-12
4.18294506e-12
4.08078242e-12
3.98174445e-12
3.88559617e-12
3.79209479e-12
3.70099447e-12
3.61205062e-12
3.52502398e-12
3.43968412e-12
3.35581264e-12
3.27378322e-12
3.19290210e-12
3.11306144e-12
3.03471423e-12
2.95705177e-12
2.88063823e-12
2.80484999e-12
2.73011161e-12
2.65586514e-12
2.58263757e-12
2.50972215e-12
2.43779749e-12
2.36621586e-12
2.29525867e-12
2.22489395e-12
2.15478743e-12
2.08553895e-12
2.01654451e-12
1.94802250e-12
1.88008539e-12
1.81240028e-12
1.74539318e-12
1.67874884e-12
1.61252654e-12
1.54693478e-12
1.48165688e-12
1.41711147e-12
1.35297053e-12
1.28949163e-12
1.22657416e-12
1.16434342e-12
1.10277161e-12
1.04199181e-12
9.81930209e-13
9.22827227e-13
8.64580295e-13
8.07322705e-13
7.51171608e-13
6.96149429e-13
6.42362312e-13
5.89914521e-13
5.38911016e-13
4.89460371e-13
4.41677801e-13
3.95688006e-13
3.51627431e-13
3.09624869e-13
2.69830688e-13
2.32379220e-13
1.97429648e-13
1.65122183e-13
1.35603226e-13
1.08976213e-13
8.53721295e-14
6.48657537e-14
4.74794416e-14
3.32007398e-14
2.19298009e-14
1.34778432e-14
7.54899688e-15
3.74250982e-15
1.57504692e-15
5.28896200e-16
1.28818170e-16
1.96160930e-17
1.53371368e-18
8.33168603e-20
1.94306636e-20
