1.48290784e-20
1.96445823e-20
2.55520198e-20
3.27986433e-20
4.16683875e-20
5.25049354e-20
6.57361659e-20
8.18969954e-20
1.01637140e-19
1.25766292e-19
1.55291861e-19
1.91426589e-19
2.35718600e-19
2.90054317e-19
3.56683517e-19
4.38479704e-19
5.38884953e-19
6.62182983e-19
8.13697403e-19
9.99695589e-19
1.22828135e-18
1.50891494e-18
1.85377477e-18
2.27750046e-18
2.79802641e-18
3.43780303e-18
4.22316728e-18
5.18849930e-18
6.37401152e-18
7.83099206e-18
9.62114055e-18
1.18196597e-17
1.45217182e-17
1.78388718e-17
2.19170097e-17
2.69260253e-17
3.30809085e-17
4.06423521e-17
4.99280563e-17
6.13430947e-17
7.53579942e-17
9.25871418e-17
1.13745798e-16
1.39739305e-16
1.71677153e-16
2.10904212e-16
2.59118062e-16
3.18343595e-16
3.91116923e-16
4.80487826e-16
5.90289488e-16
7.25233102e-16
8.90965974e-16
1.09454940e-15
1.34476783e-15
1.65211262e-15
2.02964447e-15
2.49352711e-15
3.06362862e-15
3.76363451e-15
4.62309500e-15
5.68032624e-15
6.97873338e-15
8.57387049e-15
1.05334821e-14
1.29414962e-14
1.58979866e-14
1.95271281e-14
2.39958134e-14
2.94818096e-14
3.62207134e-14
4.44975515e-14
5.46691027e-14
6.71586396e-14
8.25132581e-14
1.01367606e-13
1.24535297e-13
1.52993065e-13
1.87949144e-13
2.30920153e-13
2.83686310e-13
3.48549668e-13
4.28189535e-13
5.26038990e-13
6.46235590e-13
7.93806303e-13
9.74959167e-13
1.19666873e-12
1.46751780e-12
1.79655089e-12
2.19366035e-12
2.66828183e-12
3.22984687e-12
3.88522019e-12
4.64061834e-12
5.50140629e-12
6.47155814e-12
7.55571457e-12
8.76058374e-12
1.00959413e-11
