1.68782972e-24
3.19603026e-24
1.01084333e-23
5.12809734e-23
2.35623041e-22
8.13916515e-22
2.19291205e-21
4.89965138e-21
9.53587100e-21
1.67656020e-20
2.72865681e-20
4.18846108e-20
6.14257622e-20
8.68613899e-20
1.19316705e-19
1.60024930e-19
2.10431126e-19
2.72287007e-19
3.47344341e-19
4.37851417e-19
5.46433882e-19
6.76055242e-19
8.30122990e-19
1.01183684e-18
1.22664932e-18
1.47924705e-18
1.77534317e-18
2.12194445e-18
2.52764461e-18
2.99871601e-18
3.54841439e-18
4.18870511e-18
4.92896316e-18
5.78736406e-18
6.78235689e-18
7.93428405e-18
9.26642047e-18
1.08053928e-17
1.25768019e-17
1.46186133e-17
1.69713651e-17
1.96805133e-17
2.27980273e-17
2.63833131e-17
3.05042666e-17
3.52384736e-17
4.06745799e-17
4.69138526e-17
5.40719622e-17
6.22810151e-17
7.16918749e-17
8.24768129e-17
9.48325386e-17
1.08983666e-16
1.25186682e-16
1.43734505e-16
1.64961705e-16
1.89250534e-16
2.17037859e-16
2.48823190e-16
2.85167418e-16
3.26640892e-16
3.74043175e-16
4.28220491e-16
4.90143237e-16
5.60925762e-16
6.41849789e-16
7.34392228e-16
8.39722739e-16
9.60114897e-16
1.09783588e-15
1.25515168e-15
1.43440600e-15
1.63972352e-15
1.87362387e-15
2.14145004e-15
2.44666760e-15
2.79601099e-15
3.19537879e-15
3.65122614e-15
4.17270786e-15
4.76944278e-15
5.45158456e-15
6.23307981e-15
7.12829022e-15
8.15487074e-15
9.33312418e-15
1.06870094e-14
1.22451824e-14
1.40418472e-14
1.61183309e-14
1.85257861e-14
2.13271155e-14
2.46028015e-14
2.84550858e-14
3.30169422e-14
3.84630526e-14
4.50262053e-14
5.30219881e-14
6.28928817e-14
