1.39405940e-16
1.98056238e-16
3.29370544e-16
7.14246014e-16
1.91858654e-15
5.21195990e-15
1.27243337e-14
2.73359262e-14
5.23806786e-14
9.13278544e-14
1.47589293e-13
2.24375530e-13
3.24614541e-13
4.51085105e-13
6.06164351e-13
7.92444397e-13
1.01234283e-12
1.26758733e-12
1.56097520e-12
1.89457606e-12
2.27098609e-12
2.69211605e-12
3.16073393e-12
3.67897727e-12
4.25058609e-12
4.87794929e-12
5.56369443e-12
6.31077329e-12
7.12253931e-12
8.00281429e-12
8.95594284e-12
9.98683368e-12
1.10955101e-11
1.22885179e-11
1.35749022e-11
1.49496749e-11
1.64277929e-11
1.80086398e-11
1.97011243e-11
2.15092617e-11
2.34421736e-11
2.55016424e-11
2.77046605e-11
3.00427475e-11
3.25437940e-11
3.51969214e-11
3.80248199e-11
4.10363597e-11
4.42284197e-11
4.76323444e-11
5.12400770e-11
5.50740434e-11
5.91549413e-11
6.34700281e-11
6.80638061e-11
7.29331850e-11
7.80989726e-11
8.35900340e-11
8.93988110e-11
9.55791036e-11
1.02116690e-10
1.09067809e-10
1.16428018e-10
1.24250964e-10
1.32535314e-10
1.41341303e-10
1.50674178e-10
1.60586921e-10
1.71117969e-10
1.82291945e-10
1.94167021e-10
2.06790423e-10
2.20213186e-10
2.34492462e-10
2.49691967e-10
2.65882227e-10
2.83140542e-10
3.01550576e-10
3.21214959e-10
3.42231261e-10
3.64734757e-10
3.88852482e-10
4.14744422e-10
4.42584293e-10
4.72612723e-10
5.05046069e-10
5.40174088e-10
5.78370347e-10
6.20029666e-10
6.65658096e-10
7.15861951e-10
7.71387256e-10
8.33176404e-10
9.02369428e-10
9.80385651e-10
1.06901684e-09
1.17055428e-09
1.28794237e-09
1.42509090e-09
1.58729921e-09
