1.63005368e-09
1.50679399e-09
1.40484795e-09
1.31919264e-09
1.24625767e-09
1.18344725e-09
1.12877170e-09
1.08071289e-09
1.03807085e-09
9.99896408e-10
9.65397631e-10
9.33961845e-10
9.05103810e-10
8.78403128e-10
8.53564036e-10
8.30281668e-10
8.08329853e-10
7.87584565e-10
7.67835722e-10
7.48972176e-10
7.30872655e-10
7.13488004e-10
6.96687813e-10
6.80459358e-10
6.64693370e-10
6.49355498e-10
6.34409752e-10
6.19819257e-10
6.05546981e-10
5.91556392e-10
5.77812060e-10
5.64280196e-10
5.51022510e-10
5.37928133e-10
5.24980513e-10
5.12254132e-10
4.99618500e-10
4.87166154e-10
4.74796189e-10
4.62578525e-10
4.50422513e-10
4.38414973e-10
4.26440475e-10
4.14610902e-10
4.02820155e-10
3.91114881e-10
3.79490178e-10
3.67891043e-10
3.56417033e-10
3.44968364e-10
3.33581416e-10
3.22275127e-10
3.10994246e-10
2.99809944e-10
2.88669793e-10
2.77583785e-10
2.66586985e-10
2.55626392e-10
2.44772414e-10
2.33970011e-10
2.23262633e-10
2.12633413e-10
2.02103594e-10
1.91668563e-10
1.81350966e-10
1.71138351e-10
1.61071707e-10
1.51133687e-10
1.41347123e-10
1.31732189e-10
1.22292886e-10
1.13047588e-10
1.04014424e-10
9.52117178e-11
8.66585018e-11
7.83750492e-11
7.03833885e-11
6.27077248e-11
5.53710870e-11
4.84004535e-11
4.18202135e-11
3.56593760e-11
2.99439276e-11
2.47013170e-11
1.99517857e-11
1.57209870e-11
1.20251583e-11
8.87177526e-12
6.26279437e-12
4.18512833e-12
2.61021578e-12
1.49037207e-12
7.58589231e-13
3.31749956e-13
1.18429808e-13
3.22592547e-14
6.33462752e-15
1.04312377e-15
2.88682011e-16
1.54300142e-16
