1.05194249e-11
9.50491171e-12
8.52311518e-12
7.57617563e-12
6.66733828e-12
5.80358071e-12
4.99775525e-12
4.25505316e-12
3.58409701e-12
2.99091196e-12
2.47592873e-12
2.03664232e-12
1.66848797e-12
1.36265213e-12
1.11106266e-12
9.05066648e-13
7.36858276e-13
5.99919957e-13
4.88282672e-13
3.97510979e-13
3.23546261e-13
2.63359975e-13
2.14377164e-13
1.74488067e-13
1.42053131e-13
1.15617896e-13
9.41227140e-14
7.66107670e-14
6.23607141e-14
5.07634710e-14
4.12911084e-14
3.36344449e-14
2.73735907e-14
2.22833800e-14
1.81376303e-14
1.47638995e-14
1.20182553e-14
9.77667653e-15
7.96279886e-15
6.48086283e-15
5.27592781e-15
4.29451323e-15
3.49562937e-15
2.84550939e-15
2.31505107e-15
1.88536742e-15
1.53454516e-15
1.24922512e-15
1.01682454e-15
8.27637145e-16
6.73716496e-16
5.48191669e-16
4.46395931e-16
3.63324215e-16
2.95754528e-16
2.40730663e-16
1.95942410e-16
1.59508868e-16
1.29807310e-16
1.05688824e-16
8.60201511e-17
7.00222308e-17
5.69971362e-17
4.63931848e-17
3.77666103e-17
3.07360025e-17
2.50220108e-17
2.03658053e-17
1.65785602e-17
1.34951322e-17
1.09842336e-17
8.94168112e-18
7.27717273e-18
5.92439793e-18
4.82212315e-18
3.92531997e-18
3.19514763e-18
2.60051043e-18
2.11690137e-18
1.72281326e-18
1.40242990e-18
1.14130281e-18
9.28724836e-19
7.55592434e-19
6.14149587e-19
4.99595570e-19
4.05838225e-19
3.29375421e-19
2.66937414e-19
2.15883684e-19
1.74129027e-19
1.39938631e-19
1.11896025e-19
8.88812607e-20
6.99963911e-20
5.45095462e-20
4.18397296e-20
3.15081103e-20
2.31380219e-20
1.63875624e-20
