1.30693403e-16
1.58650332e-16
1.91355718e-16
2.29689055e-16
2.74650355e-16
3.27304671e-16
3.89109108e-16
4.61611795e-16
5.46698454e-16
6.46642879e-16
7.64163825e-16
9.02413319e-16
1.06497926e-15
1.25659267e-15
1.48219065e-15
1.74797285e-15
2.06140217e-15
2.43039717e-15
2.86589715e-15
3.37882318e-15
3.98383118e-15
4.69704500e-15
5.53751913e-15
6.52944550e-15
7.69745294e-15
9.07618725e-15
1.07002687e-14
1.26157002e-14
1.48742451e-14
1.75358622e-14
2.06776123e-14
2.43762588e-14
2.87416302e-14
3.38843732e-14
3.99496880e-14
4.71031980e-14
5.55322903e-14
6.54815952e-14
7.71930277e-14
9.10155431e-14
1.07303491e-13
1.26512159e-13
1.49168095e-13
1.75857150e-13
2.07353132e-13
2.44446066e-13
2.88220107e-13
3.39809567e-13
4.00636722e-13
4.72381470e-13
5.56889185e-13
6.56612168e-13
7.74114628e-13
9.12739340e-13
1.07611022e-12
1.26869776e-12
1.49589118e-12
1.76350606e-12
2.07926844e-12
2.45144566e-12
2.89036774e-12
3.40769437e-12
4.01753534e-12
4.73712632e-12
5.58463681e-12
6.58499642e-12
7.76304258e-12
9.15283434e-12
1.07913112e-11
1.27227292e-11
1.50018933e-11
1.76855408e-11
2.08529725e-11
2.45836710e-11
2.89848701e-11
3.41741620e-11
4.02898193e-11
4.75064654e-11
5.60030807e-11
6.60326558e-11
7.78486971e-11
9.17867668e-11
1.08220981e-10
1.27585075e-10
1.50438368e-10
1.77340851e-10
2.09085419e-10
2.46451923e-10
2.90430073e-10
3.42100318e-10
4.02578680e-10
4.73194155e-10
5.55169600e-10
6.49759984e-10
7.58258030e-10
8.81949431e-10
1.02213341e-09
1.18020274e-09
1.35804452e-09
1.55757962e-09
