1.44821182e-20
2.06536280e-20
3.29926363e-20
6.32689061e-20
1.42675856e-19
3.31265697e-19
7.17137202e-19
1.40754283e-18
2.52012291e-18
4.18199574e-18
6.52415182e-18
9.69402957e-18
1.38531269e-17
1.91778753e-17
2.58776226e-17
3.41801502e-17
4.43524901e-17
5.67188392e-17
7.15985884e-17
8.94048420e-17
1.10618808e-16
1.35781069e-16
1.65511375e-16
2.00382837e-16
2.41392826e-16
2.89381554e-16
3.45375539e-16
4.10634932e-16
4.86705030e-16
5.74683775e-16
6.76959983e-16
7.95660295e-16
9.32416486e-16
1.09046962e-15
1.27308340e-15
1.48384264e-15
1.72684048e-15
2.00675011e-15
2.32802685e-15
2.69733325e-15
3.12174903e-15
3.60919158e-15
4.16869605e-15
4.81057167e-15
5.54657972e-15
6.39013626e-15
7.35654292e-15
8.46324968e-15
9.73015427e-15
1.11799432e-14
1.28384807e-14
1.47352519e-14
1.69038689e-14
1.93826490e-14
2.22152757e-14
2.54515557e-14
2.91482874e-14
3.33702585e-14
3.81913951e-14
4.36960886e-14
4.99789064e-14
5.71355740e-14
6.53008126e-14
7.46166621e-14
8.52457420e-14
9.73744922e-14
1.11217004e-13
1.27019563e-13
1.44974831e-13
1.65462276e-13
1.88858145e-13
2.15536384e-13
2.45882030e-13
2.80578700e-13
3.20035241e-13
3.65133154e-13
4.16432825e-13
4.75038883e-13
5.41908154e-13
6.18083115e-13
7.05047537e-13
8.04349386e-13
9.17610525e-13
1.04706318e-12
1.19498240e-12
1.36415517e-12
1.55776158e-12
1.77952519e-12
2.03386079e-12
2.32598039e-12
2.66210190e-12
3.04981556e-12
3.49828766e-12
4.01903661e-12
4.62636069e-12
5.33840907e-12
6.17837546e-12
7.17621201e-12
8.37103428e-12
9.81539556e-12
