2.54564141e+04
2.72139402e+04
2.89824555e+04
3.07487946e+04
3.25011994e+04
3.42321627e+04
3.59398747e+04
3.76291980e+04
3.93097631e+04
4.09940910e+04
4.26940322e+04
4.44233100e+04
4.61965754e+04
4.80252094e+04
4.99248762e+04
5.19074559e+04
5.39876565e+04
5.61827048e+04
5.85043156e+04
6.09691865e+04
6.35987283e+04
6.64130633e+04
6.94304559e+04
7.26687773e+04
7.61690814e+04
7.99460512e+04
8.40396620e+04
8.84757550e+04
9.33168925e+04
9.85589458e+04
1.04291552e+05
1.10567521e+05
1.17422167e+05
1.24920702e+05
1.33155923e+05
1.42209582e+05
1.52173075e+05
1.63148611e+05
1.75249271e+05
1.88568874e+05
2.03283565e+05
2.19553600e+05
2.37558449e+05
2.57499144e+05
2.79600914e+05
3.04116153e+05
3.31327749e+05
3.61552825e+05
3.95146945e+05
4.32508848e+05
4.74085773e+05
5.20379449e+05
5.71952859e+05
6.29437856e+05
6.93543780e+05
7.65067196e+05
8.44902935e+05
9.34056631e+05
1.03365899e+06
1.14498207e+06
1.26945791e+06
1.40867823e+06
1.56406649e+06
1.73793319e+06
1.93255748e+06
2.15051549e+06
2.39472356e+06
2.66848885e+06
2.97468041e+06
3.31726845e+06
3.70170215e+06
4.13330154e+06
4.61503559e+06
5.15645674e+06
5.76258680e+06
6.44262503e+06
7.20390118e+06
8.05852722e+06
9.01563117e+06
1.00875418e+07
1.12890215e+07
1.26353393e+07
1.41420414e+07
1.58288471e+07
1.77164132e+07
1.98272407e+07
2.21858600e+07
2.48189883e+07
2.77552285e+07
3.10248761e+07
3.46591064e+07
3.86901839e+07
4.31485882e+07
4.80643249e+07
5.34623175e+07
5.93641470e+07
6.57880328e+07
7.27467761e+07
8.02493159e+07
8.82980425e+07
