1.43890675e-20
1.86884528e-20
2.39521647e-20
3.04034453e-20
3.83039815e-20
4.79555282e-20
5.97668415e-20
7.42076097e-20
9.18649152e-20
1.13471145e-19
1.39937704e-19
1.72375319e-19
2.12116322e-19
2.60920853e-19
3.20787592e-19
3.94271770e-19
4.84566386e-19
5.95336585e-19
7.31567975e-19
8.98758141e-19
1.10423532e-18
1.35663105e-18
1.66656618e-18
2.04774980e-18
2.51547753e-18
3.09077651e-18
3.79689144e-18
4.66465483e-18
5.73090970e-18
7.04032666e-18
8.65093394e-18
1.06266178e-17
1.30563085e-17
1.60389918e-17
1.97047786e-17
2.42101915e-17
2.97420035e-17
3.65454797e-17
4.48904340e-17
5.51536405e-17
6.77564220e-17
8.32439720e-17
1.02278054e-16
1.25641479e-16
1.54368101e-16
1.89630667e-16
2.32991667e-16
2.86242240e-16
3.51662973e-16
4.32065736e-16
5.30752927e-16
6.52082280e-16
8.01116183e-16
9.84291404e-16
1.20922530e-15
1.48552103e-15
1.82517730e-15
2.24210066e-15
2.75454726e-15
3.38427064e-15
4.15789734e-15
5.10804112e-15
6.27522889e-15
7.71042757e-15
9.47177100e-15
1.16380342e-14
1.42962027e-14
1.75640344e-14
2.15787900e-14
2.65103638e-14
3.25742719e-14
4.00139514e-14
4.91636205e-14
6.03936944e-14
7.41994035e-14
9.11612925e-14
1.11990002e-13
1.37600459e-13
1.69020904e-13
2.07671301e-13
2.55121965e-13
3.13445171e-13
3.85099570e-13
4.73072418e-13
5.81258789e-13
7.13952119e-13
8.77046189e-13
1.07690882e-12
1.32157693e-12
1.62016931e-12
1.98245744e-12
2.41976736e-12
2.94286571e-12
3.56259130e-12
4.28984740e-12
5.13534260e-12
6.10981869e-12
7.22471863e-12
8.49558561e-12
9.93852962e-12
